lori 47159 47353 47980 48370 48491 48884
loose 47159 47524 48044 48311 48590 48800 49623
< 47159 47183 47216 47232 47266 47285 47287 47299 47306 47309 47315 47351 47382 47390 47393 47394 47398 47432 47440 47442 47448 47450 47468 47495 47503 47511 47513 47524 47527 47531 47541 47553 47555 47577 47589 47615 47619 47627 47641 47652 47660 47677 47679 47702 47733 47771 47777 47801 47824 47833 47842 47843 47864 47868 47874 47879 47919 47924 47929 47955 47962 47975 47986 48001 48007 48018 48042 48101 48106 48113 48144 48161 48172 48175 48198 48200 48206 48209 48210 48222 48260 48299 48308 48311 48321 48332 48349 48354 48393 48402 48406 48411 48425 48437 48452 48461 48480 48491 48509 48511 48518 48521 48578 48586 48649 48650 48659 48678 48696 48697 48699 48710 48719 48725 48748 48752 48764 48804 48824 48825 48826 48829 48865 48884 48903 48916 48925 48950 48954 48958 48970 48978 48987 49017 49026 49043 49046 49055 49061 49062 49080 49104 49105 49108 49109 49118 49131 49141 49147 49168 49191 49201 49227 49250 49275 49359 49362 49394 49429 49452 49454 49468 49479 49481 49523 49524 49526 49530 49576 49577 49585 49596 49616 49618 49628 49629 49657 49689 49691 49726 49753 49769 49775 49783 49813 49822 49842 49844 49851 49853 49860 49864 49875 49919
last 47159 47200 47208 47226 47234 47239 47243 47254 47266 47277 47278 47281 47284 47286 47287 47289 47294 47306 47309 47312 47315 47321 47324 47325 47346 47351 47353 47358 47359 47380 47393 47425 47440 47450 47452 47453 47454 47474 47495 47498 47503 47512 47524 47531 47532 47541 47553 47555 47575 47620 47621 47622 47623 47624 47629 47632 47641 47651 47654 47681 47702 47727 47731 47737 47754 47757 47771 47777 47801 47824 47825 47840 47842 47847 47861 47869 47872 47874 47882 47906 47927 47929 47946 47957 47962 47967 47980 47985 47986 48000 48007 48015 48017 48018 48021 48032 48090 48101 48107 48115 48148 48161 48171 48179 48196 48204 48206 48260 48266 48284 48286 48304 48305 48321 48326 48342 48349 48351 48370 48374 48384 48399 48402 48407 48416 48425 48451 48485 48491 48494 48511 48528 48539 48566 48571 48572 48586 48590 48605 48606 48622 48645 48647 48678 48682 48688 48696 48697 48703 48708 48712 48713 48722 48735 48748 48759 48772 48820 48826 48829 48841 48854 48858 48876 48884 48885 48905 48909 48913 48925 48954 48957 48987 48995 49002 49019 49032 49042 49058 49059 49070 49096 49104 49105 49109 49119 49131 49140 49147 49158 49181 49191 49201 49207 49208 49249 49250 49261 49264 49276 49281 49294 49304 49317 49320 49333 49334 49359 49375 49383 49386 49391 49394 49434 49441 49481 49489 49523 49524 49526 49530 49533 49541 49554 49578 49581 49587 49591 49593 49596 49658 49668 49744 49751 49753 49764 49769 49798 49813 49823 49839 49842 49846 49851 49894 49912 49915 49927
luis 47160 47681 47939 48127 48398 48423 48710 48876 49102 49345 49362
linkedin 47161 47474 47495 47900 49072
| 47161 47168 47190 47193 47221 47228 47237 47240 47242 47299 47312 47315 47321 47337 47358 47369 47390 47394 47437 47440 47450 47469 47491 47496 47503 47505 47550 47553 47555 47594 47605 47644 47702 47721 47725 47757 47762 47770 47777 47801 47806 47808 47825 47838 47839 47867 47882 47917 47939 47946 47948 47962 47983 47985 47986 48000 48001 48032 48035 48090 48110 48132 48134 48144 48152 48198 48216 48290 48297 48305 48326 48332 48345 48349 48354 48359 48361 48364 48405 48414 48416 48419 48422 48437 48459 48460 48468 48473 48477 48482 48487 48495 48509 48511 48543 48562 48564 48586 48592 48599 48606 48612 48634 48638 48639 48678 48682 48711 48712 48748 48757 48766 48778 48787 48791 48795 48804 48810 48821 48840 48913 48931 48957 49003 49007 49009 49031 49073 49089 49097 49129 49164 49166 49180 49195 49201 49235 49237 49250 49276 49282 49307 49320 49321 49356 49360 49381 49429 49439 49579 49606 49611 49623 49636 49647 49681 49685 49703 49708 49718 49725 49735 49753 49759 49762 49775 49822 49842 49881 49915 49919
levorato 47161 47843 48106 48139 48155 48307
lab 47161 47167 47168 47192 47216 47232 47237 47240 47242 47266 47285 47286 47289 47298 47308 47309 47321 47325 47336 47337 47358 47365 47373 47382 47393 47398 47411 47426 47430 47432 47437 47440 47442 47468 47469 47483 47492 47495 47503 47507 47511 47527 47534 47536 47538 47539 47565 47589 47594 47615 47619 47627 47628 47641 47642 47644 47650 47660 47679 47685 47686 47716 47724 47731 47752 47757 47760 47768 47794 47803 47808 47833 47843 47844 47847 47879 47883 47893 47900 47904 47924 47928 47940 47948 47955 47985 47997 48015 48022 48042 48072 48091 48106 48113 48122 48125 48134 48139 48145 48147 48152 48153 48172 48186 48198 48199 48202 48210 48290 48301 48305 48308 48326 48372 48393 48413 48417 48419 48452 48454 48461 48463 48480 48490 48495 48504 48521 48539 48540 48543 48549 48562 48564 48590 48596 48597 48599 48612 48638 48640 48650 48659 48682 48697 48699 48702 48703 48710 48712 48719 48722 48725 48741 48752 48757 48763 48778 48779 48787 48821 48823 48826 48829 48840 48841 48865 48905 48916 48940 48950 48954 48956 48965 49003 49019 49026 49046 49058 49059 49061 49068 49073 49078 49080 49088 49103 49104 49105 49107 49108 49118 49147 49168 49173 49180 49185 49191 49259 49275 49276 49289 49307 49327 49334 49345 49348 49366 49383 49405 49429 49452 49454 49462 49468 49471 49479 49481 49523 49524 49526 49585 49586 49596 49616 49628 49629 49646 49648 49651 49691 49714 49725 49748 49750 49759 49769 49775 49777 49808 49829 49831 49860 49881 49886 49912 49920 49921 49927
labs 47161 47285 47286 47295 47321 47325 47369 47440 47503 47594 47650 47686 47716 47731 47757 47768 47794 47985 48091 48152 48305 48325 48490 48543 48590 48712 48735 48821 48864 48956 49067 49105 49191 49320 49327 49334 49345 49383 49439 49452 49725 49775 49783 49912
link 47161 47183 47286 47292 47323 47325 47346 47358 47404 47440 47503 47531 47547 47589 47631 47681 47686 47725 47731 47757 47768 47777 47794 47840 47886 47949 47973 47975 48035 48144 48152 48164 48257 48266 48301 48305 48316 48354 48370 48537 48586 48590 48696 48712 48765 48766 48825 48858 48884 48885 48909 48987 48997 49032 49043 49123 49140 49158 49191 49230 49237 49334 49349 49383 49391 49394 49515 49530 49557 49607 49655 49714 49728 49822 49831 49844 49860 49912 49920 49930
leung 47162 48194 49380
local 47162 47167 47191 47206 47242 47246 47307 47310 47325 47337 47358 47404 47491 47513 47541 47553 47586 47629 47631 47650 47655 47660 47718 47721 47733 47763 47801 47844 47847 47864 47883 47939 47951 48018 48032 48050 48073 48083 48095 48100 48115 48152 48172 48194 48198 48199 48281 48362 48364 48405 48422 48431 48457 48460 48469 48480 48487 48493 48575 48640 48659 48696 48700 48703 48778 48800 48812 48820 48825 48885 48947 48970 48997 49007 49017 49043 49062 49109 49191 49199 49277 49289 49290 49307 49336 49383 49390 49394 49397 49418 49460 49504 49528 49541 49547 49559 49576 49577 49629 49651 49685 49750 49814 49831 49842 49904 49927
lower 47162 47188 47206 47221 47286 47289 47299 47308 47325 47333 47346 47371 47491 47539 47541 47553 47555 47577 47594 47609 47627 47629 47652 47702 47731 47735 47768 47872 47886 47928 47939 47940 48050 48090 48122 48161 48200 48222 48311 48440 48463 48590 48650 48669 48744 48766 48820 48825 48997 49043 49091 49107 49115 49133 49187 49191 49195 49199 49300 49334 49336 49342 49394 49416 49452 49541 49587 49593 49623 49646 49781 49808 49822 49829 49927
less 47162 47188 47213 47306 47308 47312 47358 47369 47440 47491 47524 47531 47539 47555 47589 47609 47627 47650 47681 47686 47702 47731 47757 47763 47768 47777 47794 47847 47869 47900 47962 48007 48032 48035 48050 48090 48091 48101 48115 48122 48152 48161 48194 48198 48209 48294 48354 48440 48482 48509 48511 48590 48678 48712 48722 48825 48864 48945 48953 49043 49187 49191 49201 49250 49252 49261 49289 49334 49394 49413 49452 49515 49587 49677 49685 49753 49757 49822 49826 49860 49876 49915 49927
laundry 47163 48220 48349 48397 49191
lens 47163 47317 47340 47343 47446 47583 47681 47772 47833 47862 48078 48149 48160 48220 48226 48397 48455 48496 48730 49156 49182 49268 49469 49487 49558 49924 49927
laptop 47167 47168 47216 47232 47240 47242 47266 47285 47286 47298 47309 47358 47382 47393 47398 47411 47426 47432 47442 47468 47469 47492 47495 47507 47511 47527 47534 47536 47538 47565 47594 47615 47619 47627 47641 47642 47644 47660 47679 47685 47752 47803 47833 47843 47844 47879 47893 47904 47924 47948 47955 47997 48015 48042 48106 48113 48122 48125 48134 48139 48172 48186 48210 48290 48308 48326 48393 48413 48417 48419 48452 48461 48480 48504 48521 48562 48564 48599 48638 48650 48682 48697 48699 48702 48703 48710 48719 48725 48741 48752 48757 48763 48778 48787 48826 48829 48840 48865 48916 48950 48954 48965 49003 49019 49026 49046 49061 49073 49080 49104 49108 49118 49147 49168 49173 49180 49259 49275 49276 49289 49307 49319 49362 49405 49454 49462 49468 49471 49479 49481 49515 49524 49526 49585 49596 49616 49628 49629 49648 49691 49714 49725 49748 49769 49777 49860 49881 49886 49920 49921
life 47167 47168 47183 47216 47229 47232 47240 47242 47266 47285 47298 47309 47346 47358 47382 47393 47398 47411 47426 47432 47442 47450 47452 47468 47469 47492 47495 47507 47511 47527 47534 47536 47538 47565 47589 47594 47615 47619 47627 47641 47642 47644 47660 47679 47681 47685 47692 47702 47752 47757 47803 47833 47843 47844 47879 47893 47900 47904 47924 47948 47955 47997 48015 48032 48042 48050 48106 48113 48125 48132 48134 48139 48172 48186 48210 48266 48290 48305 48308 48326 48393 48413 48417 48419 48452 48461 48480 48487 48504 48521 48562 48564 48599 48638 48640 48645 48650 48682 48697 48699 48702 48703 48710 48712 48719 48725 48741 48752 48757 48763 48771 48778 48787 48826 48829 48840 48865 48916 48950 48954 48965 48978 49003 49019 49026 49046 49061 49073 49080 49104 49108 49118 49147 49168 49173 49180 49191 49251 49259 49261 49275 49276 49289 49307 49348 49405 49454 49462 49468 49471 49479 49481 49524 49526 49585 49596 49616 49628 49629 49646 49648 49691 49714 49725 49748 49769 49777 49812 49846 49860 49881 49886 49920 49921 49927
leadership 47167 47168 47216 47232 47240 47242 47266 47285 47298 47309 47358 47382 47393 47398 47411 47426 47432 47442 47468 47469 47492 47495 47507 47511 47527 47534 47536 47538 47565 47594 47615 47619 47627 47641 47642 47644 47660 47679 47685 47752 47803 47833 47843 47844 47879 47893 47904 47924 47948 47955 47997 48015 48042 48106 48113 48125 48134 48139 48172 48186 48210 48290 48308 48326 48393 48413 48417 48419 48452 48461 48480 48504 48521 48562 48564 48599 48638 48650 48682 48697 48699 48702 48703 48710 48719 48725 48741 48752 48757 48763 48778 48787 48826 48829 48840 48865 48916 48950 48954 48965 49003 49019 49026 49046 49061 49073 49080 49104 49108 49118 49147 49168 49173 49180 49259 49275 49276 49289 49307 49405 49454 49462 49468 49471 49479 49481 49524 49526 49585 49596 49616 49628 49629 49648 49691 49714 49725 49748 49769 49777 49860 49881 49886 49920 49921
list 47167 47183 47184 47190 47214 47225 47269 47286 47289 47292 47306 47308 47312 47315 47336 47337 47358 47393 47433 47440 47449 47450 47469 47486 47496 47503 47513 47531 47539 47541 47553 47558 47571 47577 47585 47609 47629 47632 47652 47654 47655 47681 47702 47712 47752 47770 47777 47789 47801 47808 47810 47825 47838 47839 47840 47844 47847 47867 47900 47939 47948 47951 47962 47986 48018 48022 48050 48101 48107 48115 48134 48144 48148 48161 48200 48209 48260 48266 48290 48297 48316 48349 48354 48364 48366 48406 48419 48422 48425 48432 48469 48490 48493 48495 48507 48509 48528 48539 48564 48586 48599 48629 48638 48642 48649 48678 48696 48748 48757 48764 48771 48778 48800 48812 48820 48825 48840 48858 48885 48909 48945 48947 48957 48987 49006 49007 49017 49032 49039 49061 49092 49109 49119 49133 49158 49180 49191 49201 49250 49261 49269 49274 49275 49298 49323 49334 49344 49356 49381 49383 49394 49406 49416 49456 49488 49515 49534 49541 49607 49611 49632 49636 49646 49685 49718 49735 49760 49831 49864 49869 49875 49912 49917 49919 49927
links 47167 47168 47206 47237 47240 47242 47269 47275 47286 47292 47307 47308 47321 47346 47358 47440 47486 47492 47531 47550 47589 47602 47609 47629 47644 47655 47692 47718 47731 47777 47804 47810 47938 47951 47967 48000 48001 48022 48122 48132 48139 48152 48266 48300 48326 48364 48402 48432 48459 48469 48487 48562 48564 48590 48639 48696 48712 48722 48778 48787 48795 48825 48858 48885 48909 48947 48958 48970 48997 49002 49003 49007 49059 49073 49191 49250 49269 49307 49342 49356 49394 49479 49515 49523 49534 49541 49636 49646 49718 49728 49759 49815 49844 49860 49876 49881 49917
looking 47167 47180 47243 47286 47295 47312 47337 47358 47369 47405 47440 47536 47541 47555 47589 47598 47629 47644 47679 47686 47702 47712 47718 47721 47777 47828 47876 48022 48090 48106 48123 48198 48242 48301 48305 48321 48332 48349 48479 48482 48511 48696 48712 48722 48778 48885 48886 48955 49026 49061 49092 49109 49191 49201 49261 49289 49383 49394 49452 49456 49488 49541 49585 49618 49629 49750 49769 49776 49831 49833
located 47167 47168 47242 47491 47844 47872 47893 47985 48100 48122 48272 48300 48825 48913 49017 49191 49336 49685 49927
“ 47168 47216 47266 47285 47309 47325 47358 47393 47404 47432 47495 47507 47511 47527 47619 47627 47629 47641 47644 47660 47679 47731 47794 47807 47833 47843 47844 47879 47900 47924 47955 47985 48042 48091 48106 48113 48139 48155 48172 48186 48210 48308 48316 48326 48393 48413 48452 48461 48480 48539 48562 48564 48590 48596 48650 48697 48699 48710 48719 48725 48752 48778 48787 48795 48826 48829 48916 48954 49003 49019 49026 49046 49061 49080 49104 49108 49118 49147 49168 49275 49289 49307 49405 49454 49468 49479 49524 49526 49541 49585 49596 49616 49628 49629 49691 49750 49769 49853 49860
laboratory 47168 47358 47444 47450 47721 48139 48393 48641 48719 48752 49043 49140 49345 49394 49648 49708
learn 47168 47266 47286 47287 47312 47325 47358 47369 47440 47442 47450 47468 47469 47491 47492 47524 47527 47550 47555 47589 47627 47629 47692 47702 47731 47757 47763 47777 47924 47940 47948 47986 48001 48106 48115 48152 48206 48305 48316 48349 48463 48482 48562 48586 48590 48599 48696 48699 48722 48778 48795 48821 48858 48885 48950 48958 48970 49007 49017 49026 49080 49108 49112 49191 49201 49251 49261 49275 49307 49383 49405 49523 49541 49632 49646 49664 49677 49714 49748 49812 49912
lamp 47169 47358 47681 49433
l1 47170 47395 47471 47542 47585 47626 47730 47777 47801 47935 47963 47986 48050 48077 48174 48240 48253 48296 48320 48347 48392 48478 48627 48635 48722 48870 48907 48929 49037 49093 49127 49209 49267 49288 49295 49336 49548 49927
l2 47170 47395 47471 47513 47542 47626 47730 47777 47801 47935 47963 47986 48077 48174 48240 48253 48296 48347 48392 48478 48627 48635 48854 48870 48907 48929 49037 49081 49093 49100 49127 49209 49267 49288 49295 49548
l 47170 47192 47193 47277 47282 47287 47294 47306 47353 47359 47395 47425 47433 47469 47471 47481 47509 47542 47552 47558 47575 47624 47626 47713 47730 47731 47741 47777 47824 47861 47905 47906 47935 47948 47951 47963 47986 48007 48077 48101 48134 48174 48198 48204 48218 48234 48240 48253 48290 48296 48347 48349 48351 48370 48374 48384 48392 48419 48426 48469 48478 48484 48511 48518 48592 48599 48627 48635 48638 48713 48722 48757 48779 48800 48820 48840 48870 48907 48929 48976 48995 49027 49035 49037 49093 49127 49167 49180 49181 49209 49230 49261 49264 49267 49277 49288 49295 49333 49375 49386 49394 49429 49438 49528 49533 49572 49668 49714 49744 49764 49814 49894
line 47170 47183 47191 47236 47246 47286 47287 47289 47308 47310 47315 47325 47336 47337 47346 47369 47371 47395 47433 47440 47471 47486 47491 47513 47518 47531 47542 47553 47555 47558 47570 47577 47585 47586 47609 47626 47629 47649 47650 47655 47677 47681 47702 47730 47731 47733 47752 47757 47766 47789 47801 47825 47847 47864 47883 47886 47894 47919 47928 47935 47940 47942 47951 47963 48007 48018 48022 48032 48050 48073 48077 48095 48115 48119 48152 48153 48161 48174 48198 48199 48205 48211 48240 48253 48296 48298 48301 48305 48316 48321 48336 48347 48349 48362 48384 48392 48422 48440 48451 48455 48463 48469 48478 48511 48539 48575 48586 48590 48596 48627 48635 48637 48649 48659 48669 48678 48681 48700 48703 48748 48771 48812 48825 48850 48864 48870 48907 48909 48929 48943 48956 48997 49017 49019 49037 49043 49062 49081 49084 49091 49093 49107 49115 49127 49158 49187 49191 49196 49199 49209 49242 49261 49267 49277 49288 49289 49290 49295 49334 49336 49348 49350 49383 49385 49394 49413 49418 49429 49472 49495 49528 49530 49541 49547 49576 49577 49646 49651 49657 49689 49750 49753 49760 49814 49822 49829 49831 49842 49854 49894 49904 49927
loser 47176 47220 47344 47387 47406 47412 47451 47563 47572 47636 47662 47678 47758 47774 47820 47850 47865 47885 47994 48045 48121 48162 48185 48236 48245 48269 48298 48317 48367 48369 48415 48449 48464 48497 48554 48557 48572 48610 48624 48631 48637 48737 48739 48740 48755 48782 48793 48836 48874 48877 48890 48892 48902 48904 48927 48943 48981 49024 49116 49145 49213 49248 49296 49299 49312 49350 49369 49417 49426 49472 49491 49495 49501 49512 49513 49522 49594 49630 49635 49640 49731 49803 49810 49854 49889 49890
larger 47179 47231 47245 47253 47265 47306 47312 47318 47320 47355 47357 47358 47379 47382 47417 47440 47491 47503 47555 47569 47576 47577 47579 47586 47679 47688 47689 47702 47725 47751 47757 47777 47780 47814 47824 47869 47891 47988 47999 48004 48050 48068 48103 48117 48147 48152 48163 48223 48294 48303 48305 48312 48321 48423 48467 48493 48500 48510 48511 48543 48653 48698 48703 48712 48756 48758 48766 48781 48820 48825 48844 48908 48911 48966 49010 49028 49049 49108 49118 49158 49197 49201 49204 49293 49329 49332 49336 49406 49416 49433 49477 49511 49556 49591 49618 49665 49695 49706 49753 49805 49822 49842 49927
low 47182 47236 47286 47300 47308 47312 47329 47336 47346 47370 47403 47465 47483 47492 47502 47528 47539 47551 47577 47581 47609 47611 47624 47668 47686 47701 47725 47731 47768 47813 47815 47928 47965 48031 48050 48129 48139 48155 48198 48217 48267 48289 48305 48365 48368 48390 48426 48447 48541 48584 48590 48668 48752 48807 48810 48817 48820 48883 48899 48973 48997 49035 49043 49136 49183 49191 49193 49201 49261 49338 49362 49378 49394 49471 49479 49516 49564 49646 49759 49769 49822 49860 49927
later 47183 47289 47308 47309 47312 47315 47336 47346 47369 47427 47440 47483 47491 47495 47531 47541 47550 47553 47555 47609 47629 47702 47725 47731 47757 47766 47777 47810 47840 47861 47886 47940 47956 47985 47986 48050 48083 48091 48115 48152 48161 48281 48284 48293 48301 48305 48316 48349 48354 48384 48422 48440 48463 48482 48586 48590 48645 48678 48703 48712 48771 48800 48820 48821 48825 48841 48858 48885 48978 48995 49019 49107 49112 49131 49191 49201 49233 49250 49261 49281 49300 49334 49336 49383 49504 49526 49541 49585 49681 49716 49753 49765 49769 49808 49829 49842 49881 49917 49927
lineage 47183 48425 48854
like 47183 47240 47243 47266 47269 47285 47286 47289 47293 47306 47312 47325 47337 47346 47351 47358 47369 47432 47440 47491 47492 47495 47499 47503 47524 47531 47536 47541 47550 47553 47555 47577 47589 47644 47649 47681 47686 47692 47699 47702 47725 47757 47768 47777 47810 47825 47840 47847 47886 47940 47955 47985 47986 48005 48022 48035 48050 48090 48106 48107 48115 48148 48152 48153 48161 48222 48266 48272 48275 48281 48297 48301 48305 48316 48326 48332 48349 48354 48384 48405 48406 48425 48432 48440 48450 48452 48461 48463 48470 48482 48487 48509 48511 48539 48586 48596 48611 48629 48649 48665 48678 48696 48697 48703 48708 48712 48719 48722 48748 48752 48766 48800 48804 48810 48811 48820 48821 48825 48826 48864 48872 48885 48916 48950 48954 48987 48997 49003 49006 49008 49017 49032 49039 49043 49055 49056 49092 49107 49108 49109 49112 49115 49147 49151 49187 49191 49199 49201 49237 49250 49251 49261 49269 49289 49307 49334 49383 49394 49406 49452 49515 49526 49534 49585 49618 49629 49655 49657 49725 49753 49769 49822 49829 49831 49842 49860 49881 49920 49927
latest 47183 47295 47450 47492 47565 47589 47766 47970 47975 48132 48186 48393 48422 48495 48586 48688 48712 48778 48885 48909 48954 49112 49140 49334 49362 49685 49690 49822 49915 49917
length 47183 47289 47306 47336 47433 47440 47445 47483 47503 47541 47553 47555 47558 47570 47585 47702 47736 47777 47794 47847 47882 47894 47900 47928 47986 48007 48018 48050 48148 48169 48301 48311 48354 48362 48440 48451 48482 48511 48665 48678 48800 48820 48825 48978 49115 49187 49201 49214 49250 49261 49334 49383 49394 49452 49515 49618 49753 49822 49831 49842 49853 49876 49927
lines 47183 47264 47286 47289 47308 47315 47337 47351 47369 47486 47503 47531 47555 47558 47609 47702 47985 47987 48007 48050 48144 48198 48332 48336 48349 48422 48440 48495 48511 48586 48669 48712 48722 48771 48825 48885 49003 49017 49043 49115 49131 49191 49242 49252 49261 49334 49336 49348 49383 49394 49646 49657 49753 49822 49831 49894 49917 49927
liked 47183 47269 47351 48480 48804
lacked 47183 48122
log 47183 47188 47206 47286 47306 47308 47315 47325 47336 47369 47539 47609 47652 47718 47804 47808 47867 47869 47928 47939 48021 48022 48050 48090 48122 48152 48161 48186 48211 48254 48277 48348 48349 48354 48511 48587 48634 48716 48733 48756 48800 48945 48953 48959 49017 49201 49261 49336 49356 49394 49606 49636 49646 49753 49765 49808 49809 49822 49927
latter 47183 47491 47539 47555 47692 47702 48018 48032 48366 48825 49009 49043 49191 49201 49261 49394 49515 49648 49718 49927
liberal 47183 48858
limits 47183 47702 47741 47834 48101 48147 48528 48825 49109 49191 49515 49822 49881
liberalism 47183
lets 47183 47325 47369 47468 47491 47553 47555 47649 47810 48091 48106 48480 48482 48997 49032 49147 49261
live 47183 47240 47269 47358 47450 47524 47654 47681 47810 47985 48115 48155 48238 48316 48326 48393 48562 48645 48699 48703 48778 49006 49080 49191 49261 49289 49307 49406 49479 49515 49865
look 47183 47242 47246 47266 47286 47289 47312 47325 47358 47440 47491 47527 47531 47541 47555 47577 47589 47594 47627 47649 47654 47681 47692 47699 47702 47731 47757 47825 47847 47886 47985 48022 48090 48110 48152 48153 48161 48209 48254 48266 48272 48301 48316 48321 48332 48349 48354 48425 48440 48495 48507 48511 48528 48562 48564 48590 48596 48611 48650 48678 48696 48703 48712 48722 48765 48810 48826 48829 48883 48987 48997 49019 49039 49058 49061 49073 49091 49109 49191 49201 49250 49252 49261 49289 49320 49362 49383 49394 49406 49416 49515 49523 49526 49618 49632 49655 49685 49725 49822
leaving 47183 47337 47346 47452 47503 47527 47589 47824 47869 48035 48091 48161 48301 48482 48509 48513 48586 48703 48820 49003 49191 49261 49689 49842 49886
leading 47183 47237 47266 47321 47358 47503 47524 47539 47553 47627 47661 47777 47824 47986 48000 48018 48022 48090 48107 48308 48349 48366 48611 48778 48810 48825 49043 49067 49104 49201 49230 49468 49748 49917 49927
listed 47183 47237 47286 47299 47306 47315 47321 47325 47440 47449 47512 47524 47531 47553 47555 47654 47692 47702 47757 47838 47839 47882 47906 47962 47976 48000 48022 48100 48115 48144 48266 48297 48384 48507 48539 48560 48771 48795 48810 48858 48885 48905 48909 48945 48956 48978 49017 49058 49091 49115 49201 49261 49381 49429 49544 49593 49685 49822 49839 49842 49917
lists 47183 47286 47289 47298 47299 47306 47325 47491 47492 47531 47553 47702 47777 47839 47967 47986 48022 48297 48349 48440 48455 48493 48543 48586 48649 48678 48696 48735 48748 48810 48825 48858 48885 48987 49032 49043 49119 49133 49158 49191 49250 49252 49261 49334 49394 49429 49629 49716 49760 49831
large 47183 47221 47240 47289 47306 47312 47325 47336 47358 47413 47440 47448 47491 47492 47503 47536 47539 47541 47553 47555 47558 47598 47605 47629 47642 47644 47650 47702 47725 47757 47777 47790 47825 47839 47869 47904 47928 47986 48001 48007 48050 48090 48115 48139 48155 48197 48238 48246 48266 48272 48300 48301 48305 48321 48348 48349 48354 48393 48402 48405 48450 48455 48470 48482 48510 48511 48539 48582 48650 48678 48696 48698 48712 48722 48771 48791 48795 48820 48821 48825 48925 48953 48956 48978 49003 49017 49043 49115 49118 49187 49191 49201 49243 49250 49251 49261 49263 49334 49336 49359 49362 49383 49394 49406 49444 49541 49618 49628 49629 49632 49677 49753 49860 49876 49904 49908 49917 49927
limiting 47183 47928 48050 48354 48678 48978 49289 49629 49897 49927
long 47183 47188 47232 47242 47243 47266 47286 47289 47306 47312 47325 47337 47358 47369 47420 47426 47440 47452 47454 47484 47491 47495 47504 47531 47534 47541 47555 47589 47594 47627 47629 47649 47681 47686 47702 47721 47725 47763 47768 47777 47789 47801 47810 47839 47869 47904 47906 47919 47929 47939 47956 47967 48007 48035 48115 48132 48152 48161 48200 48218 48266 48272 48301 48308 48316 48370 48399 48440 48477 48511 48516 48578 48586 48668 48678 48708 48712 48713 48722 48732 48756 48777 48778 48820 48825 48826 48885 48950 48954 48956 48959 48978 49017 49019 49032 49043 49091 49092 49115 49131 49141 49191 49201 49233 49250 49251 49252 49261 49264 49282 49289 49338 49348 49362 49378 49394 49406 49429 49441 49452 49468 49479 49515 49541 49646 49657 49685 49769 49822 49831 49842 49844 49927
lot 47183 47243 47266 47312 47346 47369 47440 47486 47491 47495 47524 47527 47531 47541 47550 47555 47644 47660 47699 47757 47925 47986 48090 48115 48152 48161 48209 48305 48349 48480 48511 48539 48562 48611 48625 48650 48678 48703 48712 48722 48766 48778 48810 48825 48950 48954 49003 49017 49187 49191 49201 49250 49261 49289 49307 49362 49505 49769 49822 49824 49842 49860 49927
logical 47183 47289 47505 47531 47555 47558 47763 47840 47905 48305 48528 48696 48697 48712 48748 48778 48858 48885 49043 49191 49394 49397 49406 49846
layers 47183 47206 47312 47404 47632 48139 48455 48825 49334 49336 49394 49860 49927
loops 47183 47306 47491 47541 47555 47810 47986 48202 48209 48482 48511 48539 48953
limited 47183 47206 47325 47358 47369 47426 47449 47491 47503 47524 47550 47555 47628 47629 47692 47702 48032 48042 48083 48090 48122 48139 48148 48326 48339 48354 48393 48665 48712 48795 48800 48825 48978 49006 49017 49043 49187 49191 49251 49289 49504 49541 49651 49677 49927
latin 47183 47692 49187 49405 49870 49927
least 47183 47205 47289 47299 47301 47312 47336 47358 47369 47426 47440 47450 47491 47495 47503 47531 47541 47555 47589 47594 47629 47631 47644 47692 47702 47721 47725 47731 47735 47757 47777 47794 47810 47824 47839 47869 47928 47940 47967 47986 48032 48035 48050 48090 48105 48122 48132 48148 48152 48153 48161 48172 48266 48281 48297 48301 48305 48316 48332 48352 48354 48463 48495 48498 48516 48528 48539 48590 48629 48665 48678 48698 48712 48741 48748 48771 48795 48810 48820 48821 48823 48841 48850 48858 48956 48978 48987 49017 49043 49109 49115 49187 49199 49201 49250 49261 49281 49334 49336 49362 49383 49394 49409 49416 49429 49452 49515 49523 49541 49560 49587 49628 49750 49753 49757 49822 49831 49842 49885 49886 49897 49917 49927
logs 47183 47312 47315 47325 49017 49261
locally 47183 47495 48022 48050 48148 48152 48825 49261 49912 49927
lunar 47184 48567 48947
lander 47184 47495 47718 48947
ll 47184 47266 47306 47309 47325 47627 47731 48106 48122 48590 48596 48950 49003 49289 49479 49585
libraries 47184 47206 47440 47450 47492 47503 47541 47702 47725 47756 47757 47766 47804 47985 48152 48355 48543 48582 48586 48703 48765 48825 48970 49261 49356 49406 49452 49460 49465 49523 49636 49689 49822 49825
lion 47185 47681 48480 48654 49137 49837
lights 47187 47391 47423 47680 47990 48330 48438 48593 49163 49477
lecture 47188 47190 47237 47286 47287 47307 47308 47312 47321 47325 47336 47337 47369 47382 47433 47437 47440 47450 47472 47483 47496 47503 47539 47541 47558 47570 47582 47602 47609 47629 47650 47664 47725 47731 47735 47757 47763 47770 47777 47780 47825 47882 47900 47928 47986 48000 48022 48122 48132 48137 48152 48155 48161 48169 48216 48277 48316 48349 48354 48361 48364 48455 48511 48543 48548 48590 48612 48622 48640 48669 48697 48735 48763 48764 48795 48821 48841 48845 48871 49043 49097 49109 49133 49164 49187 49191 49199 49242 49250 49298 49321 49336 49342 49362 49394 49523 49541 49560 49611 49639 49646 49704 49718 49735 49759 49808 49842 49860 49870 49912 49915 49927
linear 47188 47205 47289 47293 47301 47336 47351 47472 47483 47503 47539 47541 47602 47716 47735 47763 47777 47882 47928 47930 47939 48050 48090 48144 48153 48161 48199 48254 48277 48281 48311 48332 48455 48460 48482 48511 48596 48659 48669 48678 48722 48735 48820 48858 48919 48945 49043 49109 49121 49187 49199 49201 49242 49336 49342 49360 49362 49380 49394 49623 49651 49753 49762 49765 49927
leibniz 47188 48669 49187 49336 49870 49927
lipics 47188 48669 49187 49336 49870 49927
locality 47188 47491 47541 48820 49187 49750 49927
logistics 47190 47496 47770 47810 47900 47904 48148 48154 48528 49298 49735
location 47190 47254 47269 47315 47325 47358 47433 47450 47454 47491 47496 47507 47531 47541 47549 47550 47553 47555 47702 47731 47735 47757 47763 47766 47770 47777 47810 47840 47886 47900 47909 47949 48035 48107 48139 48148 48175 48206 48300 48452 48455 48528 48543 48586 48590 48681 48703 48733 48825 48858 48884 48885 48987 49017 49063 49164 49298 49342 49394 49504 49523 49631 49735 49740 49750 49822 49915 49927
letter 47190 47286 47287 47289 47292 47309 47325 47337 47358 47440 47496 47524 47555 47629 47692 47731 47770 47900 47940 48022 48050 48218 48305 48384 48413 48425 48440 48511 48590 48820 48965 49133 49191 49201 49252 49298 49334 49405 49515 49541 49646 49685 49735 49904 49927
language 47190 47269 47285 47307 47312 47346 47369 47388 47440 47449 47486 47491 47496 47503 47531 47553 47555 47619 47650 47692 47699 47702 47725 47731 47810 47840 47975 47986 48032 48106 48122 48139 48147 48148 48152 48206 48305 48416 48425 48440 48494 48582 48586 48590 48640 48649 48696 48712 48748 48824 48825 48858 48876 48885 48945 48957 48977 49013 49017 49039 49043 49078 49112 49158 49164 49191 49261 49269 49383 49394 49452 49632 49677 49789 49822 49831 49842 49927
lea 47190 47200 47226 47239 47277 47284 47324 47353 47359 47380 47425 47453 47454 47496 47621 47622 47623 47624 47737 47906 47927 47967 47980 48017 48196 48204 48351 48370 48571 48647 48713 48995 49042 49119 49208 49264 49333 49375 49386 49441 49489 49533 49593 49658 49744
linda 47190 47353 47496 47906 47980 48171 48370 48647 48969
license 47191 47246 47310 47449 47513 47555 47586 47594 47655 47731 47733 47766 47801 47864 47883 47951 48018 48032 48035 48073 48095 48198 48199 48362 48469 48575 48578 48586 48590 48611 48659 48700 48771 48800 48812 48825 48913 48978 49062 49261 49277 49290 49323 49418 49528 49547 49576 49577 49651 49750 49814 49904
liop 47191 47246 47310 47513 47586 47655 47733 47801 47864 47883 47951 48018 48073 48095 48198 48199 48362 48469 48575 48659 48700 48812 49062 49277 49290 49418 49528 49547 49576 49577 49651 49750 49814 49904
linestyleorder 47191
lego 47192 49572
lives 47193 47440 47524 47627 47644 47661 47679 47712 47879 47967 48106 48115 48139 48148 48172 48528 48562 48645 48826 48829 48950 49191 49251 49261 49281 49394 49488 49585 49629
lick 47195 47681
learning 47197 47240 47243 47266 47286 47358 47369 47435 47440 47469 47486 47491 47495 47527 47534 47536 47550 47555 47558 47560 47619 47629 47660 47683 47712 47718 47721 47757 47763 47794 47900 47919 47924 47939 47986 48022 48050 48091 48106 48122 48139 48152 48155 48349 48364 48432 48582 48586 48606 48622 48638 48640 48696 48712 48752 48765 48778 48795 48820 48821 48829 48950 49003 49006 49007 49019 49097 49104 49108 49112 49147 49166 49168 49181 49191 49201 49230 49289 49334 49362 49380 49383 49452 49454 49460 49468 49488 49534 49541 49585 49646 49648 49677 49718 49860 49881 49927
listing 47200 47208 47226 47234 47239 47269 47277 47281 47284 47286 47294 47306 47308 47315 47324 47336 47353 47359 47380 47425 47449 47453 47609 47622 47623 47624 47651 47659 47737 47754 47838 47861 47906 47927 47956 47957 47980 48017 48032 48050 48144 48171 48196 48204 48284 48286 48342 48351 48370 48374 48380 48399 48425 48458 48485 48493 48564 48571 48629 48647 48678 48696 48713 48825 48858 48885 48995 49039 49042 49070 49092 49133 49191 49207 49264 49269 49317 49333 49336 49375 49386 49399 49434 49441 49489 49533 49544 49554 49578 49593 49598 49646 49658 49672 49692 49744 49764 49798 49808 49842 49927
lebel 47200 47208 47281 47737 47927 48017 48284 48342 48995 49375 49744
laja 47200 47226 47277 47281 47284 47359 47425 47453 47622 47623 47624 47861 47957 47980 48017 48351 48370 48374 48399 48571 48647 48995 49070 49207 49208 49264 49333 49375 49593 49658 49744
ludmila 47200
leopold 47200 47226 47277 47861 47957 47967 47980 48370 48399 48995 49333 49375 49533 49764 49772
lipschutz 47200 48370 48713 49658 49744
loop 47203 47269 47275 47337 47491 47541 47555 47681 47702 47718 47777 47810 47919 47986 48123 48161 48349 48354 48445 48482 48494 48511 48543 48665 48703 48953 48980 49109 49201 49214 49250 49261 49394 49460 49657 49808 49927
linked 47205 47206 47254 47289 47325 47440 47492 47541 47659 47735 47777 47867 47869 48035 48152 48354 48380 48458 48586 48696 48858 48885 49007 49112 49140 49201 49342 49399 49479 49606 49672
luther 47205 47664 47843 48703 49342 49650
lowest 47205 47404 47553 47629 47702 47735 47900 48311 48354 48810 48957 48978 49043 49105 49214 49342 49362 49541 49587 49639
level 47205 47206 47216 47240 47298 47303 47325 47358 47388 47397 47423 47440 47491 47503 47531 47535 47538 47553 47555 47577 47628 47629 47644 47649 47650 47686 47715 47735 47768 47777 47810 47829 47838 47869 47907 47986 48032 48050 48078 48101 48102 48122 48147 48149 48153 48198 48241 48277 48301 48305 48308 48321 48326 48405 48411 48447 48460 48494 48564 48575 48650 48665 48696 48712 48752 48764 48771 48778 48795 48800 48825 48827 48885 48913 48954 48958 48977 49006 49043 49061 49191 49201 49289 49336 49342 49381 49383 49394 49479 49523 49540 49541 49547 49593 49660 49690 49718 49745 49758 49769 49831 49859 49860 49876 49927
levels 47206 47216 47223 47236 47244 47282 47298 47358 47370 47373 47428 47449 47469 47481 47508 47509 47535 47573 47627 47650 47668 47686 47701 47768 47813 47897 47907 47948 48032 48088 48129 48134 48139 48197 48198 48234 48270 48289 48290 48301 48319 48321 48354 48365 48383 48419 48421 48426 48460 48484 48494 48541 48575 48584 48599 48638 48656 48703 48712 48757 48763 48778 48779 48817 48840 48849 48857 48885 48899 48936 49003 49035 49043 49086 49104 49168 49171 49176 49180 49193 49196 49252 49338 49378 49383 49394 49479 49703 49724 49769 49775 49918
lead 47206 47216 47312 47358 47440 47448 47468 47524 47527 47538 47541 47555 47589 47681 47757 47824 47839 47869 48022 48090 48107 48172 48294 48301 48308 48393 48424 48452 48462 48482 48528 48565 48665 48678 48692 48696 48703 48778 48825 48858 48909 48954 49039 49067 49112 49201 49261 49307 49453 49479 49523 49587 49616 49629 49769 49917 49927
layer 47206 47312 47404 47491 47539 47632 47813 48050 48155 48197 48494 48528 48825 49334 49383 49831 49912 49927
linux 47206 47369 47440 47702 47733 47872 47985 48122 48152 48266 48495 48712 48791 48800 48997 49140 49191 49689
library 47206 47213 47246 47289 47307 47358 47369 47388 47440 47491 47492 47503 47507 47629 47692 47702 47725 47731 47733 47756 47815 47833 47843 47845 47883 47985 48152 48198 48199 48200 48209 48254 48266 48316 48349 48354 48402 48455 48495 48543 48578 48582 48590 48640 48659 48703 48712 48741 48765 48771 48825 48945 48970 48997 49140 49191 49250 49251 49269 49383 49394 49405 49465 49523 49541 49544 49651 49750 49759 49794 49822 49825 49853 49860 49869 49871 49912 49917
lipman 47208 47277 47294 47425 47624 47737 47906 48017 48204 48374 48647 48713 48995 49119 49333 49375 49386 49593
london 47208 47226 47324 47353 47622 47624 47755 47851 47906 47928 47967 47970 48171 48196 48204 48284 48332 48351 48370 48641 49042 49043 49187 49333 49345 49394 49551 49744 49927
lwow 47208 47353 47380 47425 47621 47622 47624 47861 47906 47927 47957 48017 48204 48342 48351 48370 48399 48485 48571 48647 48995 49386 49533 49593 49764
lazar 47208 47226 47234 47239 47277 47353 47425 47453 47622 47623 47624 47906 47927 47957 48196 48204 48342 48351 48370 48995 49042 49208 49264 49375 49434 49489 49523 49533 49593 49658 49772 49798
lieba 47208 47226 47234 47277 47324 47359 47622 47957 48351 48370 48399 48485 48647 48995 49042 49208 49375 49441 49489 49798
ludwik 47208 47277 47294 47453 47622 47624 47906 48351 48370 49744 49772
leiser 47208 47226 47324 47353 47906 49070 49264 49281 49554 49658 49772
leib 47208 47226 47234 47239 47277 47281 47284 47324 47353 47425 47453 47524 47621 47622 47624 47737 47861 47906 47927 47957 47967 47980 48017 48171 48196 48204 48286 48351 48370 48374 48485 48571 48647 48854 48995 49042 49070 49207 49208 49264 49317 49333 49375 49386 49441 49489 49533 49554 49593 49658 49744 49772 49798
leibel 47208 47277 47353 47359 47425 47622 47623 47624 47651 47861 47957 47980 48017 48171 48284 48351 48374 48571 48647 48995 49042 49070 49207 49208 49317 49333 49386 49434 49441 49533 49578 49658 49772 49798
lewek 47208 47284 47622 47980 48196 48351 48399 48647 49207 49333 49386 49554
lara 47209
lasting 47214 47495
left 47216 47240 47244 47266 47306 47312 47325 47346 47405 47440 47491 47503 47541 47555 47650 47654 47681 47725 47777 47783 47839 47869 47872 47886 47900 47967 47979 48035 48090 48144 48152 48153 48161 48272 48301 48349 48482 48509 48511 48539 48586 48696 48722 48748 48766 48771 48783 48800 48821 48825 48950 49017 49032 49043 49058 49080 49091 49119 49201 49237 49261 49338 49405 49479 49666 49668 49769 49831 49842 49927
lam 47216 47731 47807 47919 48204 48248 48408 49026 49097 49284 49390 49927
lecturer 47216 47650 47893 47948 48106 48480 48599 48638 48697
le 47216 47286 47353 48101 48384 48957 49345 49393
langmesser 47216
lasers 47216 48186 49001 49613
little 47219 47224 47286 47289 47312 47369 47425 47440 47450 47452 47491 47524 47527 47555 47577 47589 47629 47644 47649 47702 47757 47777 47802 47939 47940 47986 48055 48090 48152 48161 48305 48405 48463 48495 48511 48562 48678 48712 48813 48825 48954 49003 49043 49107 49191 49201 49250 49261 49334 49383 49406 49460 49541 49632 49753 49764 49823 49829 49842 49844 49860
linkage 47221 47605 47718 49927
limit 47221 47269 47555 47629 47654 47702 47808 47867 47919 48021 48032 48050 48148 48301 48332 48354 48422 48634 48722 48793 48825 48885 48978 49261 49300 49309 49336 49394 49438 49479 49541 49606 49822 49927
likelihood 47221 47358 47718 47757 48032 48800 49017 49753
largest 47225 47306 47440 47650 47661 47763 47777 47824 47844 48015 48050 48072 48101 48172 48186 48199 48493 48509 48697 48703 48722 48778 48953 49026 49201 49394 49454 49607 49616 49685 49822 49859 49927
leje 47226 48342
leyser 47226
landauer 47226
leonard 47226 47353 47955 48171 48370 48735
levisson 47226
laser 47226 47815 48015 48186 48752 49648
lobel 47226 47281 47284 47359 47621 47622 47624 47906 47927 47980 48204 48284 48342 48370 48374 48399 48645 48713 49208 49333 49375 49386 49489 49533 49554 49658 49764
leon 47226 47277 47284 47286 47353 47358 47359 47453 47622 47624 47651 47681 47737 47861 47906 47927 47957 47967 48171 48204 48351 48370 48374 48491 48571 49119 49208 49264 49375 49386 49533 49554 49593 49648 49744 49764 49772
leo 47226 47524 47906 47967 48017 48351 48370 48485 49375 49386
lorne 47226
labor 47229 47272 47637 47920 47926 48223 48234 48316 48370 48697 49406
ls10 47230 47566 47593 48207 48386
legitimate 47232 47308 47609 47731 48032 48152 48590 48611 49261 49646
lack 47234 47277 47312 47358 47359 47577 47619 47681 47843 47906 48308 48487 48611 48650 48703 48795 48825 48978 49017 49019 49043 49585
lancut 47234 47453 47624 48995 49070
liebe 47234 47380 47425 47622 47623 47927 48017 48284 48351 48370 48399 48647 48995 49208 49333 49375 49658
logan 47235 47497 47744 47965
lectures 47237 47270 47287 47312 47602 47763 47858 47985 48000 48001 48022 48106 48115 48122 48316 48349 48735 48764 48795 48871 49003 49133 49191 49319 49362 49639 49887 49912
lichtenstern 47239
lichtag 47239
luxemberg 47239 49042
lowbeer 47239
lucjan 47239
leverages 47240
let 47240 47286 47308 47322 47325 47369 47433 47440 47445 47452 47486 47491 47495 47524 47527 47541 47555 47594 47609 47632 47699 47731 47757 47808 47810 47839 47840 47867 47930 47985 48007 48022 48050 48090 48105 48107 48113 48122 48148 48152 48153 48161 48179 48198 48199 48301 48316 48349 48354 48406 48440 48482 48493 48511 48528 48567 48590 48596 48634 48650 48659 48678 48681 48712 48722 48748 48763 48821 48854 49032 49039 49055 49061 49091 49108 49109 49191 49201 49233 49237 49261 49334 49362 49383 49394 49416 49438 49515 49606 49607 49618 49646 49651 49657 49668 49753 49822 49823 49842 49927
leader 47242 47358 47495 47527 47661 47844 48015 48107 48139 48606 48778 48865 49104 49406 49605 49648
leaders 47242 47358 47469 47538 47565 47650 47843 47924 47948 48015 48134 48290 48419 48599 48638 48650 48757 48840 49080 49180 49405 49748
light 47242 47358 47368 47377 47405 47452 47540 47926 48088 48107 48172 48175 48426 48703 48752 48811 48987 49043 49394 49540 49628 49664 49707 49860 49900
lp64 47246
lennon 47259 47475 47870 48303 48666 48704 48721 49445
ls25 47261 47362 47444 47587 47722 47802 47944 48046 48227 48357 48661 48790 48988 49175 49337 49363 49415 49525 49642 49793 49891
lineup 47264 47503 48703
los 47266 47353 47425 47454 47474 47524 47527 47575 47737 47823 47837 47844 47861 47893 47906 47927 48017 48115 48204 48266 48351 48363 48370 48536 48650 48678 48706 48995 49043 49070 49137 49187 49264 49281 49441 49533 49593 49648 49685 49764 49822 49916 49927
launched 47266 47555 47589 48172 48950 49026
learned 47266 47312 47440 47495 47555 47558 47644 47686 47768 48032 48132 48144 48246 48272 48291 48297 48305 48316 48722 48778 48795 48825 48834 49191 49201 49261 49307 49362 49394 49585 49677 49822
languages 47266 47287 47312 47358 47388 47440 47449 47483 47491 47496 47503 47550 47555 47650 47692 47725 47771 47815 47948 47975 48106 48139 48155 48266 48305 48402 48482 48494 48582 48669 48698 48741 48825 48885 49003 49017 49043 49058 49108 49180 49187 49191 49261 49266 49394 49646 49677 49759 49822 49831 49860 49927
lisp 47266 47388 47681 48406 49187 49927
looks 47266 47269 47312 47369 47440 47491 47555 47627 47629 47901 47986 48042 48050 48106 48148 48152 48161 48301 48316 48321 48332 48349 48474 48482 48488 48576 48650 48678 48696 48703 48748 48885 48956 48987 48997 49003 49008 49043 49109 49191 49201 49250 49261 49269 49341 49541 49596 49618 49646 49725 49750 49773 49846 49927
lost 47266 47286 47308 47369 47531 47609 47629 47681 47702 47777 47810 48090 48122 48528 48611 48665 48678 48722 48810 48885 48909 49105 49191 49261 49394 49452 49541 49585 49646 49860
lausd1 47268
lausd2 47268
lagnauge 47269
looked 47269 47589 47810 47813 47825 48050 48308 48482 48678 48752 48766 48997 49147 49261 49632 49657 49753 49927
late 47270 47286 47289 47408 47440 47450 47524 47531 47577 47589 47681 47731 47757 47808 47867 47900 47925 48015 48022 48152 48266 48305 48422 48496 48590 48634 48712 48810 48825 48829 49133 49191 49204 49362 49405 49606 49648 49822 49824 49839 49876 49901 49902 49917
lose 47270 47325 47452 47541 47681 47702 48106 48272 48337 48450 48528 48590 48696 49003 49043 49108 49261 49334
lexi 47274
lieber 47277 47624 47906 49333 49375 49441 49578
lipner 47277
ladner 47277
lina 47277 48017 48370 49317
laura 47277 47359 47621 47654 47901 48188 48370 48381 48719 49269 49281 49441 49533 49593 49769
lilpaja 47277
latvia 47277 48370 49744
landau 47277 47284 47353 47354 47359 47621 47861 47906 48013 48204 48370 48647 48678 48995 49119 49533 49593 49744 49764 49772
lebzeltner 47277
leizer 47277 47353 47380 47622 47957 48370 48647 49264 49375 49434 49798
lyle 47277 47681
lemberger 47277 47624 47957 48204 49744 49764
lieban 47277
louis 47277 47294 47336 47353 47425 47454 47524 47589 47906 48155 48351 48370 48399 49042 49070 49327 49764 49927
lederer 47277 48567
leybel 47277 47284 47324 47359 47737 48017 48171 48370 48374 48647 49264 49375 49441 49489 49554 49578 49658
leie 47281 47284 47754 47906 47957 48351 48370 48995 49317
laia 47284 47380 47906 48017 48171 48196 48374 48571 48647 49264 49333 49375 49658
lorie 47284 47624
lidka 47284
lobl 47284 48351
lednitzer 47284 48995
lagiewniki 47284 47453 48374
lizzi 47284
lei 47284 49345 49864
langer 47284 47453 47906 48204 48351 49375 49744
lowenstein 47284 47861 47980 48370 49593 49772
leipzig 47284 48204 48229
leonora 47284 47353 47453 47624 47737 48647 48995 49375 49441 49744
luzer 47284
leah 47284 47353 47359 47524 47651 47754 47906 47927 47957 47967 48171 48196 48266 48284 48370 48399 48645 48854 49375 49593 49893
leibisch 47284 47294 48995 49333 49533 49744
legitmate 47286 47486 48432 49534
ljubomir 47286
longer 47286 47306 47308 47337 47440 47491 47503 47531 47539 47555 47571 47589 47609 47702 47731 47810 47840 47919 48032 48122 48148 48153 48301 48326 48354 48364 48402 48440 48511 48590 48678 48703 48771 48787 48795 48807 48810 48820 48825 48885 48909 48997 49019 49081 49158 49191 49261 49289 49334 49383 49452 49479 49646 49718 49753 49822 49831 49886 49894 49920 49927
lots 47286 47312 47369 47440 47491 47555 48007 48153 48161 48528 48539 48586 48640 48649 48697 48764 49146 49191 49261 49344 49585
likewise 47286 47541 47692 47777 47940 48349 48463 48825 49191 49360 49829
lowered 47287 47757 48905
likely 47287 47346 47358 47369 47413 47440 47445 47448 47492 47495 47531 47539 47555 47577 47627 47629 47702 47731 47766 47810 47824 47847 47985 48050 48199 48297 48349 48366 48408 48445 48539 48586 48590 48629 48712 48825 48858 48953 48965 48978 49017 49043 49058 49092 49109 49191 49201 49251 49261 49289 49342 49362 49394 49406 49541 49628 49753 49757 49822 49842 49885 49920 49927
li 47289 47292 47358 47442 47474 47712 47757 48050 48154 48155 48340 48393 48455 48696 48699 48777 48858 49026 49061 49394 49479 49488 49526 49864 49927
letters 47289 47337 47390 47440 47553 47555 47558 47594 47840 48050 48152 48316 48332 48384 48413 48455 48511 48722 48820 48885 49104 49147 49191 49261 49334 49381 49383 49394 49405 49439 49544 49685 49927
lowercase 47289 47337 47440 47555 48152 49017
linkedlist 47289
luckily 47289 47312 48115 48722 48778 49019 49307
legoland 47290
latex 47292 49032 49323 49759
lucile 47294
lauren 47294 48017 48266 48370 48421 49045 49176 49764
littman 47294 49533
lipe 47294 47425 48204 48370 48571 48647 49119
lincoln 47295 49345
legislative 47295
lossless 47299
lsb 47299 47940 49429
leaf 47301 47531 47539 47681 48050 48090 48277 48590 49394 49587 49870 49885 49927
leaves 47301 47325 47433 47541 47869 48090 48238 48275 48301 48349 48354 48362 48602 48669 48696 48825 48855 49043 49052 49112 49289 49587 49776 49842 49870 49904 49927
lightning 47303 47816 48326 48356 49928
lindsay 47303 47319 47418 47668 47878 48230 48344 48476 48762 49035 49407
leave 47306 47325 47369 47440 47491 47503 47531 47555 47629 47725 47757 47803 47810 47825 47840 47919 47940 48107 48148 48349 48440 48511 48532 48586 48696 48778 49115 49191 49201 49261 49289 49541 49629 49927
labelled 47306 48586 48678 49394
label 47306 47315 47325 47404 47492 47631 48050 48148 48301 48348 48825 48858 48958 49323 49927
labels 47306 47315 47831 48095 48722 49237
legal 47308 47309 47312 47491 47531 47536 47541 47553 47555 47609 47654 47702 47741 47839 47986 48032 48042 48148 48349 48450 48509 48586 48611 48748 48771 48825 48858 48978 49092 49191 49416 49429 49646 49842
lawsuit 47309
litigants 47309
latitude 47309 48152 48703 49822
lifecycle 47312 47450 48629 49067 49251
lightweight 47312 48694 49152
laws 47312 47472 47555 47602 47839 48032 48272 48611 48678 49191 49269 49897 49927
laid 47312 47491 47644 47681 47702 48301 48766 48825 49261
leads 47312 47358 47531 47596 47679 47725 47824 48085 48090 48115 48277 48301 48394 48482 48509 48611 48696 48825 48978 49109 49191 49201 49261 49394 49479 49544 49605 49613 49628 49677 49860 49918 49927
locate 47312 47315 47325 47358 47845 47872 48440 48682 48858 49191 49276 49394 49452
lessons 47312 47314 47589 47660 48132 48246 48291 48316 48825 48834 49191 49632 49927
lifetime 47312 47358 47491 47555 47844 47967 48778 49191 49250
listeners 47312
layered 47312 47404 47472 47539 47632 48050 48155 48455 48825 49115 49887 49927
lubiw 47313 47328 47928 48819 48912 49473 49870 49927
lock 47315 47501 47531 47681 47702 47810 47840 48148 48513 48528 48697 48885 49835
locked 47315 47810 47840 48148 48528
locking 47315 47531 47728 47810 47840 48148 48528 48885 49050
lable 47315
lf 47315 48586
lacks 47315 48032 48650 48696 48712 49017 49846
loretánská 47316
lum25 47317 47340 48030 48730
latour 47323
lasar 47324 47622 47906 49375 49533
lipny 47324
lipa 47324 48647 48713 49119 49533
liepe 47324
lily 47324 47681 47988
lengthy 47325 47536 47654 47731 47757 48122 48590 49191
lan 47325 47369 47531
lans 47325
listen 47325 47541 47550 47699 48480 48703 48719 49502
loud 47325 47681 48455
listening 47325 47369 48152 48652 48997
logging 47325 47503 47883 48825 49261 49725
logon 47325
labeled 47325 47872 48858 49191 49261 49394 49927
logo 47325 47354 47390 47407 47681 48013 48437 49008
login 47325 47594 47656 47731 47985 48300 48422 48590 48678 49017 49261 49912
logged 47325 47369 49261 49917
\ 47325 47555 47801 47962 47985 48018 48198 48199 48659 48678 48681 48903 49261 49394 49651 49750
\temp 47325
locations 47325 47491 47558 47702 47757 47777 48101 48281 48301 48698 48712 48800 48858 48956 48987 49017 49750 49753 49822 49836 49927
logout 47325
lynch 47328 49394
ljubljana 47332 47357 47576 47610 48050 48136 48436 49927
listings 47336 47539 48564 49199
linearly 47336 47928 49362 49677 49927
lett 47336 48050 49927
lattice 47336 47539 47570 47585 47928 47939 48050 48254 48956 49115 49300 49336 49416 49808 49927
logarithmic 47336 47735 47928 49201 49342 49870 49927
log2 47336 47928 48919 49201 49927
linguistics 47336 47486 47692 49199 49927
largely 47336 47337 47491 47495 47555 47725 47825 47976 48015 48452 48766 48825 48885 49043 49199 49282 49822 49927
literal 47337 47553 47555 48958 49677
langston 47343 49394
leiden 47343 47624 48226 49156 49182 49487
load 47346 47369 47650 47681 47702 47794 47815 47882 47939 48091 48155 48202 48414 48586 48763 48825 48883 48885 48909 48913 48945 48953 48983 49043 49191 49261 49876 49927
loaded 47346 47432 47491 47702 47756 48586 48751 48858 48885 49109 49191 49284 49897
loading 47346 47440 47702 48201 48885 48909 49043 49284
listener 47346
lowpass 47346
lifting 47347 49115 49460 49927
lady 47350 47452 47681 49289
lizard 47350 47368 48036 48038 49493 49574 49612
literature 47351 47358 47495 47692 47718 47721 47939 48316 48678 48820 48876 49043 49097 49362 49394 49438 49523 49718 49759 49876 49881 49917
lyche 47351
leichter 47353
lesley 47353 47712 49488
lynbrook 47353 48370
lorna 47353 48370
lewis 47353 47754 47861 47906 48284 48370 48374 48432 48735 48954 49646
leonore 47353 49070
las 47353 47359 47861 48155 48204 48370 48826 49043 49199 49927
lichtenstadter 47353
lyngdal 47353
largo 47353
lerner 47353 47380 47622 47624 48995
lisa 47353 47524 47654 47681 48366 48370 48480 48854 48936 49764
larry 47353 47531 47654 48005 48275 48370 48804 48858 49233
lynn 47353 47425 47681 47754 47906 48370 49764
lee 47353 47454 47538 47622 47627 47660 47906 47909 47980 48155 48188 48204 48370 48390 48394 48425 48452 48480 48519 48558 48567 48611 48856 48858 48916 48969 48995 49193 49362 49394 49460 49474 49662 49689 49759 49864 49917
lola 47353 47425 47681 47906 48571 49375 49533 49744
lake 47353 47454 47681 47683 47720 47964 48010 48167 48333 48370 48532 48584 49066 49593 49793 49927
leinkram 47353 47622 48196 48571
lustgarten 47353 48647
lancashire 47353 48171 48196 48399 48995
lazarus 47353
leeds 47353 48171
levitt 47353
lawrence 47353 47454 47538 47688 47757 48284 48370 48969 48978 49042 49167 49648 49864
lionel 47353 49097
leidel 47353
limanowa 47353 49375 49533
leibish 47353
limanow 47353 48370
lehrer 47353 47754 47967 48645
leichtag 47353
leizor+jenta 47353
leanore 47353
lota 47353
laufer 47353 47453 48370 48571 48995 49441
lachmann 47353
lorraine 47353 48017 48370 48647
lipsk 47353
living 47358 47394 47524 47644 47673 47696 47967 48015 48032 48139 48176 48425 48778 49261 49391 49596 49724 49839 49911
liu 47358 47660 47697 47757 47815 48154 48155 48567 48778 49345 49362 49394 49870 49927
launch 47358 47369 47550 47555 47589 47641 48035 48858 48950 49452 49689
loss 47358 47531 47681 48039 48294 48301 48659 48800 48820 48997 49032 49108 49783
limitations 47358 47369 47440 47555 47629 47702 48152 48301 48305 48354 48404 48825 49261 49362 49541
lie 47358 47712 47904 48007 48316 48321 48641 48678 48766 48858 48956 49250 49261 49336 49394 49488 49544 49927
lengths 47358 47440 47541 47555 47986 48511 48678 48800 48820 48825 49201 49261 49394 49618 49657 49733 49808 49831 49927
lars 47358 47605 47681 47718 47806 47939 48855 49327
lilly 47358 47453 47524 48115 48567 48778 49593
lifetimes 47358
led 47358 47472 47495 47503 47527 47531 47555 47589 47594 47629 47967 48015 48308 48366 48778 48825 48858 48950 49140 49289 49313 49530 49541 49657
learns 47358 47486 47629 48032 49191 49541 49860
lies 47358 47547 47555 47589 47986 48400 48678 48752 48925 48978 49191 49394 49406 49438 49664 49822 49894
lillyirani 47358
lixia 47358
la 47358 47454 47882 48019 48115 48370 48491 49191 49289 49439 49593 49600 49764 49927
lopes 47358 47948 48139 48829 49003
luckow 47358
loosely 47358 47692 49043
leakage 47358
luminescent 47358
levin 47359 47624 48229 48370 49515 49764
lipke 47359
levek 47359
lodz 47359 47453 47861 47906 48370 49533 49593
lewi 47359 47906 49119 49772
lublin 47359 47906 48017 48204 48370 49658
lewin 47359 47622 47861 48370
lowy 47359 47906 48370
lowi 47359 47737 47906
lubaczow 47359
laie 47359 47622 48370 48485 49070 49658
levy 47359 47524 47681 49441 49593
lednicer 47359
lewy 47359 48204
lotte 47359
lay 47369 47702 47716 47986 48107 48722 48766 49058
land 47369 47442 47550 47589 47681 47692 47717 47844 48107 48115 48266 48388 48664 48703 48987 49019 49769 49788
loads 47369 47650 47702 48586 48885 49853
loopback 47369 48997
lookups 47369 47503 49250
lookup 47369 47956 48155 48349 48987 49109 49289 49391
localhost 47369
linefeed 47369
literals 47369 47555 48748 49191
\n' 47369
lai 47380 47425 47622 48286 48399 48485 49375 49554
langsam 47394 47454 47524 47575 48854 49070 49281 49333 49823 49839
launching 47397 47555 48543 48778
literacy 47398 47442 48480 49596
lorikeet 47420 48668
lum 47424 47871 48136 48466 48985 49392 49451
liebman 47425
leffler 47425
libmann 47425 49042
lipnik 47425 47453 49333
lois 47425 47681 48370
laurel 47425 49648
lena 47425 47524 47624 47681 48370 48995 49441
lipmann 47425 48647 49658
lasts 47426 48629
loffler 47427 47737 47861 48455 49327 49333 49765
laguna 47428 48223 48370 48788 49198 49405 49603 49685 49769 49893
lexicographical 47440 47555 49201
\test\project1\example 47440
\docs\uci\ics32\homework 47440
lookout 47440 48972
limitation 47440 47491 47555 48090 48841 49191
len 47440 47555 47986 48349 49250 49334 49842
lighten 47440 49256
losses 47442
lim 47448 47789 48969
licenses 47449 47654 48703 48978
lighter 47450 48284 48305 48712
legible 47450 48440
lying 47450 47539 47541 48050 48965 49927
loving 47452
love 47452 47495 47523 47681 48090 48106 48115 48160 48332 48562 48703 48712 48950 48954 48969 49191 49251 49261 49275 49445 49585 49632 49877 49881
lookin 47452
liverpool 47452 47536 48171 49336 49927
lovely 47452 47524
lucy 47452 47681 49596
loves 47452
lindowisa 47453
langsam2 47454
langsam5 47454
langsam7 47454
langsam27 47454
langsam1 47454
langsam4 47454
langsam22 47454
langsam25 47454
langsam29 47454
langsam10 47454
langsam9 47454
langsam17 47454
langsam11 47454
langsam12 47454
langsam28 47454
langsam19 47454
langsam13 47454
langsam6 47454
langsam20 47454
langsam16 47454
langsam31 47454
langsam30 47454
lauderdale 47454 47906 48017 48370
langsam15 47454
langsam14 47454
langsam26 47454
langsam21 47454
langsam23 47454
langsam18 47454
langsam3 47454
langsam8 47454
langsam24 47454
lester 47454 49823
lillian 47454 47624 47737 48351 48370 48399 49764
laurent 47465 47939
laboratories 47465 47650 49261
learningbiomedical 47469 48599 48840 49180
lexicographic 47472 47602 48050 49887 49927
locks 47475 47810 48148 48513 48528 48588 49261
logic 47478 47495 47550 47553 47558 47629 47763 47839 47905 48060 48152 48266 48283 48301 48539 48644 48748 48771 48807 48958 48991 49009 49043 49191 49394 49406 49413 49416 49541 49611 49870 49927
lueker 47483 47882 47928 48050 48451 48455 49187 49327 49560 49808 49897 49927
linguists 47486 47692
letting 47486 47699 47840 47962 48349 48678 48885 49017 49261 49394 49842
langauges 47491
law 47491 47654 47692 47731 47900 48032 48266 48308 48590 48611 48678 48778 48978 49043 49191 49269 49406 49721 49927
leap 47491 47681
looping 47491 47541 47555 48354
luck 47491 47681 48301 48425
linen 47492
lifelong 47495 49108 49289
lingen 47496
lafon 47496
lawyers 47503 47654
logicalvariable 47505 47905 48360
langson 47507 47843
lhc 47511 49524 49860
larges 47513
lucky 47518 47740 49126 49191 49407 49556
leprechauns 47518 47740 49126 49407 49556
langsam's 47524
lived 47524 47683 47967 48272 48425 48645 48756 49124 49281 49823 49839
lastly 47524 48035 48301 48850 48997
lilyan 47524
langsams 47524
lotowisk 47524
lipsitz 47524
lieb 47524
lalo 47524
lisandro 47524
leviton 47524
levi 47524 47681 47906 48229 49908
larson 47524 47622
laurie 47524 47686 47768 48399 48494
ls15 47526 47663 48051 48212 48233 48589 48657 48691 48828 49016 49260
leasing 47531
lotus 47531
linking 47531 47725 47938 48455 48722 49043 49140 49394 49801
linkbase 47531
lance 47536 48266 48370
lc 47538 49261
üngör 47539 48050 49927
lazy 47539 47622 47681 47807 48422 48825 49039 49191 49261 49828 49831 49927
libre 47539 49927
liotta 47539 48455 48730 49870 49927
layouts 47539 47928 48050 48455 49336 49927
log2n 47539 47928 48277 49201 49927
length= 47541
|| 47541 47777 48101 48161 48511 48678 48748 48957 49131
lineararrayqueue 47541
lagarias 47547 48311
|ncwit 47550 48487
lupus 47550
lollicup 47550
llp's 47550
llp 47550
lunch 47550 47679 47924 47929 48083 48311 48696 49080 49141
limbo 47551
limboing 47551
lattices 47553 47839 47928 48748 48771 48956 49336 49416 49927
lt 47553 48696
localname 47553
localnames 47553
literally 47553 47555 48699 49058 49201 49261
level=single 47553
level=all 47553
level=multiple 47553
level='any 47553
level='multiple 47553
lexicographically 47553
lang 47553 47681 47861 47967 48050 48858 49927
\n 47555 47702 48882
\\ 47555 47801 48199 48659 48903 49261 49651 49750
laying 47555
¬ 47558
locatin 47558
layout 47561 47702 47976 48297 48440 48696 48766 48825 48864 48885 48909 48991 49261 49287 49336 49394 49836 49870 49927
lombardi 47570 47939 48455 49927
löffler 47570 47928 48050 49336 49720 49927
lining 47573
loshbaugh 47575
leia 47575 47906 48370 48995 49070 49264 49375
lobster 47577 48522 48747 49806
limitless 47577
linkages 47585 49927
l∞ 47585
labeling 47585 47766 48348 49336 49927
leighton 47585 49394
lightheaded 47589
layman 47589
lucrative 47589
lindbergh 47589
lighthouse 47590 48479 49310 49332
lastname 47594 49151
losing 47596 48528 48586 48611 49261
lod 47605
lipniy 47621
locher 47621
lopatka 47621 48351
lencice 47621
lemberg 47622 47624
leszek 47622
leuchter 47622
locha 47622
lubasz 47622
luiza 47622
liba 47622 48370 49042 49119 49375
laksberger 47622
liebling 47622 49119 49375
lambeth 47622
lieby 47623 49375 49441
leibisch+rifka 47624
laya 47624 47967
lieser 47624
lasky 47624
lefkowits 47624
laub 47624 48204 49593
larchmont 47624
lifczis 47624
lesor 47624
leidner 47624
lewenstein 47624 48370 49772
lazar+lina 47624
lidia 47624 48204 48370
landline 47627
lathrop 47629 48139 48316 48606 48729 48784 49240 49541 49838
letterhead 47629 49541
lokshtanov 47631 49336 49927
layering 47632 48050 49887 49927
lap 47644 48539 49812
leisure 47644 48722 49523
lecturers 47650 49320
lately 47650 49289
lewek+perel 47651
leona 47651 47861 49375
legislation 47654 48611
lessig 47654
loots 47654
licra 47654
lutters 47660 48567
leslie 47660 47906 48196 48351 48370 49593
link32 47677
lebanon 47679
lace 47681 48370
lacy 47681
lain 47681
lair 47681
lamb 47681 48778 49334 49405
lame 47681
lana 47681
lane 47681
lank 47681
laos 47681 49764
lard 47681
lark 47681
lase 47681
lash 47681
lass 47681
lath 47681
laud 47681
laue 47681
lava 47681
lawn 47681
laze 47681
leak 47681 47702 48155 49261
lean 47681 49289
lear 47681
leek 47681
leer 47681
lend 47681 48482 49108
lent 47681
lest 47681
lewd 47681
liar 47681
lice 47681
lied 47681 49261
lien 47681
lieu 47681 48543
lift 47681 47884 48015
lila 47681 48370
lilt 47681
lima 47681 48972
limb 47681
lime 47681 48488 48994
limp 47681
lind 47681
lint 47681 48696
lise 47681 49007
loaf 47681
loam 47681
loan 47681 47731 48590
lobe 47681
lobo 47681
loci 47681
loeb 47681
loft 47681
loge 47681
loin 47681
loki 47681
loll 47681
lomb 47681
lome 47681
lone 47681 47839 48748
loom 47681
loon 47681
loot 47681
lope 47681
lord 47681
lore 47681
lowe 47681 48575 49290
luge 47681
luke 47681 48155
lull 47681
lulu 47681
lump 47681
lund 47681
lung 47681 48778
lura 47681
lure 47681
lurk 47681 49261
lush 47681
lust 47681 48571
lute 47681
lutz 47681
luxe 47681
lynx 47681 48696
lyon 47681 48370
lyra 47681
loner 47686 47731 47768 48590 48712
linguistic 47692 48916 49191
ls 47702 48997 49243 49659 49912
loader 47702 49261
linker 47702 47725 47985 48586
linkers 47702 47725
ld 47702 47718 47985 48200 49261
libfoo 47702
ladaw 47712 49488
lon 47718 48297
leone 47718
leigh 47721 48370 48829 49764
lynce 47727
leb 47731
lowell 47731 49327 49764 49887
ltrott 47731
laleh 47731
lalehj 47731
licensed 47731 48266 48590 49323
lengthwise 47731 48590
locales 47731 48590 48703
lableled 47731 48590
leila 47735 48155 49342
leibowicz 47737
lewkowicz 47737 47957 49593
luxembourg 47741 48050 49927
lindenbaum 47754
liliane 47754
leni 47754
libschitz 47754
lib 47756 48153
lesson 47757 47986 48305 48316 48678 48712 49191 49261
lounge 47760 48311
larrosa 47762 48408 49390
level—there 47768
larch 47771
ln 47777 48722
lns 47777
lvalues 47777
loop's 47777
lookahead 47777 48820 49362
legion 47780
locators 47789 48300 48825
logarithm 47801 48820
logaritghm 47801
\in 47801 48198 48681 49438
\begin 47801 48199 48332 48659 49323 49651 49750
\infty 47801 48198
\end 47801 48199 48332 48659 49323 49651 49750
l^ 47801
\quad 47801 48659 49750
\leftarrow 47801
\frac 47801 48198 48199 48659 49651
\left 47801 48199 49651
\right 47801 48199 49651
\approx 47801
\leq 47801 48198 48659 48678
lround 47801
lroundf 47801
lru 47807 49380
lin 47815 48101 48155 48969 49632
literary 47833 49003
librarian 47833 48266 48316
|s| 47839 49753
|∅| 47839
logically 47840 48629 49587
leftover 47840 49652 49927
likes 47840 48106
locating 47842 48825 49269
livestreaming 47843
livestreamers 47843
lgbtq 47843 47924 48042
landmark 47844 49927
lands 47844 47919
leadership—private 47844
libraryinstructions 47845
\users\yourname\cppworkspace 47845
lambda 47847 48406 49109 49191 49383 49452 49831
louie 47847 47967 48370 48854 49823
limerick 47856 47882 48128 49099 49217 49232 49439 49927
liebgold 47861
loeffler 47861
leontyna 47861 49658
ludwika 47861 48713 49207
liebermann 47861 48017 48370
lili 47861 48370
levine 47861 48017 48266 48370 48491 49764 49851
\users\sandyirani\desktop\ics 47877 48939 48971 49411 49858
longest 47882 48018 48283 48451 48455 48511 48735 48807 49336 49383 49394 49452 49831 49927
\mingw 47886
\mingw\bin 47886
\tim\ics199\connectfinaljava\fullsource\connectview 47894
\tim\ics199\connectfinaljava\fullsource\aboutdialog 47894
\tim\ics199\connectfinaljava\fullsource\quitdialog 47894
\tim\ics199\connectfinaljava\fullsource\options 47894
\tim\ics199\connectfinaljava\fullsource\connectk 47894
\tim\ics199\connectfinaljava\fullsource\pboard 47894
ladwp 47900
life… 47900
logicalconstant 47905 48360
ludwig 47906
liber 47906 49772
leyzer 47906 48374
lodze 47906
lviv 47906
lezajsk 47906
leser 47906 48370 48647 49119
lapanow 47906
leiger 47906
langenthal 47906
lagenthal 47906
louise 47906 48010 48370 48567 49042 49441 49764 49793
laverne 47906
lisko 47906
luxury 47920
leja 47927 47957 48284 48351 49333 49375
ludwinow 47927
liliana 47927
lakhdar 47939
lazaar 47939
lebbah 47939
lozano 47939
lesaint 47939
learnt 47939 48748 48997
lanyard 47940
lanyards 47940
leeway 47940 48463 49107 49829
logistical 47940 48463 48712 49452
lazard 47941 49927
\log 47942 49183 49284 49394
lecturerresearch 47948 48134 48840
leyb 47957 49554
lebwohl 47957
leopoldine 47957
leonari 47957
laay 47960
lajos 47967
lifschitz 47967
lutowiska 47967
luie 47967
liberty 47980 48104 48854 49646
lande 47980 48196
lenoff 47980
lees 47980
localsystem 47983
├── 47985
l3 47986 48266 49081
left6522377 47994
left6723058 47994
left7059113 47994
left6833418 47994
left6608977 47994
left6361700 47994
left6997210 47994
left7084104 47994
left7597094 47994
left7234908 47994
left7673297 47994
left7111334 47994
left7714296 47994
left7801814 47994
left7425797 47994
left7294753 47994
left7927610 47994
left7485235 47994
left7545304 47994
left7745286 47994
left7581272 47994
left8009042 47994
left7935832 47994
left999193654 47994
left4725284894 47994
left4860333866 47994
left4893077895 47994
left4959728218 47994
left4981649564 47994
left6956503 47994
left7166401 47994
left4053440 47994
left7443151 47994
left7280460 47994
left7487429 47994
left7664363 47994
left7660308 47994
left7747131 47994
left8182029 47994
left7877609 47994
left7970022 47994
left7486219 47994
left7939979 47994
left7915528 47994
left8217214 47994
left7908327 47994
left7382266 47994
left8201909 47994
left8047114 47994
left8125344 47994
left8233194 47994
left8330564 47994
left1762439252 47994
left4218545428 47994
left4906532743 47994
left4965476002 47994
left4980958518 47994
left4984132318 47994
left4982088167 47994
left4985550177 47994
luncheon 48015
libe 48017 49441
lucille 48017 48370
lau 48017 49107 49829
lermer 48017
lindsey 48017 48480 48565 48677 48692 49053 49111 49206 49755 49764
lilian 48017
leazer 48017
lumen 48022 48702
larc 48022
liable 48032 48107 49846
liability 48032
legally 48032 48611 49269
lifestyle 48032
lanka 48042
lightest 48050 49187 49927
learner 48050 49677 49927
lodge 48074 49049
leftmost 48090 48161 48511
lax 48100 49533 49685
linh 48101
leq 48101
lb 48101
loc 48101
loc0 48101
lout 48101
lo 48101 48916
lasthalve 48101
localchange 48101
level+1 48101
livequiz 48106
libya 48107
localized 48107
louvre 48115
leann 48115
ls50 48116 48471 48527 48580 48598 48705 49082 49473 49543 49588
lacking 48122 49043 49524
laptops 48132 48712
lubomir 48139 48155 48840
latency 48139 48154 48246 48825 48997 49081 49740
lynne 48142 48370
listmodels 48144 48297
lrm 48144 48958 48970
listens 48152
lab1 48153 48596
\45jworkspace 48153
luca 48155 48876
leveraging 48155 48703 48978 49080
leysia 48155
lopresti 48155
lujo 48155
localizing 48155 49460
liao 48155
localization 48155 48455 49460
lilia 48155
lickfett 48155
liang 48155
lncs 48155 48455 49230
lazaridis 48155 48777
lazardis 48155
lu 48155 48326 49345 49394
luthra 48155
let's 48161
lustig 48171 48647 49744
lebusch 48171
louisa 48171 48370
launches 48172 48778
lays 48172
lagoon 48177
legalize 48180
lavernia 48186
lizhi 48186
\real\ 48198
l\ 48198
\mathcal 48198 49750
\dots 48198 48199 48659 49651 49750
\subset 48198
l+1 48198 49668
l+\delta 48198
\delta 48198 48659 49651
l+\delta\ 48198
\supset 48198
|\ 48198
\delta\ 48198
\qquad 48198 49750
l+1\ 48198
\theta= 48199
\exp\left 48199 49651
\over 48199
\sqrt 48199 49055 49394 49651
\phi 48199 48681
\vdots 48199 49651
|z| 48199
\sign 48199
l^2\ 48199
lastmove 48200
lebenheim 48204 49533 49744
leibler 48204 49533
latner 48204 48286
lampel 48204
lachs 48204 49119
labin 48204 49375
levie 48204
lausanne 48204
luftig 48204
\= 48209
loebel 48229
lichtig 48229 49375 49593 49744
loeser 48229
leaky 48242
legacy 48246 48804 48825 48829 48858 49140 49405
lined 48249 48767 49019
lpml 48254
link= 48254
logit 48254
lassila 48260 48885
lorrie 48266
lorge 48266
leveson 48266
league 48266 49061
lawsuits 48266 48611
licensing 48266
legend 48272 49191 49261
lemma 48281 48678 49927
locus 48281 48548 49336 49927
levirate 48284
luster 48284
landstein 48284
luebeck 48284
lizzie 48289
listthere 48290 48419
lat 48297
longitudinal 48299 49251 49479 49908
legends 48305
lobby 48311
\em 48311 48332
\e 48311
\real^3 48311
labyrinth 48321 48423 48428 49115
labyrinths 48321 49115
laurence 48332
\bibitem 48332
\v 48332
\cal 48332
luzeaux 48332
\cap 48332
|jp|^2 48332
|j 48332
|^2 48332
loses 48337 48509
leopard 48343
levarage 48349
list1 48349
|= 48349
liebeskind 48351 48571 49119 49533
levinson 48351
lenore 48351 49327 49394
levick 48351
leszczyny 48351
loffelholz 48351
lobzow 48351
lecza 48351
leverage 48354 48480 49191
likelier 48354
lips 48355
lippert 48366
lawton 48370
livia 48370
lenke 48370
lalla 48370
levenson 48370
lyons 48370 49042
lvov 48370
lusina 48370
lottie 48370
loebelsohn 48370
likier 48370 49772
leonie 48370
leinzeig 48370 48571 48647 49489
luisa 48370
lakewood 48370
lipca 48370
lipowicz 48370
liora 48370
liz 48370 48480
lovi 48370
lamar 48370
laflen 48370
linetta 48370
lorain 48370
linx 48370
leiba 48370
lavine 48370
lugassi 48370
luckenbill 48370
luckyinc 48370
luckinbill 48370
lackport 48370
lavonne 48370
leroy 48370
lenyoun 48370
layne 48370
leeb 48370
lorian 48370
loren 48370
lipot 48370
laszlo 48370
linkowski 48370
lemmel 48370
laussanne 48370
lebermann 48370
lomek 48370
leyka 48370
londy 48370
liana 48370
libau 48370
luzerne 48370
lleyton 48370
lenard 48370
labb 48370
libby 48370
laure 48370
lennart 48370
lynett 48370
lynet 48370
lithuania 48370
landen 48370
lucie 48370 49593 49744
ladue 48370
lisabeth 48370
litzky 48370
lezer 48370
lloyd 48384 49547
lamps 48388 48664 49788
lockwood 48399
liveness 48402
loadextends 48414
lakwood 48425
landing 48438 48480
\emph 48450
larkin 48451
lauds 48452 48826 49628
laac 48455
luo 48455
leaks 48455 48820
lite 48459 49097 49718
lisuallo 48480
loyalty 48480
lopez 48480
linxuan 48480
lyu 48480
lyndea 48480
laughs 48480
loved 48480 48703 48752 48954 49307
lief 48491
lafayette 48491 48987 49851
leif 48491 49439
lowlink 48493
lctes 48494
lucia 48504 48999
luciad 48504
litton 48509
lcs 48511
\| 48511 48659
lik 48518
lwd=2 48518
|y 48518
lunchtime 48519
locatability 48528
logjam 48532 49191
laps 48539 49239
line—and 48539
liebesfreund 48571
lutcza 48571
laks 48571 48713 49119
landscape 48584 48885 49003
\zdata\installed 48586
\program 48586
\users\yourname\clionprojects 48586
\cygwin64\bin 48586
lipp 48587
\21workspace 48596
learningdatabases 48599
learningstatistics 48599
learningcomputer 48599
laugh 48606 49126
legalities 48611
litigation 48611
litigate 48611
liberally 48641
l936 48645
layed 48645
lindenfeld 48647
lipnica 48647
leistner 48647
lora 48647
litka 48647
lakeland 48647
\balpha 48659
\balpha^\top 48659
\bw 48659
\lambda 48659
\epsilon\ 48659
\text 48659
\ell^ 48659
\propto 48659
\|^2 48659
\delta\balpha\ 48659
\tilde 48659
\max\ 48659
\min\ 48659
|qa||bc| 48678
|qb||ca| 48678
|qc||ab| 48678
|qa| 48678
|qb| 48678
|qc| 48678
|bc| 48678
lebesgue 48678
\geq 48678
|^ 48678
|^n 48678
|=0 48678
|y=f 48678
\pi 48681 49394
\mathbb 48681 49651
\ge 48681 49394
\to 48681
lessen 48696 48795 49043 49201
\oplus 48698
\bmod 48698 49897
lbp 48700
longitude 48703 49822
locative 48703
libretto 48703
loca 48703
lilies 48703
lok 48708
lowengrub 48710
lomeli 48710
lowensohn 48713
libertarians 48722
l0 48722
lr 48722
lr=r 48722
lnr0 48722
lenhart 48730
leonardo 48735 49439
linn 48735
lobsters 48747
¬∃ 48748
lighting 48752
lit 48752 48801
lossada 48765
labelling 48771
leuven 48777
lisboa 48777
über 48778
lucite 48792
learners 48795 49289 49544 49677
laplacian 48800 49062 49460 49651
lcv 48800
llgrad 48800
lesser 48800 49043 49191 49394
loo 48800
llhess 48800
length=117 48820
lg 48820
legitimacy 48820
lossy 48825 49429
libwww 48825
locaterequest 48825
livescript 48825
liberating 48829
lbic 48840
lischwa 48854
lenga 48854
lauer 48854
lousmagyar 48854
liam 48858
logos 48858
lunde 48858
lou 48858
letterforms 48864
lettershape 48864
linksys 48865
lengthier 48885
lexicological 48885
ldap 48898
\makeatletter 48903
\def\pyg 48903
\let\pyg 48903
\csname 48903
\ifx\relax 48903
\pyg 48903
\expandafter\pyg 48903
\expandafter\def\csname 48903
\textcolor 48903
\setlength 48903 49323
\fboxsep 48903
\fcolorbox 48903
\strut 48903
\def\pygzbs 48903
\char 48903
\def\pygzus 48903
\def\pygzob 48903
\def\pygzcb 48903
\def\pygzca 48903
\^ 48903 49261
\def\pygzam 48903
\def\pygzlt 48903
\def\pygzgt 48903
\def\pygzsh 48903
\def\pygzpc 48903
\def\pygzdl 48903
\def\pygzhy 48903
\def\pygzsq 48903
\def\pygzdq 48903
\def\pygzti 48903
\~ 48903
\def\pygzat 48903
\def\pygzlb 48903
\def\pygzrb 48903
\makeatother 48903
\tools\archstudio 48909
lp 48913 49284 49394
|a| 48913
|b| 48913 49394
latino 48916
\sc 48930
lectureindex 48933
lunarlanderassignment1 48947
lunarlander 48947
ladybug 48951
logarithms 48953 49611
loyola 48954
lll 48956
\r\n 48957
\0 48957
\tctrl+o 48957
\tctrl+p 48957
ltext 48957
legalcopyright 48957
legaltrademarks 48957
leftmargin 48957
lengthens 48978
laudati 48987
lorenz 48987
lamel 48995
lewit 48995
lieblich 48995
loew 48995
langerman 48995
leike 48995
latencies 48997
lauritzen 49007
lumiere 49007
literate 49017
lingad 49026
ly 49026
\graphtool 49032
\graphtool\graphtool 49032
libman 49042
lichtenstein 49042
lka+95 49043
lv95 49043
lvb+93 49043
luc87 49043
lvm95 49043
louisiana 49043 49927
lexicon 49043
luckham 49043
\theta 49055
\documents 49069
lancym 49070
landsum 49070
lancet 49070
linowitz 49070
linow 49070
longmont 49070
larsen 49080
lbnodes 49089
lbedges 49089
laua3 49107 49829
legb 49109
laird 49112
luu 49112
lauder 49119
lejzer 49119
landa 49119
langrock 49119
lehr 49119
lipsker 49119
loewenthat 49119
lewental 49119
lipsze 49119
lejbusz 49119
leprechaun 49126
lorca 49156
luminosity 49161
laboratoryresearch 49180
\alpha 49183
\varepsilon 49183
langauge 49191
labsand 49191
lill 49191
landscapes 49191
laughed 49191
lenin 49191
levers 49191
lavoisier 49191
latent 49191 49479 49908
lotus1 49191
litter 49191
legaslature 49191
loathing 49191
log21 49201
log22 49201
log23 49201
landwirth 49207 49333 49375
liebthal 49207
lida 49208
lieberfreund 49208 49772
lut 49249
lutego 49249
lip 49249
lipiec 49249
listopad 49249
les 49251
licit 49261
\fihuman\fp 49261
loopholes 49261
\c 49261
\finobody\fr 49261
\fiprovide\fr 49261
\fiis\fr 49261
\fiencrypted\fr 49261
legitimately 49261
\fisc\fr 49261
\fils\fr 49261
\fiwhich\fr 49261
\fitheir\fr 49261
\finame\fr 49261
\fiinspecting\fr 49261
\fiany\fr 49261
\fisomeone\fr 49261
\fianyone\fr 49261
\filogin\fr 49261
\fimail\fr 49261
\fipasswd\fr 49261
\fips\fr 49261
\filquota\fr 49261
\fidf\fr 49261
\fiyou\fr 49261
\fithe 49261
\fistill\fp 49261
\fihis\fr 49261
\fiand\fp 49261
\fireplicates\fr 49261
\fiinefficient\fr 49261
\fion 49261
\fiand 49261
\fin\fr\^th 49261
\fiwithout 49261
\finever\fr 49261
\fioriginal\fp 49261
\fiad 49261
\fimay\fp 49261
\fiprovably\fp 49261
\filogin\fp 49261
\w'login 49261
\fihere 49261
\fr 49261
\fiprogram\fr 49261
\filet 49261
\fithrow 49261
liberties 49261
\fimain 49261
\fiprint\fr 49261
\firead\fr 49261
\ficheck 49261
\ficheck\fr 49261
\fisame 49261
\fimatch\fr 49261
\ficode 49261
\ficompile 49261
\fis\fr 49261
\fifor\fr 49261
\fiprint 49261
\fit 49261
\ficompile\fr 49261
\fiend\fr 49261
\fibeginning\fr 49261
\fiabacus\fp 49261
\fisimultaneously\fr 49261
\w'figure 49261
lazar+scheindel 49264
lucas 49264
larnace 49264
lille 49264
lundenberg 49264
liwica 49264
lendl's 49269
lebedev 49269
leibush 49281
\log^2 49284
loudly 49289
loudest 49289
liking 49307
laner 49317
\needstexformat 49323
latex2e 49323
\providespackage 49323
\requirepackage 49323
\pgfkeys 49323
\metropolis 49323
\setbeamertemplate 49323
\newcommand 49323
\paperheight 49323
\textwidth 49323
\ifx\inserttitlegraphic\ 49323
\fi 49323
\vfill 49323
\ifx\inserttitle\ 49323
\ifx\insertsubtitle\ 49323
\usebeamertemplate 49323
\ifx\beamer 49323
\ifx\insertdate\ 49323
\ifx\insertinstitute\ 49323
\vspace 49323
\def\maketitle 49323
\ifbeamer 49323
\titlepage 49323
\else 49323
\frame 49323
\def\titlepage 49323
\vbox 49323
\inserttitlegraphic 49323
\nointerlineskip 49323
\raggedright 49323
\linespread 49323
\inserttitle 49323
\par 49323
\insertsubtitle 49323
\newlength 49323
linewidth 49323
\fill 49323
\insertauthor 49323
\insertdate 49323
\insertinstitute 49323
\defbeamertemplate 49323
\usebeamercolor 49323
\usebeamerfont 49323
\insertsectionhead\par 49323
\ifx\insertsubsectionhead\ 49323
\insertsubsectionhead 49323
\centering 49323
\insertsectionhead\\ 49323
\baselineskip 49323
\atbeginsection 49323
\sectionpage 49323
\atbeginsubsection 49323
\subsectionpage 49323
\ratio 49323
\insertframenumber 49323
\inserttotalframenumber 49323
\def\inserttotalframenumber 49323
\providecommand 49323
\vphantom 49323
\par\vskip\medskipamount 49323
\parskip 49323
\ifbeamercolorempty 49323
leftskip=\metropolis 49323
\insertblocktitle 49323
\textbullet 49323
\parindent 49323
\hbox 49323
\hfil\insertfootnotemark 49323
\insertfootnotetext\par 49323
\define 49323
\beamer 49323
\def\beamer 49323
\providebool 49323
\booltrue 49323
\begingroup 49323
\setkeys 49323
\setbeamercolor 49323
\apptocmd 49323
\ifbool 49323
\endgroup 49323
\boolfalse 49323
\processpgfpackageoptions 49323
\endinput 49323
lozzo 49327 49870 49927
lefler 49333
lofler 49333
linzer 49333
\t\n 49334
letter= 49334
labelings 49336 49927
leiserson 49342
lms 49362
linstead 49362
leong 49362
lotti 49375
lebl 49375
lasch 49375
liszyc 49386
lippman 49386
leizor 49386
|v 49394
|=n 49394
|s|=m 49394
lingas 49394
\omega 49394
|v| 49394
|e| 49394
|g|=|d| 49394
|v|^3 49394
linial 49394
luks 49394
\cite 49394
laurenco 49394
lcsa 49394
lawler 49394
\ldots 49394 49897
\sigma 49394 49651
\le 49394
linkless 49394
\l 49394
localisation 49394
loas 49394
\'\i 49394
lsi 49394
lev 49405
lever 49406
lub 49416
linescorecalculator 49417
lightness 49429
|letter 49429
luminance 49429
lsample 49429
lsample=0 49429
lsample=255 49429
lightness| 49429
leisar 49434
liukkonen 49438
\forall 49438 49750
lero 49439
lanubile 49439
latoza 49439
lescher 49439
landerer 49441
laye 49441
lucien 49441
laon 49441
|you 49456
leizeig 49489
ls100 49510
loring 49523
laparoscopic 49524
legislature 49526
lineageos 49530
lydia 49533
lipszyc 49533 49772
lauchter 49533
leibowitz 49533
lusia 49533
lipasie 49533
loy's 49544
lunes 49544
lunules 49544
liwie 49554
liszki 49554
lide 49554
lifcze 49554
lederberger 49554
laje 49554
leirner 49561
lacma 49561
lustberg 49578 49764
leizer+rachel 49578
leibl 49593
landlord 49593
leggewitz 49593
licht 49593
laurels 49628
lingering 49629
lapd 49629
ledeen 49646
livermore 49648
\rightarrow 49651
\bx 49651
\mapsto 49651
\bx\ 49651
\partial 49651
\bx^\top 49651
\ddots 49651
\nabla 49651
\operatorname 49651 49750
\bar\bx 49651
\circ 49651 49750
\bar\bx^\top 49651
\det 49651
\ell\ 49651 49750
\bx\in\real^2\ 49651
\sigma\ 49651
\det\sigma 49651
\sigma^ 49651
\sigma^2 49651
\ell 49651 49750
\real^m 49651
\by 49651
|a|\ 49651
leibusch 49658
lamm 49658
lubien 49658
lexemes 49677
lexically 49677
lexical 49677
lgb 49685
\ul 49689
lacko 49744
lebron 49744
logfilename 49745
logger 49745
\in\real^2 49750
\ell'\ 49750
localmax 49750
\qquad\text 49750
\ell\circ 49750
linfinity 49753
|r 49753
|s 49753
|a 49753
|fs| 49753
luci 49759
lctes'06 49759
louisville 49764
lannette 49764
leesville 49764
latham 49764
lissa 49764
lapin 49764
louis+jennie 49764
leibman 49772
lachman 49772
laveaux 49772
langier 49772
landebrger 49772
lerer 49772
lufbig 49772
loewenstein 49772
leinzig 49772
leinian 49772
leibach 49772
libertyville 49775
lifted 49822
latitudes 49822
longitudes 49822
lat1 49822
lat2 49822
lon1 49822
lon2 49822
lipston 49839
latte 49842
linnea 49848
learning—especially 49860
learning—become 49860
lhc—though 49860
language—the 49860
leiy 49864
lsli 49864
laude 49869 49897
lübbenau 49870 49927
lelewer 49876
loppy 49912
lab2 49912
lab3 49912
leeuwen 49927
leveled 49927
laminar 49927
