jun 44390 44439 44453 44561 44601 44608 44634 44656 44676 44698 44717 44753 44866 44917 44953 44988 45018 45030 45111 45208 45222 45234 45239 45293 45295 45306 45327 45365 45378 45404 45409 45410 45481 45485 45491 45554 45607 45662 45670 45698 45760 45785 45798 45812 45900 46086 46097 46112 46117 46127 46221 46312 46321 46337 46353 46383 46404 46431 46476 46496 46608 46669 46763 46780 46864 46926 46937 47028 47061 47079 47083 47128 47141 47151
jim 44391 44398 44414 44534 44539 44578 44588 44725 44846 44852 45073 45183 45202 45297 45334 45369 45481 45564 45678 45830 45968 46476 46496 46531 46546 46649 46716 46730 46805 46852 46927 46991 46997 47068 47085
just 44391 44392 44408 44410 44414 44436 44445 44449 44471 44479 44490 44509 44511 44516 44539 44556 44557 44573 44588 44612 44624 44628 44644 44670 44700 44720 44725 44757 44774 44790 44794 44797 44810 44852 44868 44869 44872 44903 44912 44922 44969 45004 45025 45031 45046 45063 45072 45073 45076 45098 45101 45118 45126 45130 45142 45163 45219 45242 45262 45267 45287 45295 45309 45334 45345 45346 45350 45411 45417 45424 45427 45431 45454 45481 45493 45505 45526 45527 45529 45533 45547 45551 45564 45584 45589 45599 45613 45642 45659 45676 45678 45699 45714 45720 45736 45743 45763 45830 45835 45842 45865 45872 45915 45964 45966 45998 46006 46013 46015 46022 46033 46041 46056 46060 46074 46079 46085 46096 46108 46111 46147 46167 46220 46225 46230 46242 46253 46306 46320 46321 46322 46338 46344 46397 46399 46419 46442 46446 46459 46463 46490 46494 46513 46518 46531 46533 46626 46649 46659 46678 46695 46712 46740 46744 46749 46761 46775 46803 46805 46809 46840 46841 46886 46888 46907 46918 46943 46991 46997 47018 47063 47088 47097 47106 47112 47115
jump 44392 44490 44670 45431 45481 45599 45743 45768 45934 46058 46079 46306 46338 46695 46756 46997
junkyu 44392 44866 45933
zero 44392 44557 44628 44651 44670 44691 44839 44840 44872 45063 45072 45130 45142 45165 45285 45350 45481 45527 45529 45533 45642 45684 45688 45810 45846 46015 46037 46111 46126 46226 46409 46433 46439 46444 46481 46512 46533 46649 46667 46749 46919 46975 46997 47018 47040
* 44392 44408 44438 44445 44449 44453 44460 44480 44511 44539 44557 44561 44573 44591 44601 44608 44634 44645 44651 44656 44662 44663 44670 44676 44698 44717 44730 44790 44792 44815 44869 44917 44936 44972 44988 45030 45031 45048 45098 45101 45111 45130 45157 45195 45205 45222 45239 45245 45271 45287 45293 45306 45327 45334 45350 45365 45367 45378 45392 45408 45409 45441 45451 45481 45485 45491 45493 45526 45527 45547 45564 45607 45611 45642 45662 45668 45694 45698 45714 45717 45720 45760 45777 45785 45798 45810 45812 45817 45832 45839 45858 45872 45934 45941 45966 45983 46015 46022 46079 46086 46090 46112 46127 46147 46221 46230 46308 46312 46321 46336 46337 46344 46353 46383 46404 46405 46419 46431 46446 46457 46496 46512 46530 46544 46588 46599 46606 46619 46665 46669 46671 46677 46689 46695 46737 46740 46761 46763 46768 46780 46805 46823 46824 46840 46864 46886 46919 46926 46937 46944 46991 46997 47018 47028 47053 47061 47063 47066 47077 47079 47104 47128 47141
java 44392 44476 44516 44531 44539 44569 44573 44578 44579 44790 44791 44792 44820 44872 44912 44975 45004 45101 45118 45195 45205 45208 45245 45312 45334 45350 45391 45392 45526 45527 45581 45668 45691 45743 45797 45872 45908 45946 45964 45984 46033 46079 46108 46147 46230 46397 46446 46463 46481 46521 46599 46667 46712 46740 46761 46775 46823 46840 46888 46899 46907 46953 46997 47018
justice 44392 44407 45835 45918 46653 46695 47115
jan 44392 44453 44508 44539 44561 44601 44608 44634 44656 44657 44676 44698 44717 44746 44790 44808 44904 44917 44988 45023 45030 45111 45173 45212 45222 45239 45293 45295 45299 45306 45327 45365 45378 45409 45430 45481 45485 45491 45492 45607 45662 45670 45698 45760 45785 45798 45812 45908 46086 46097 46112 46117 46121 46127 46221 46275 46312 46337 46353 46383 46404 46414 46431 46669 46695 46763 46766 46780 46864 46918 46926 46937 46983 46997 47028 47061 47079 47085 47128 47141
junkyul 44392
jeopardize 44392
jury 44392
john 44392 44490 44508 44529 44539 44542 44578 44644 44698 44746 44790 44866 44919 44931 44974 44975 45009 45076 45133 45230 45302 45377 45378 45481 45492 45560 45564 45668 45676 45783 45785 45819 45901 45934 46000 46107 46112 46117 46127 46134 46321 46383 46404 46430 46496 46575 46649 46666 46695 46841 46888 46895 46907 46978 46997 47053 47085 47089
jeopardy 44392 44790 46695
journey 44392 45123 45126 45163 45659 46050 46242 46626 46695 46907 46997 47029
janken 44392
judea 44392 44777 44829 44969 45910 46853 46993
jones 44392 44539 44556 44790 44975 45404 45481 45554 45668 45676 45918 46220 46888 46997
zipped 44392 44790 45334
january 44393 44439 44440 44499 44534 44568 44583 44584 44605 44723 44725 44729 44757 44764 44769 44791 44810 44833 44893 44919 44991 44993 44996 45004 45130 45133 45214 45254 45268 45275 45411 45446 45476 45481 45552 45560 45584 45641 45653 45655 45659 45678 45736 45758 45779 45782 45803 45857 45893 45898 45966 45980 46010 46072 46074 46101 46132 46249 46285 46322 46344 46381 46397 46399 46414 46426 46438 46496 46499 46542 46587 46612 46625 46655 46695 46712 46745 46750 46756 46773 46873 46886 46918 46919 46928 46981 47018 47027 47064 47075 47090 47113 47144 47146
july 44405 44407 44422 44429 44467 44478 44484 44494 44512 44514 44518 44519 44520 44542 44566 44568 44602 44605 44644 44674 44715 44723 44728 44769 44781 44791 44814 44824 44827 44835 44857 44891 44927 44938 44939 44946 44962 44983 44984 44997 45001 45015 45017 45040 45044 45054 45056 45125 45128 45129 45133 45136 45140 45164 45219 45276 45295 45313 45344 45384 45406 45407 45430 45481 45495 45508 45519 45521 45560 45561 45576 45579 45595 45607 45623 45666 45673 45674 45675 45676 45687 45704 45710 45731 45733 45742 45778 45803 45824 45826 45831 45833 45836 45881 45890 45895 45900 45903 45907 45922 45927 45936 45943 45952 45975 45999 46022 46049 46052 46085 46088 46095 46102 46111 46117 46124 46134 46140 46192 46209 46225 46232 46246 46280 46287 46300 46303 46310 46311 46314 46342 46356 46367 46377 46378 46381 46385 46400 46411 46449 46480 46486 46491 46496 46514 46561 46564 46567 46580 46643 46649 46687 46695 46715 46716 46733 46734 46751 46799 46814 46816 46854 46862 46872 46923 46928 46953 46955 46964 46968 46980 46985 47003 47024 47053 47063 47068 47080 47086 47101 47151
judging 44406 44508 44556 46005 46695
jobs 44407 44410 44459 44466 44471 44575 44584 44635 44684 44685 44734 44784 44810 44822 44868 44890 44906 44955 44974 44978 44991 44996 45006 45016 45018 45058 45071 45081 45104 45121 45123 45126 45149 45152 45163 45211 45212 45213 45242 45248 45254 45271 45316 45324 45334 45339 45345 45346 45351 45353 45404 45407 45424 45446 45453 45477 45505 45533 45554 45567 45570 45621 45623 45636 45652 45659 45663 45676 45687 45748 45762 45768 45782 45822 45835 45844 45847 45871 45889 45891 45901 45926 46007 46013 46050 46074 46079 46084 46085 46087 46100 46109 46111 46120 46129 46137 46145 46240 46249 46271 46306 46314 46334 46335 46357 46360 46389 46399 46442 46459 46488 46492 46518 46520 46534 46547 46561 46574 46606 46619 46626 46653 46693 46738 46757 46767 46768 46778 46791 46794 46803 46811 46847 46877 46916 46919 46940 47009 47029 47045 47066 47075 47080 47088 47133 47150 47155
joins 44407 44791 45071 45316 45433 45453 45659 45676 46405 46636
jflex 44408
j 44408 44449 44466 44557 44591 44601 44644 44663 44698 44723 44727 44749 44771 44791 44822 44866 44916 44919 45035 45079 45149 45153 45157 45193 45327 45365 45404 45453 45481 45547 45554 45662 45785 45908 45994 46015 46024 46090 46112 46117 46129 46134 46152 46220 46308 46344 46357 46383 46409 46512 46544 46695 46761 46779 46786 46817 46823 46888 46953 46976 46997 47028 47040 47079 47151
z 44408 44508 44574 44591 44727 44916 45035 45098 45219 45327 45350 45419 45441 45453 45481 45527 45584 45763 45908 46167 46308 46447 46481 46749 46761 46779 46823 46933 46953
zbc 44408
zxyxb' 44408
zb' 44408
zyb 44408
zyb' 44408
june 44409 44421 44425 44440 44450 44455 44495 44497 44508 44533 44541 44542 44544 44568 44605 44610 44631 44637 44646 44653 44657 44673 44683 44692 44694 44714 44719 44720 44723 44725 44735 44746 44765 44769 44779 44780 44787 44788 44791 44805 44806 44814 44818 44848 44853 44855 44864 44866 44884 44904 44919 44926 44933 44942 44952 44968 44977 45006 45053 45074 45133 45183 45189 45190 45209 45228 45244 45247 45262 45266 45289 45296 45314 45316 45336 45369 45415 45430 45435 45457 45481 45487 45489 45496 45500 45509 45516 45524 45535 45537 45549 45560 45568 45570 45587 45598 45624 45630 45659 45676 45682 45730 45732 45767 45787 45788 45790 45797 45799 45808 45823 45828 45875 45880 45885 45891 45899 45900 45904 45920 45951 45994 46022 46035 46056 46111 46117 46133 46137 46187 46188 46189 46202 46207 46214 46216 46218 46222 46259 46265 46268 46279 46286 46294 46299 46308 46341 46363 46364 46381 46383 46390 46391 46397 46422 46450 46472 46496 46511 46519 46520 46531 46537 46540 46541 46549 46555 46558 46561 46569 46574 46582 46613 46626 46639 46659 46675 46695 46700 46702 46719 46741 46743 46754 46762 46770 46791 46809 46817 46834 46839 46870 46871 46883 46895 46896 46918 46919 46929 46935 46941 46954 46960 46962 46974 46986 46989 47026 47027 47037 47038 47058 47081 47093 47097 47105 47111 47116 47122 47148
zurich 44410 44561 45481 46888 46997
justify 44410 45527 45584 46096 46649 46695 46943
joint 44411 44532 44569 44584 44614 44791 44814 44853 44866 44974 44998 45264 45334 45346 45417 45447 45676 45699 45883 45949 46024 46108 46160 46220 46259 46275 46298 46352 46381 46535 46695 46786 46809 46843 46997 47089
josé 44413 47085
johnson 44414 44578 44657 44730 44746 44765 44900 44908 45079 45377 45404 45481 45554 45570 45641 45918 45920 46107 46117 46160 46220 46496 46695 46842 46888 46981 46997 47061 47064 47085 47133
jordan 44423 44436 44445 44810 44950 45079 45404 45419 45554 45918 45949 46171 46469 46726 46997 47053 47079 47085
zhang 44423 44458 44657 44791 44975 45321 45388 45570 45857 45908 46117
zhou 44423 44975 46160 46496
jersey 44423 44590 44757 45163 45281 45327 45424 45785 46669 46926 46997 47029
journal 44423 44458 44479 44485 44508 44542 44544 44560 44564 44584 44644 44657 44691 44746 44753 44759 44791 44829 44839 44866 44919 44975 45076 45079 45133 45165 45344 45388 45407 45430 45481 45502 45560 45578 45676 45677 45782 45900 45908 45910 45934 45964 45994 46107 46117 46126 46184 46220 46226 46308 46366 46409 46439 46442 46496 46529 46596 46726 46853 46878 46904 46953 46975 46997 47040 47051 47053 47117 47151
journals 44427 44490 44556 44657 45676 46117 46126 46381 46496 46529 46856 46943 46975
zhong 44431 44437 45269 45392 46596 46713 46823 47104
jewish 44439 44440 44488 44508 44711 45419 45481 45770 45777 46303 46411 46671 46756 46876 46885 47063
jacob 44439 44508 44601 44608 44634 44656 44711 44808 45030 45240 45327 45334 45365 45481 45492 45607 45659 45670 45783 45785 46112 46306 46383 46404 46431 46669 46695 46755 46888 46926 46997 47028 47061 47063 47106
jack 44440 44644 44698 44711 44723 44800 45134 45334 45378 45481 46057 46074 46404 46426 46553 46669 46695 46791 46804 46843 46926 47085
jews 44440 44508 44723 45419 45481 46876
joking 44445 46494 46695 46809
janis 44445 47053
jennifer 44446 44551 44713 44820 44869 44883 44975 45007 45081 45091 45092 45096 45171 45414 45479 45554 45557 45560 45627 45659 45785 45917 46022 46129 46158 46418 46565 46615 46763 47029 47047
zoo 44449 44758 45115 45145 45181 45236 45389 45708 45844 46244 46498 46721 46957 46997 47022
jumbo 44449
japanese 44449 44508 45250 45481 45783 46220 46997 47151
jitlada 44449
jambalaya 44449
joshua 44452 44508 44956 45423 45483 45515 45520 45539 45554 45590 45610 45664 45825 45854 45913 46058 46115 46213 46235 46245 46304 46396 46408 46445 46471 46510 46524 46535 46942 46966 46995 46997 47008 47034 47053 47087
jul 44453 44509 44561 44601 44608 44634 44656 44698 44717 44808 44866 44904 44917 44988 45030 45111 45222 45239 45293 45295 45306 45327 45350 45365 45378 45409 45485 45491 45526 45607 45662 45670 45698 45760 45785 45798 45812 45842 46086 46112 46117 46127 46221 46223 46312 46337 46353 46383 46404 46431 46669 46716 46763 46766 46780 46864 46926 46937 47028 47061 47079 47100 47128 47141
zelinger 44453 44634 45670 46383
judel 44453 45111 45670
zygmunt 44453 44561 44717 45293 45365 45812 46127 46221 46337 46926 47061
jakob 44453 44561 44601 44608 44634 44656 44698 44717 44988 45030 45111 45222 45239 45306 45327 45365 45378 45409 45485 45491 45584 45607 45662 45670 45698 45760 45785 45798 45812 46086 46112 46127 46221 46312 46337 46353 46383 46431 46457 46669 46763 46780 46864 46926 46937 47028 47061 47079 47128 47141
jozef 44453 44508 44561 44601 44608 44634 44656 44676 44698 44717 44988 45111 45222 45293 45306 45365 45378 45409 45419 45491 45607 45670 45698 45760 45785 45798 45812 46086 46112 46127 46221 46312 46337 46353 46383 46404 46431 46457 46669 46763 46864 46926 46937 47028 47061 47079 47128 47141
jit 44456 44504 45352 46027 47057
zheng 44458 45499 45554 45908 46117 46249 47085
zhiyun 44458
javad 44458
zahra 44458 46626
zcomputer 44466 44822 45149 45404 45554 46129 46357
zhaoxia 44466 45554
johnbrock 44471 45621
join 44471 44490 44791 44815 44866 44906 45098 45253 45424 45429 45431 45659 45676 45779 45824 45842 46050 46085 46109 46306 46314 46405 46547 46636 46649 46695 46779 46847 47009 47083
joined 44471 44479 44508 44556 44725 45334 45481 45621 45659 45678 45824 46013 46306 46366 46626 46695 46997
jog 44471 45766
junkyard 44476 44539 44578 44916 45287 46575 46888 46997
joe 44476 44488 44539 44578 44588 44759 44900 45052 45334 45695 45736 45783 45803 46546 46695 46730 46907 46927 46928 46997 47018 47085 47088 47090
jiang 44476 45891 46223 46726 46953 46997
jos 44476 45481 46997
javascript 44476 45123 45872 46084 46335 46888 46997
jerzy 44476 44508 44561 44698 45365 45760 45812 46127 46337 46926 46997
jeff 44476 44488 44539 44698 44820 45481 45492 45526 45659 45783 45883 45966 45994 46160 46321 46496 46886 46904 46997 47027 47085
joyce's 44476 46888 46997
jason 44477 44746 45176 45321 45481 45783 45785 45797 45934 46321 46412 46739 46805 46937 46997 47085
jpd 44479 45554
joys 44482 46695
jerusalem 44485 44508 44723 45698 46997 47063
jawornik 44488
jewishgen 44488 44757 45419
joseph 44488 44508 44634 44676 44698 44723 44791 44866 44917 45023 45168 45234 45293 45327 45365 45481 45560 45662 45670 45760 45785 45918 45995 46112 46220 46221 46312 46383 46404 46695 46763 46878 46926 46997 47061 47063 47085
judge 44488 45334 45599 45743 46695 46894
james 44488 44698 44725 44866 44931 45327 45339 45390 45404 45454 45481 45500 45554 45570 45676 45678 45797 45870 45895 45908 45918 46127 46230 46383 46626 46695 46997 47085 47128 47148
jai 44501 44915 46117
jurek 44508 46663
judengasse 44508
jagiellonska 44508
jagiello 44508
jagiellonian 44508
jekeles 44508
judith 44508 44534 44588 44656 44725 44734 44896 45365 45659 45670 45676 45678 45734 45785 46669 46926 47061
josef 44508 44561 44601 44634 44698 44808 45419 45481 45670 45695 45698 45760 46086 46353 46383 46431 46864 46926 46937 47061 47079 47085
jakubow 44508
jacobs 44508 44791 45918 46763 46926
josel 44508 45698
joselewicz 44508
jebl 44508
jeweler 44508
zlotnik 44508
jew 44508
jozefowicz 44508
judah 44508 44698 45670 46404
jonas 44508 44561 44608 44634 45030 45222 45327 45670 45698 46353 46926
japan 44508 44544 44698 44791 44919 45133 45425 45481 45736 45803 45998 46107 46117 46220 46596 46928 46997 47051 47088 47090
jezower 44508
zeliger 44508
jotal25 44508
jesus 44508
zydow 44508
janina 44508 44717 45365 45378 45798
jachymczyk 44508
jewry 44508
zbikowski 44508
zydzi 44508
zeiden 44508
jasienica 44508
zaklad 44508
zydowski 44508
judaica 44508
jayson 44510
junit 44516 44549 45334 45417 45743
zip 44516 44912 45118 45701 45964 46147 46308 46336 46397 46446 46761 46907
jre 44516 45118 46397
jacobson 44516 44720 44877 44912 45118 45581 45918 45984 46056 46397 46521 46943 47018
jedi 44520 45198 45481 45946 46460
zap 44523 44583 45481 45507 46204 46499 46629 46773 47125
zonotopes 44529 44542 44578 46997 47040
juan 44532 45133 47085
jensendcjensen 44534
zion 44535 44808 45354 46906
zare 44539 44578 46997
jenn 44539 44578 46888 46997
ziegler 44539 44578 44723 46090 46997 47040 47085
jcta 44539 44578 46997
zonohedra 44542 44578 46997
johns 44542 44544 45133 45677 45918 45994 46085 46126 47027 47040 47151
jeff's 44544 47040
jcdcg3 44544 45425
zen 44556 44975 45481 46481
jpeg 44556 44588 44725 44936 44972 45678
jests 44556
jane 44557 44588 44634 45785 46695 46763
jaroslaw 44561 45798
jozefina 44561
jaworzno 44561 45409
juda 44561 44608 44698 44917 45239 45306 45327 45378 45419 45670 45698 45760 46112 46431 46864 46926 46937 47028 47141
judesa 44561 45306 45785 46221 46937
zarki 44561 44850 45554 46328 46357 46496 46874
zywiec 44561
jeremy 44561 45481 46496 46796 47085
zanwel 44561 45670 46383 46926
jankiel 44561 44634 47141
joachim 44561 44634 44698 44717 45306 45365 45409 45485 45491 45607 45670 45698 45785 45798 46221 46312 46383 46431 46926 46937 47028 47061
judka 44561
zimmels 44561
jaslo 44561 44717 45306 47061
judes 44561 45293 45607 45662 45760 46127 46937 47141
jezow 44561
jetty 44561 44634 45306 45378 45698 45785 45812 46221 47028
zalubincze 44561
zilbersztajn 44561
zyssel 44561
joel 44561 44601 44608 44656 45295 45365 45378 45419 45670 45698 45760 45783 45785 46112 46926 46937 46997 47028 47063
justyna 44561 46221
jaroslawa 44561
zebras 44563
joke 44573 45334 45481 46494 46695 46809
jade 44578 46997
jill 44578 45334 45785 46404 46888 46997
zvi 44578 44723 44726 45023 46090 46337 46763 46997 47063 47085
jif 44584
jimmy 44586 45570 46695 46831
jensen 44588 44725 44829 44886 45481 45678 45734 45910 45918 46649 46853 46997
jane's 44588
zhongload 44591
zirel 44601 44698
jamaica 44601 47061
julian 44601 44698 44720 44822 44866 44890 45111 45354 45378 45481 45554 45676 45785 46056 46312 46906
zortel 44608
jachetta 44608 45306 45365 45670 45698 47028
zelig 44608 44656 44711 45023 45365 45419 45670 45785 46353 46404 46457 47079
zvon 44610 46925
jbig 44610 46925
zilles 44610
jfk 44612
jay 44618 44855 45295 45783 45785 46321 46404 46926 47061
jays 44618
justifiable 44628 46175 46446 46695 46918
juban 44629
jazlowiec 44634
jaskowitz 44634
jake 44634
jan21 44634
jeremias 44634 45030 45670
jams 44644
joachims 44644
josua 44656 44988 45419 45670 45698 46383
jozue 44656 45293
jsac 44657
jihye 44657
jakobsson 44657
zhu 44657 44691 45079 45526 45570 45908 46007 46117 46626 47040 47085
joye 44657
j2=max 44663
j2 44663 45547 46134
j1=ind 44663
j2=ind 44663
j+1 44663
j1 44663 45547
jonathan 44664 44698 45365 45378 45481 45512 45560 45670 45783 45797 45857 46212 46339 46383 46626 46937 46997 47085 47088
jumping 44670 44725 45103 45678 46079 46695 46890
job 44670 44684 44784 44790 44975 45072 45118 45142 45163 45212 45254 45267 45331 45334 45346 45350 45453 45481 45584 45599 45642 45659 45676 45706 45743 45768 45847 45865 46013 46031 46048 46085 46108 46220 46242 46397 46442 46494 46626 46652 46695 46754 46767 46794 46877 46907
zeros 44670 45481 45642
jumps 44670 46079
jointly 44684 44700 45025 45193 45659 45847 45915 46320 46534 46649
jyothi 44684
jose 44685 44791 44919 45052 45659 45901 46953
junctions 44691 44759 45079 46796
√n 44691 45079 46107 47040
zwick 44696
jacm 44696 47111
zwilling 44698 44791
zofia 44698 44988 45030 45485 45607 45698 45785 46112 47141
joan 44698 44723 45027 45134 45365 46404 47085
johannesburg 44698
jessie 44698 45785
zussel 44698 45662
zychlin 44698
jochwet 44698 45698 47141
jetka 44698
jr 44698 45908 46997
johannes 44698 46399
johnny 44698 45481
jenny 44698 44808 45295 45920 46112 46312 46542 46601 47085
jean 44698 44812 45607 45662 45676 45695 45785 46404 47085
julia 44698 45036 45096 45111 45112 45327 45330 45378 45662 45676 45791 45870 46669 46681 46923 46997 47028
julius 44698 46127 46312 47028
janet 44698 45327 45481 45662 45676 45785 46204 46629 47115
zborovice 44698
jamie 44698 45481 45785
javier 44698 44866 46331
jacek 44698 45111
zachary 44698 45785 45901 47085
joanne 44698
jesse 44698
zlate 44711 45327 45607 45698
zali 44711
zevasser 44711
zak 44711
jgff 44711
jeconiah 44711
zborov 44711
jachet 44717 45293 45306 45365 45670 46937 47141
janlaury 44717
judessa 44717 45306 45812 46127 46312 46353 46383 47061
jasne 44717
zwikler 44717
zastow 44717
zmigrod 44717 45306 45378
jitl 44717
jozef+freidy 44717
zlata 44717 45111 45607 45812 46457
zishe 44723
jedlicze 44723
zisha6 44723
zusha 44723 46090
zasov 44723
zalehshitz 44723 46090
zeshuv 44723
zelda 44723 45023 45670 46090
jerus 44723
jennie 44723 44904 44927 45666
zagelbaum 44723 46090
jfc 44725 45678
jmiller 44725 45678
jon 44725 44866 45481 45901
jradoff 44725
joining 44734 45012 45098 45676 45865 46109 46242 46249 46636 46695 47009
zoids 44737 44859 45060 45279 45354 45484 45965 46906
zeil 44746
jeffrey 44746 45000 45659 45662 45695 45857 45998 46220 46321 46383
zoheb 44753
zabriskie 44768 45361 46150
jd 44774 46649
jauhari 44791
zaharioudakis 44791
jigyasu 44791
jia 44791 45392 45908 46596
json 44791
jamieson 44791 45121
jarke 44791
zdonik 44791
jagadish 44791
jar 44792 45195 46147 46481
jana 44818
jammalamadaka 44820 45167
jfeldman 44822 45554
july'97 44825
zone 44846 45346 45533 45659 46649
jazzcatsai 44856 46920 47126
zg 44866
jmlr 44866
journal= 44866 45083
joelle 44866
jianwu 44866
journalfull 44866
jian 44866
jebara 44866
jhm16 44866
jhm18 44866
joy 44868 45213 45785 45917 46695
justifying 44869 45584 45966 46022 46695 46809 46886
judgements 44869 45966 46022 46886
judged 44886 45599 45743 46695
joaquin 44893 45028 45069 45550 45655 45662 46499 46620 46622 46656 46772 46773 47144
jasliska 44904
jerome 44904 45111 45327 45378 45481 45842 46112 46997
ziv 44906 45554 45570 46212
zhanhang 44908
j2ee 44912 44975
jave 44912
jdk 44912 45118 45245 46397
javaview 44912 46997
zerlegung 44916
zisse 44917
zacha 44927 45666
jpg 44936 44972 47063
jpe 44936 44972
jorgensen 44950 45949 47085
jam 44970 45126 45345 45481 45570 45659 46204 46629
justin 44974 45354 45740 45872 45980 46381 46836 46866 46906
jefferson 44975 45918
jini 44975
javabeans 44975
juric 44975
jhi 44988
jechiel 44988 45419 45670
jucker 44988
junior 44996 45126 45163 45533 46013 46459 46695 46828 46997 46999
zipporah 45023
jitter 45024 46496
juttel 45030 45670 46337
zgierz 45030
zobel 45030 45670
zeroes 45031 46512 46840
zerofill 45031
joinvector 45035
zippy 45036 45186 45433 46909 47033
jörg 45039 45705
jussi 45039
joerg 45039
zima 45052 45803 46928
jpl 45052 45676 45803 45872 46928
jaist 45052 45803 46928
journalism 45071
judicial 45076 46919
jgaa 45079 45287 45994 46953
jeju 45079 46409
janeiro 45079 46511 46763 46845 47040
jordanow 45093
jita 45111
jozefa 45111 46221
jakob+cerka 45111
zebra 45115
javac 45118 45392 46230 46397
j2se 45118 46397
julie 45121 46349 46383 46926 46997
julio 45121
juliojr 45121
josh 45126 46294
jabbarvand 45131 46213 46492
jayakrishnan 45133
janice 45149 45554 45676 46109 46145 46240 46763 46926
j=1 45157 46308
jolted 45163
jcss 45165 46226 46975
ze'ev 45168
zalman 45168 45419 46112
jkhaug00 45173
zooks 45189
judgment 45193 46695 46919
jurisdiction 45193 46919
judice 45193
jar= 45195
jain 45213 45404 45554 45659 45687 45797 45857 45908 46117 46308 46399 47085
zonta 45213
junyu 45221
zabawa 45239
jazz 45242 45481 45999
javabayes 45250 45910
jeanne 45271
zinner 45293 46383
zakopane 45293
joelrosenwasser 45295
zbarz 45306
zimet 45306
judyta 45306 46926
jelesnia 45306
zins 45306
zolynia 45306
jacques 45306 46937
joche 45327
jehuda 45327 45419 45760
jozua 45327 45409 46337
jolan 45327
zita 45327
jessica 45327 45554 45659 45901 45934 46153 46619 46955 46997 47085 47106
jo 45327 46399
jobarrival 45331 45453
jobid 45331 46794
javadoc 45334 45668 46740
zeeman 45334
jen 45344 45419
judges 45346 45676 45901 46626 46695
zerodivisionerror 45350
jarring 45350
juliusz 45365 45785 45812 47061
jache 45365
jeruchem 45378 45607 46926
judy 45378 45554 45695 46531 46649 46805 46991 47106
ziszel 45378
zanger 45378
jugowice 45378
jughandle 45385
jug 45385 45547 46695
jiali 45392
jlex 45392
jdbc 45392
jarecki 45404 45554
jajones 45404 45554
jetski 45406
zinc 45408
zalpha 45408
zuri 45411
zena 45419
jaakov 45419
jakov 45419
jicchok 45419
jechzkiel 45419
zeev 45419
judit 45419
jichiel 45419
jetl 45419
jide 45419
josej 45419
jisruel 45419
zeny 45419
jisrael 45419
jichok 45419
jude 45419 45670 46695
jehude 45419
jesiahv 45419
joav 45419
jute 45419 46997
zev 45419
jerechmiel 45419
jedidot 45419
josia 45419
jechezkiel 45419
jehosua 45419
jesiahu 45419
jehide 45419
zo 45419
jeremiahu 45419
zaz 45419
jechuel 45419
jochanan 45419
jakkov 45419
jehosia 45419
jona 45419 45670 45698 46112
jehonatan 45419
jiccchok 45419
zeda 45419
zuse 45419
jente 45419 47028
zichiel 45419
jakutiel 45419
jachim 45419
jicchoka 45419
zvruhom 45419
jom 45419
jehoda 45419
jicchik 45419
jakobovic 45419
janowitz 45419
jeliner 45419
jung 45419 46864
jutkowic 45419
jichel 45419
jicchak 45419
zejoel 45419
jochet 45419
zpritc 45419
jocht 45419
jehudit 45419
jidel 45419
jiakov 45419
jotl 45419
jichuel 45419
zisl 45419
jechezkel 45419
zimmerman 45419 45918
jehime 45419
jicht 45419
jacht 45419
jchuel 45419
jite 45419
jerl 45419
zahler 45419 45812
zalmanovic 45419
zalmanowic 45419
zasufnik 45419
zeilendraf 45419
zelmanovic 45419
zemmel 45419
ziegelman 45419
ziegelmann 45419
zigl 45419
zigler 45419
ziglman 45419
jerichimu 45419
zilberman 45419
zimmermann 45419
zinglber 45419
zinn 45419
zipser 45419
zofron 45419
zommer 45419
zukker 45419
zwanzieger 45419
juniors 45424 45505
zine 45431 46763
jokes 45446 45934 46695
jacky 45446
jens 45446 45481
junlin 45446
jobmanager 45453 46794
jobclass 45453 46794
jobended 45453 46794
jobidpart 45453
jobswithleasttasks 45453 46794
jobswithmosttasks 45453 46794
joinwith 45453
jml 45481
zelazny 45481
jackson 45481 45918 46997
jungle 45481 46358
jg 45481
juno106 45481
jgm 45481
jpp 45481
jpettitt 45481
zealand 45481 45593 46997
jacks 45481
jewelery 45481
janpo 45481
zuerich 45481
jethro 45481
zell 45481
zappa 45481
jerry 45481 46220 46300 46404
zengrange 45481
jules 45481 45698 46404
jgh 45481
janus 45481
jpc 45481
jmunkki 45481
juri 45481
junk 45481 46929
jv 45481
johan 45481 46312
jacobsstraat 45481
jmg 45481
juerg 45481
jku 45481
juha 45481
jenks 45481
jk 45481
journalist 45481
jws 45481
jefferys 45481
jansen 45481
zu 45481
zurbuchen 45481
juimong 45481
jukka 45481
jimi 45481
johng 45481
jto 45481
jarkko 45481
jaaob 45481
jha 45481
zorland 45481
jimh 45481
zones 45481 46983
jnp 45481
j|rgen 45481
jarwa 45481
jarwah 45481
jo30ft 45481
zork1 45481
zork 45481
jiggled 45481
jet 45481 45676 46695
zircon 45481
jem 45481
jh 45481
zilog 45481
z320 45481
jacobsen 45481
jbn 45481
zentrale 45481
jarfalla 45481
jco 45481
janna 45485
joachym 45485 46353
jochen 45500
jasmine 45500 45659
zan 45500
joshi 45526
jeffe 45526
jugs 45547
j3 45547
jb 45547
ja 45547 45908
j2p 45547
joshug4 45554
jsolson 45554
jutts 45554
jwongma 45554 46129
zhao 45554 45570 45652 45676 45864 45883 46888 46997
zhengkai 45554
johnston 45560 45918
ji 45570 45857 45908
zhuang 45570
zhen 45570 46953
jing 45570 46626
jakob+helena 45607
jehouda 45607
jihyun 45623
jawaherul 45641 47085
zeroed 45642
jed 45659
journeyman 45659
jenta 45662
jentel 45662 45670 45785 46937
jaden 45665 46553
jossel 45670 47141
jokele 45670
jeruchum 45670
zwettel 45670
jekel 45670
jankl 45670
josuah 45670
jekerle 45670
jekle 45670
zaloszyc 45670
jutel 45670
jekele 45670
jondel 45670
zacharia 45670
zalerzyc 45670
jerucham 45670
zimmli 45670
janczelek 45670
jontel 45670
jochy 45670
jochne 45670
jeruhum 45670
zlotta 45670
jodres 45670
jacheta 45670
jankel 45670 47028
zelde 45670
julianna 45670
zysman 45670
zehngut 45670
jachwet 45670
jermias 45670
jakel 45670
zacharias 45670
zale 45670
jonkler 45670
jutte 45670 46763
zeldy 45670
jonatan 45670
jetsche 45670
jaker 45670
zerel 45670
jaroslawer 45670
zal 45670
zabler 45670
zlaty 45670
jozeph 45670
zaurz 45670
zaun 45670
zusel 45670
zlota 45670 46926 47061
zuker 45670
zucker 45670 45698 45760 45798 47028
jentli 45670
zloty 45670
jiao 45676
jobvite 45676
jms 45691
zack 45692 46235 46239
zeiwel 45698
zweig 45698 47141
joel+doba 45698
zbaraz 45698
jonasz 45698 46926 46937
jetti 45698 46127 46926 47028
zimmerspitz 45698
zylobic 45698
zablocie 45760
jitta 45760
jehoszua 45760
jogathon 45766
jmb 45776
ju 45783 47053
jihoon 45783
jakkree 45783
janchoi 45783
jonathon 45785
johanna 45785 46353 47028
joi 45785
zuckerman 45785
zautman 45785
johns+fredericka 45785
jackie 45785
jacqueline 45785 47128
janey 45785
jacob+mamie 45785
zabno 45785 46086 46937 47028
jungerwirth 45785 46937
jasienic 45785
jinhwan 45797
johnathan 45797
jekesiel 45798
zwierzyniec 45798
jekisiel 45798
jetta 45798
jachiel 45798
judaleib+hendel 45798
jozef+cyny 45812
zdzislaw 45812
jakobsohn 45812
joanna 45812 46926
zakroczyn 45812
zygmund 45812 46127
jakobowicz 45812 46926
zongheng 45824
jupiter 45825
jasper 45837
jonesborough 45842
zyante 45843 45938
jafarpour 45857
jie 45857
zao 45864
jython 45872
javascripting 45872
j2me 45872
jdt 45872
zoom 45872
jeon 45891 45908
jeongae 45900
zoran 45901
jolie 45901
jojo 45901
jeong 45908
js 45908 46991
jm 45908
jothi 45908
jj 45908
zuk 45908
zody 45908
jaffe 45908
jaenisch 45908
zeviani 45908
jointrees 45910
juliet 45915 46778
jcapulet 45915
jenkins 45918 46997
jennings 45918
jimenez 45918
juarez 45918 46010
joyce 45918 46242 46414 46997 47018
zamora 45918
joyner 45918 46085
jarvis 45918
jdwp 45964 46907
jni 45964 46907
zuzka 46027 47138
jorge 46050 46763 46997
jarsigner 46058
jumped 46079 46695
zisha 46090
jfva 46096
joseph+rose 46112
jamesburg 46112
zipres 46112
zuzana 46112
januar 46112
jeruchim 46112
januszpol 46112
jabaiah 46117
jc 46117
zeng 46117
jurnak 46117
jorde 46117
jamming 46120 46204 46695
java2d 46121
josek 46127 46926
zair 46127
zeni 46127
jt92 46134
j87 46134
j62 46134
jt3 46134
j98 46134
jt32 46134
j6543 46134
j9865 46134
j65 46134
junction 46150 46695
jasa 46160
josiah 46162 46639 47085
je 46187
zetalisp 46220
jazzar 46220
zyskind 46221
jadwiga 46221 47028
zadworze 46221
jeanetta 46221
ze 46242
jammed 46249 46695
zotbotics 46249
jeanelle 46306
j=0 46308
jarosz 46312
jasonp 46321
zdislav 46321
zvk 46321
jeffleader 46321
jhill 46321
z^2 46321
z^2+c 46321
z^d+c 46321
janeway 46322
j++ 46344
zürich 46356
josko 46383
jozef+feigel 46383
zimmer 46383
zacharyasz 46383 47141
zymmer 46383
jac 46383
jordana 46383
javafx 46397
zeidberg 46399
zimetbaum 46404
zanvil 46404 47063
zuttel 46431
jares 46431
jakobowitz 46431
zorro 46481
jyoti 46496
jhawar 46496
jardine 46496
zappala 46496
zwart 46496
zuckerberg 46547
joeuser 46590
jsn 46614
zoot 46626
zarina 46626
jtigue 46649
jager 46649
johnt 46649
jdavis 46649
jimdavis 46649
jimw 46649
zach 46655 46741
jbuilder 46658
jeanette 46669 46926
joseph+sadie 46669
zallel 46669
jacket 46695
judas 46695 47061
juncture 46695
jockey 46695
jolting 46695
jangle 46695
juxtaposition 46695
jigging 46695
jaw 46695
jacoh 46695
jdseph 46695
jerks 46695
jerking 46695
jove 46695
jilted 46695
jilt 46695
 46695
zenith 46695
joey 46695
joyful 46695
judg+ 46695
jealousy 46695
jarred 46695
jest 46695
ject 46695
jaws 46695
jumbled 46695
juice 46695
junketing 46695
jolly 46695
jealous 46695
jauntily 46695
jamb 46695
jointed 46695
zigzag 46695
juraping 46695
jineral 46695
juggler 46695
jutted 46695
zephyr 46695
jilting 46695
jacquet 46695
juggernaut 46695
judge+ 46695
judgement 46695
justifi+ 46695
junctures 46695
jutting 46695
journeying 46695
jets 46695
judicious 46695
judici+ 46695
jovial 46695
juno 46695
jewel 46695
zeed 46695
jewellery 46695
joyous+ 46695
zhile 46696
jargo 46712
jin 46726
jantemp 46756
jitendra 46757
johannesberg 46763
zinna 46763
jobswhether 46767
jodlowka 46780
joked 46791
jobtypeid 46794
jclass 46794
√b 46825
jhu 46837
jakob+bruche 46864
zator 46864
zemplâen 46876
jürgen 46888 46997
zonohedron 46888 46997
zometool 46888 46997
justification 46907 47154
jilla 46916
journalistic 46918
justified 46918
jail 46919
jacob+sissel 46926
zussman 46926
zloczow 46926 47028
jessen 46926
zagoriška 46929
zdunska 46937
zipe 46937
zangen 46937
zboro 46937
jama 46937
zynwel 46937
jdsl 46953
jda 46953
zillow 46983
zhendong 46983
jurzak 46997
jewelry 46997
javan 46997
jeannine 46997
jasso 46997
zucca 46997
jacqui's 46997
jovo 46997
jablan 46997
jigsaw 46997
janssens 46997
zerhusen 46997
jakobi 46997
zome 46997
jenicek 46997
zoology 46997
zef 46997
zillions 46997
zimmerman's 46997
zonohedrification 46997
zonotiles 46997
zonogons 46997
zubek's 46997
joret 47016 47085
zipcode 47018
zabrze 47028
jagiellonski 47028
zolkiew 47028
zygfryd 47028
zilina 47028
zlocow 47028
zborow 47028
zohar 47053
jair 47053
joris 47053
jaakola 47053
jaakkola 47053
jianbo 47053
zoubin 47053
zabih 47053
zeener 47061
juda+clara 47061
jeanine 47061
jeannette 47061
jungster 47061
zaleze 47061
zadownicki 47063
zelivansky 47063
zahava126 47063
zerakodesh 47063
jakub 47064
zelinda 47079
zhanpeng 47085
jirka 47085
jcampf 47106
j7 47115
zanvel+malki 47128
zachs 47128
jazette 47133
zacharja 47141
