joshua 22195 22259 22297 22384 22468 22471 22477 22519 22521 22545 22553 22615 22931 23039 23106 23116 23143 23160 23193 23363 23465 23534 23612 23655 23701 23806 23877 23884 23982 24058 24095 24185 24187 24229 24275 24309 24354 24356 24392 24500 24507 24532 24534 24558 24615 24623 24638
java 22196 22241 22335 22372 22385 22388 22414 22464 22480 22503 22551 22595 22656 22661 22696 22741 22744 22768 22784 22815 22861 22917 22921 23003 23087 23129 23158 23244 23272 23340 23348 23358 23430 23454 23601 23726 23734 23744 23759 23788 23796 23801 23825 23828 23934 23949 24037 24133 24157 24269 24340 24355 24407 24416 24419 24436 24483 24594 24610 24649 24656 24665 24706 24746
javascript 22196 22389 22450 22975 23003 23734 24051 24104 24293 24515
* 22196 22209 22213 22221 22235 22242 22282 22290 22301 22302 22322 22330 22335 22336 22358 22371 22398 22422 22464 22480 22503 22519 22533 22559 22585 22592 22595 22597 22639 22650 22688 22691 22707 22723 22768 22770 22784 22794 22825 22829 22861 22866 22869 22882 22883 22893 22945 22962 22968 22982 22990 23017 23018 23028 23034 23090 23101 23106 23121 23166 23195 23213 23236 23241 23244 23254 23288 23319 23326 23328 23340 23381 23400 23402 23420 23430 23443 23452 23454 23471 23474 23484 23487 23532 23534 23550 23567 23575 23588 23598 23601 23623 23637 23689 23698 23702 23713 23725 23729 23742 23752 23773 23796 23818 23819 23828 23836 23850 23880 23883 23934 23949 23950 23951 23962 23981 23996 24001 24003 24009 24016 24028 24031 24036 24065 24070 24073 24099 24126 24176 24177 24248 24261 24275 24281 24296 24315 24318 24323 24330 24333 24335 24356 24369 24381 24397 24398 24406 24413 24436 24459 24483 24487 24504 24508 24528 24537 24550 24631 24644 24649 24665 24674 24713 24742 24746 24772 24793 24805 24814 24816 24864 24866 24889 24899 24918 24944 24956 24960
just 22196 22209 22213 22219 22237 22238 22242 22257 22331 22335 22346 22358 22377 22389 22398 22435 22451 22480 22485 22503 22530 22561 22568 22617 22664 22670 22677 22688 22717 22720 22723 22750 22768 22778 22790 22794 22815 22825 22829 22836 22861 22863 22866 22869 22874 22893 22908 22914 22936 22956 22960 22975 22982 22989 23017 23028 23034 23087 23090 23134 23158 23197 23244 23272 23291 23293 23324 23340 23348 23398 23402 23420 23430 23441 23453 23466 23474 23477 23480 23537 23545 23567 23588 23601 23603 23622 23645 23661 23709 23744 23752 23759 23783 23787 23796 23801 23806 23825 23828 23831 23843 23857 23926 23949 23962 23977 23994 24001 24002 24028 24030 24036 24051 24070 24073 24087 24115 24131 24132 24140 24154 24157 24187 24269 24271 24281 24293 24313 24330 24334 24346 24355 24369 24376 24397 24407 24415 24419 24436 24448 24462 24463 24483 24487 24508 24514 24515 24528 24553 24602 24608 24631 24653 24656 24657 24660 24671 24699 24706 24732 24736 24771 24791 24818 24822 24857 24891 24899 24940 24953 24965
jurafsky 22198
jupyter 22198
jobs 22211 22230 22332 22345 22348 22352 22391 22430 22485 22506 22554 22587 22627 22639 22648 22660 22677 22700 22717 22721 22741 22764 22766 22772 22776 22785 22809 22838 22860 22867 22904 22936 22944 22947 22970 22973 22978 22992 22995 23044 23069 23075 23084 23085 23087 23129 23144 23162 23178 23237 23245 23253 23272 23291 23335 23395 23403 23422 23443 23504 23529 23537 23538 23565 23598 23611 23622 23628 23634 23651 23701 23739 23763 23787 23835 23842 23895 23913 23914 23957 23989 23995 24002 24043 24051 24062 24064 24091 24092 24099 24136 24154 24187 24225 24239 24267 24271 24281 24293 24295 24301 24303 24308 24310 24314 24315 24382 24391 24448 24463 24469 24498 24572 24585 24599 24614 24618 24621 24625 24627 24638 24667 24698 24706 24727 24750 24753 24767 24791 24855 24868 24876 24878 24940 24941 24958
joan 22211 22330 22518 22592 22650 22972 23924 24275 24356 24618
job 22213 22265 22496 22660 22664 22696 22838 22867 22878 22936 22944 22970 22989 23001 23087 23152 23272 23291 23444 23474 23601 23828 23934 23962 24036 24064 24115 24131 24154 24187 24281 24313 24330 24376 24397 24407 24419 24436 24463 24508 24515 24550 24608 24625 24627 24750 24822 24855 24857 24953 24965
judea 22219 22238 22375 23601 24042 24070 24276 24436
july 22225 22231 22234 22240 22296 22313 22325 22345 22352 22383 22395 22413 22420 22423 22452 22475 22485 22488 22516 22564 22594 22595 22624 22658 22673 22697 22698 22708 22715 22716 22754 22760 22785 22797 22801 22807 22821 22826 22833 22845 22853 22873 22879 22892 22925 22934 22944 22949 22951 22959 22965 22980 22991 23027 23035 23087 23096 23115 23144 23146 23161 23162 23175 23184 23191 23215 23242 23281 23289 23305 23323 23331 23333 23340 23342 23343 23351 23354 23377 23415 23424 23431 23444 23448 23449 23499 23539 23579 23584 23588 23605 23618 23625 23632 23646 23653 23682 23686 23709 23739 23747 23753 23763 23773 23854 23857 23882 23963 23967 23979 23993 24036 24070 24093 24104 24156 24178 24180 24187 24203 24207 24231 24243 24273 24278 24310 24361 24420 24428 24461 24465 24471 24474 24489 24513 24524 24533 24551 24557 24564 24566 24585 24586 24587 24592 24614 24621 24641 24642 24659 24693 24702 24703 24707 24721 24727 24732 24758 24765 24773 24778 24781 24788 24794 24797 24798 24827 24853 24893 24899 24926
june 22229 22258 22265 22273 22283 22300 22310 22314 22326 22328 22330 22331 22339 22359 22364 22394 22405 22407 22455 22483 22504 22530 22540 22556 22563 22565 22578 22588 22592 22593 22595 22607 22622 22625 22646 22649 22675 22686 22705 22741 22747 22753 22771 22777 22789 22791 22794 22803 22806 22808 22811 22820 22847 22850 22899 22927 22952 22964 22970 22985 22986 22987 22996 23013 23024 23031 23038 23046 23054 23055 23056 23067 23074 23098 23119 23123 23130 23157 23159 23164 23175 23206 23215 23223 23228 23234 23248 23267 23269 23272 23278 23286 23293 23301 23304 23323 23327 23331 23336 23340 23354 23365 23374 23376 23387 23396 23397 23398 23414 23463 23483 23504 23507 23522 23536 23560 23630 23640 23650 23661 23663 23672 23677 23688 23699 23701 23709 23710 23723 23749 23769 23773 23802 23806 23821 23834 23842 23847 23857 23863 23872 23898 23900 23904 23912 23914 23970 23987 23999 24025 24032 24061 24071 24091 24101 24109 24132 24143 24174 24187 24215 24240 24274 24293 24338 24386 24401 24426 24451 24454 24486 24489 24518 24524 24526 24528 24576 24583 24592 24606 24664 24682 24695 24700 24704 24708 24712 24728 24733 24744 24752 24779 24801 24823 24854 24861 24862 24886 24899 24910 24932 24965
zoo 22234 22252 22681 22814 23059 23096 23142 23189 23304 23454 23587 23780 23999 24032 24433 24605 24641 24925
jehuda 22235 24318
jul 22235 22257 22282 22302 22330 22336 22519 22533 22585 22592 22597 22650 22707 22859 22883 22990 23101 23121 23288 23319 23328 23381 23532 23534 23550 23575 23588 23661 23689 23713 23819 23836 23850 23883 23926 23981 24016 24031 24036 24065 24126 24248 24275 24318 24335 24356 24381 24406 24489 24504 24524 24619 24644 24662 24674 24772 24793 24805 24814 24864 24918 24956 24960
juda 22235 22302 22533 22585 22597 23121 23288 23319 23328 23532 23550 23575 23713 23836 23981 24016 24126 24248 24275 24318 24356 24381 24772 24805 24814 24956 24960
jocha 22235
jun 22235 22282 22302 22330 22336 22519 22533 22585 22592 22597 22650 22707 22790 22825 22882 22883 22893 22990 23101 23121 23175 23288 23306 23319 23328 23381 23425 23532 23534 23550 23575 23623 23661 23689 23713 23742 23754 23755 23819 23836 23850 23857 23883 23981 24016 24031 24036 24065 24126 24248 24275 24318 24323 24335 24356 24381 24406 24489 24504 24644 24651 24674 24748 24772 24793 24805 24814 24817 24864 24918 24944 24956 24960
joanna 22235 23532 23575 23922 24275
jakob 22235 22282 22302 22330 22336 22533 22559 22585 22592 22597 22650 22707 22882 22883 22990 23121 23288 23319 23328 23381 23534 23550 23575 23623 23689 23713 23742 23819 23850 23857 23883 23924 24016 24031 24036 24065 24126 24169 24248 24275 24318 24335 24356 24381 24406 24504 24644 24674 24772 24793 24814 24864 24918 24956
josef 22235 22336 22533 22585 22592 22597 22707 23328 23532 23534 23550 23575 23850 24065 24318 24406 24644 24805 24864
zuckerman 22235 22597 23872
jan 22235 22282 22284 22302 22330 22336 22474 22519 22533 22547 22585 22592 22597 22608 22629 22650 22707 22788 22883 22946 22986 22990 23043 23101 23121 23175 23288 23319 23328 23354 23381 23532 23534 23550 23575 23588 23601 23623 23661 23671 23689 23713 23742 23819 23836 23850 23857 23883 23926 23935 23941 23956 23981 24016 24031 24065 24126 24248 24275 24293 24318 24335 24356 24381 24406 24424 24436 24462 24504 24552 24644 24674 24694 24772 24793 24805 24814 24864 24899 24918 24956 24960
zimmerman 22235 23340 23534 24169 24275
jerzy 22235 22592 23550 24016
zator 22235 22282 22650 23850 24016 24248
zabawa 22235
zielonki 22235
joseph 22235 22282 22330 22336 22519 22592 22650 22787 23031 23121 23319 23354 23402 23534 23550 23661 23713 23819 23850 23924 23941 24016 24031 24275 24356 24369 24381 24956
zofia 22235 22336 22592 22990 23981 24016 24126 24275 24356 24381 24960
jacob 22235 22241 22282 22284 22330 22519 22650 23260 23328 23385 23534 23550 23607 23661 23713 23819 23857 23924 24036 24141 24275 24356 24360 24644 24814 24956
jointly 22237 22568 23134 23444 24136 24293 24448 24489 24671
jie 22241 22836 23029 23246 23574 23726 23788
javabeans 22241
java2com 22241
jacozoom 22241
zero 22242 22290 22484 22496 22503 22529 22720 22727 22794 22968 22989 23028 23215 23315 23324 23420 23430 23433 23588 23601 23606 23622 23698 23828 23955 23962 24212 24213 24252 24333 24397 24407 24430 24515 24528 24541 24598 24631 24660 24662 24665 24763 24796 24822 24934 24965
zack 22244 22622 23819 24668
zebras 22252
zzzzzzz 22253
jury 22257 23941 24187
juan 22267 23534 23922 24223
journal 22273 22334 22342 22365 22366 22375 22385 22544 22588 22595 22727 22973 23003 23106 23115 23152 23215 23306 23446 23490 23491 23495 23516 23565 23649 23871 23956 23973 23993 24042 24060 24070 24212 24293 24443 24489 24592 24610 24767 24852 24882 24898
jensen 22273 22375 22794 23293 23452 23752 24042 24104 24375 24528 24680 24732
japan 22273 22893 22994 23215 23332 23368 23872 23977 24014 24278 24559 24622 24835 24964
j 22273 22282 22330 22503 22519 22544 22558 22592 22597 22638 22650 22768 22794 22863 22913 22990 23018 23028 23115 23254 23290 23354 23395 23420 23440 23471 23496 23515 23534 23545 23550 23575 23589 23614 23637 23726 23783 23819 23820 23846 23872 23973 24009 24016 24028 24031 24036 24168 24212 24275 24281 24334 24349 24356 24397 24489 24528 24572 24638 24746
juels 22273
joel 22282 22330 22657 22908 23175 23176 23381 23534 23550 24016 24275 24318 24356 24381 24644 24805 24960
jozef 22282 22330 22336 22519 22533 22585 22592 22597 22650 23101 23121 23288 23319 23328 23381 23532 23534 23550 23575 23689 23713 23819 23836 23850 23883 23981 24016 24069 24248 24275 24318 24356 24381 24406 24504 24644 24699 24772 24793 24805 24814 24864 24956 24960
jechiel 22282 22533 23121 23550 23926 24864
john 22282 22284 22335 22349 22435 22519 22548 22592 22650 22741 22794 22869 22964 22982 22990 23115 23215 23306 23430 23534 23545 23550 23575 23588 23601 23614 23645 23661 23729 23734 23779 23819 23893 23977 24036 24047 24275 24356 24381 24397 24436 24489 24528 24559 24595 24613 24699 24713 24732 24742 24755 24852
julian 22282 22538 22974 22990 23354 23406 23550 23819 24016 24126 24275 24872
julia 22282 22330 22336 22347 22421 22530 22540 22592 22650 23040 23121 23734 24275 24318 24335 24356 24445 24489
jerome 22282 23534 23550 23819 23924
zuid 22283
jeff 22284 22382 22836 23752 24443
zero= 22290
joe 22293 22372 22382 22861 23713 23904 23906 23974 24278 24528 24559 24622 24964
jeff's 22293
jim 22301 22372 22382 22756 22772 22794 22936 23293 23425 23452 23567 23592 23645 23709 23733 23752 23754 23895 23906 23941 24001 24036 24173 24225 24487 24528 24553 24559 24599 24631 24633 24732 24859
zelig 22302 23101 23121 23328 23381 23742 24016 24169 24275 24356 24864
judessa 22302 22519 22707 23328 24248 24864
janczalek 22302
judes 22302 22597 22707 23101 23288 23550 23981 24381 24406
judyt 22302
jones 22302 22503 22727 22990 23601 23895 24356 24436
zhong 22322 22422 22495 22613 22656 23700 23725 23951 24262 24441
jukel 22330 24016
zweig 22330 23883 24275 24644 24864
zachariasz 22330
jety 22330
jonathan 22330 22533 22597 22677 22913 23331 23397 23402 23534 23575 23855 24275 24342 24356 24366 24381 24814 24832
jentel 22330 24248 24318 24864
jereth 22330
zeidman 22330
zaun 22330
zusskind 22330
jachet 22330 22336 22650 22707 23319 24016 24248 24335 24960
jozue 22330 24960
jadwiga 22330 22336 22519 22592 23328 23381 23819 24031 24126 24275 24406
jamaica 22330 23661 24644
zimmer 22330
johnstone 22330
josephine 22330 23550 24356
jersey 22330 23331 23534 23550
jasinska 22330
julius 22330 22533 23926 24031 24275 24381
zurich+tilli 22330
zygmunt 22330 22336 22519 22533 23328 23575 23819 23850 24016 24065 24126 24275 24318 24674 24814 24864 24918 24960
zyta 22330
jiao 22332
zonta 22332
jordan 22334 22342 23354 23679 24206 24223 24248 24275 24356 24705 24753
jfk 22335
jacheta 22336
zelde 22336 23328
zlata 22336 22882 22883 23532 23926 24016 24275 24406 24793
zurich 22336 22657 22741 22982 23175 24354
zelma 22336 23550 24814
jaslo 22336 22592 23742 23819 24275
zakopane 22336
zabledza 22336
zabledzy 22336
zablocie 22336 22707
january 22342 22389 22442 22496 22503 22544 22559 22560 22591 22608 22648 22688 22756 22794 22800 22809 22813 22888 22943 22956 22975 23001 23034 23073 23075 23090 23106 23175 23181 23206 23215 23293 23323 23340 23444 23574 23601 23614 23701 23709 23726 23741 23752 23787 23801 23817 23825 23826 23828 23857 23867 23893 23928 23929 23938 23989 24036 24039 24043 24116 24119 24155 24186 24221 24278 24297 24312 24391 24397 24411 24528 24553 24592 24602 24613 24622 24732 24820 24876 24957
joyner 22352 23763
jack 22361 22389 22597 22629 22889 22941 22975 23175 23575 23599 23689 23924 24036 24092 24169 24272 24275 24356 24361
joint 22366 22544 22568 22595 22721 22968 22973 23084 23235 23728 23942 24159 24315 24354 24369 24443 24489 24559 24931
journals 22366 22544 22860 22997 23171 23446 24293 24630 24852
jet 22366
jumping 22371 22595 22880 23293 23468 24946
jit 22372
zealand 22373 22904 24136
javabayes 22375
jason 22382 23085 23354 23645 23819 23843 24016 24187 24218 24275 24354 24381 24487 24559 24618 24852
johnson 22382 22389 22505 22544 22595 22727 22975 23291 23759 23973 24062 24175 24206 24613
jennifer 22387 22489 22519 22691 23049 23090 23534 23550 23756 23819 23853 23897 23978 24275 24618 24636 24787
junit 22388 23934
zip 22388 22660 22960 23296 23358 23400 23726 23773 23801 23934 23949 24330 24407 24419 24515 24656 24746
jpeg 22388 23254 23293 23818 23993 24269 24459
jnj 22389 22975
zuckerberg 22389 22975 23144 24585
json 22389 22975
zeroes 22389 22435 22975 23034 24483
jessica 22390 22435 22489 22519 22785 22995 23003 23402 23443 23534 23756 23780 23895 24043 24062 24156 24275 24293 24888 24893 24932
joining 22391 22786 22947 22989 23152 23162 23203 23651 24064 24177 24252 24698 24857 24931
janice 22391 22592 22635 22838 23709 24051 24698
join 22391 22551 22688 22809 23028 23135 23162 23402 23588 23601 24064 24177 24293 24310 24369 24448 24463 24515 24631
zagoriška 22394 23387 24451
jana 22395 22811 22932 22955 23336 23806 23988 24305
journey 22398 22944 23296 23934 24154 24855 24857 24958
junkyard 22414 22491 22570 22893 22917 23516 23545 23588 23734 24266 24269 24594 24631 24755
jeremy 22435 23031 23067 24031 24036 24918
joelin 22435
jiamin 22435
ziqiang 22435
zeng 22435
jiayi 22435
zot 22435 22561
jacobson 22451 22861 23825 23949 23962 24168 24562 24656
junior 22451 22564 22717 23651 23661 23995 24154 24338 24356 24448
javadoc 22464 22480 22768 23430 23454 23796 24037 24649 24665
joy 22464 22519 23743 24271 24356 24958
julie 22474 22597 22996 23575 24092 24356 24755
jackson 22474 23575 23734 23819
judy 22474 22650 23534 23645 24293 24487
jovo 22491
joined 22491 22794 23031 23162 23293 23430 24136 24177 24293 24338 24463 24528 24625 24631 24732 24855
zometool 22491
zubek's 22491
jane 22503 22519 22794 23388 23534 23575 23819 23934 24016 24275 24356 24528 24644
jacopo 22503
japanese 22503 22595 22992
jabbarvand 22515
jewish 22516 22691 22934 24036
zborov 22518 23857
jfpol 22518
zacharias 22519 23121
jezower 22519
jerusalem 22519 22533 22990 24275
jeruchim 22519
jonas 22519 22585 23328 23623 23713 23819 23850 24016 24031 24651 24805 24814 24960
jacob+tillie 22519
jean 22519 22611 23175 23275 23534 24016 24031 24275 24674
z 22519 22558 22638 22688 22863 22913 22945 23009 23197 23241 23340 23454 23474 23496 23588 23637 23698 23828 23950 23973 24009 24028 24266 24281 24334 24407 24413 24419 24440 24508 24528 24631 24736 24822 24891 24918
juniper 22519
james 22519 22592 22721 22741 22866 23293 23340 23550 23588 23819 23820 24036 24043 24136 24223 24236 24275
janssen 22519
joyce 22519 23162 23175 23534 24356
jeffrey 22519 22592 23246 23430 23534 23550 24275
jamie 22519 23534
justin 22519 22650 23738 23868 24036
zanwel 22533 23575
zusla 22533 24814
josse 22533
joachim 22533 22592 22883 23381 23575 23689 23819 23850 23883 23926 24016 24248 24275 24356 24406 24814 24864 24956
judith 22533 22794 23293 23452 23534 23550 23575 23733 23752 24001 24248 24275 24528
zoids 22538 22652 22743 22974 23406 24112 24501 24872 24914
ji 22544 23806 24354 24391 24656
zaldivar 22544
jump 22544 22874 22982 23480 23601 23603 23880 24407 24436 24599
jose 22544 23215 23319 23575 24354 24489
jungle 22551 23642 24071 24647
jot 22559
je 22565
justice 22568 23441 23444
janskerk 22584
judka 22585 24016
jordanowa 22585
juliusz 22585 23288 23534 23836 24248 24275 24381 24814 24960
zucker 22585 22597 24356
jachetta 22585 22592 23288 24814 24960
jitel 22585
janina 22585 23381 24016 24275 24381 24814
jainaugust 22587
zeroone 22587
jobthe 22587
journalquoted 22587
joeapril 22587
jmlr 22588
zhang 22588 23246 23490 23806 23973 24009 24060 24339
zelig+hindli 22592
jozefa 22592 24016 24381 24956
zenon 22592
jarocin 22592
jaroslaw 22592 22707 23328 23532 23924 24016 24275 24406 24814
zywiec 22592
zolimer 22592
jutla 22592
zwettel 22592 23981
ziegler 22592 23028 23328
johansen 22592
jodi 22592 24791
javier 22592 23958 24070
jill 22592 22650 23550
jefferson 22592
jennie 22592 23534 24356 24674 24702
jette 22592
jo 22592 22777 22808 22899 23710
janet 22592 24720
zdzislaw 22592
jablonska 22592
justification 22595
jongg 22595
jumps 22595 23880 24407
jumped 22595 22790 24407
zwick 22595
jamain 22595
josua 22597 23121 23532 23850 24318 24793
judicious 22617 23962
jokes 22617 23003 23087
jazzcatsai 22618
zheng 22648 22913 23806 24340 24857
jain 22648 23178 23908 24354
jittel 22650 24814
josek 22650
jacqueline 22650 23819
jarad 22650
jade 22656 23330
zimberg 22657
jedi 22661
jillian 22691 23844 24700
joske 22707
joachym 22707 23534 23575
jk 22709
joins 22720 24136 24177 24281
joaquin 22735 23010 23070 23224 23494 23546 23571 23741 24155 24312 24820
janeiro 22741 23135 24061
janeirofor 22741
zurichfor 22741
jarkerwth 22741
zegurageorgia 22741
zhengyou 22741
zhangmicrosoft 22741
jon 22741 22794 22836 23293 23430 23534 24092 24275 24354 24528 24618
zhouuniversity 22741
zuckermanuniversity 22741
jar= 22784
jar 22784 23801 23949
zarki 22785 23327 24293
jr 22809 22829
zebra 22814
jay 22818 23402 23534 23819 24356
jorge 22827 24060 24755
jazz 22845 23539
jflap 22861
z0 22863
z1 22863
z2 22863
z3 22863
zi 22863
zj 22863
zeroth 22866
jeffersonian 22869
joinwired 22869
journalism 22869
jumprope 22880 23921
zuzka 22881
zabawer 22882
zelig+chana 22882
jachwet 22882
zabower 22882
jaworzno 22883 24016
jst 22893
jams 22897 24965
zion 22900 22974 23270 23661 24914
zonotopes 22917 23028 23368 23516 24266
zap 22931 23691 23813 23947 23980 24119 24663 24720
jilla 22936 24382
jasmine 22936 22995 23354 24354
zones 22960 23028
judgment 22989 23441 23941 24376 24656
juston 22990
jcdcg3 22994 24014
journalist 23003
zonohedra 23028 23516 24266
zonotope 23028 23516 24266
zone 23028 23291 24266 24340
zonohedron 23028 23516 24266
z95 23028
zsigntest 23028
zoldfaces 23028
zaddtoface 23028
ztuples 23028
zalltuples 23028
zaddtuples 23028
znewfaces 23028
zallfaces 23028
zliftall 23028
zliftface 23028
zorigin 23028
zface 23028
zliftvector 23028
zvecplus 23028
znext 23028
zmakepolygon 23028
zigzag 23028
zonecircle 23028
zhuoqing 23029
janelle 23038
zippy 23043 24531
zipcode 23062
junkie 23075
zomorodi 23075
jacobs 23075 23924
jking5 23085
junklo 23087
junk 23087 23787
justifying 23090
judgements 23090
justify 23092 23444 23837
jea 23115
juske 23121
judel 23121 23288 23550 24016 24956
jucker 23121 23319
jenta 23121
jakobi 23121
jetti 23121 24275 24864
jeanette 23121 24016 24356
jakob+chai 23121
judis 23121
zusman 23121
zwierzyniec 23121
jitter 23158
jungerwirt 23175
zisel 23175 24169
joskowitz 23175
jeret 23175
zalman 23175 23857 23924 24169
zepel 23175
zlotogurski 23175
zvi 23175 23924 24070 24318 24651
jochevet 23175
zygman 23175
zeitlin 23175
zorina 23175
ziesman 23175
jacques 23175
zeesele 23175
zilbiger 23175
zeifman 23175
zweik 23175
jaindistinguished 23178
jehan 23206
j31 23215
j30 23215
j29 23215
j28 23215
j27 23215
j26 23215
j25 23215
j24 23215
j23 23215
j22 23215
j21 23215
j20 23215
j19 23215
jsw 23215
j18 23215
j17 23215
j16 23215
j15 23215
j14 23215
j13 23215
j12 23215
j11 23215
j10 23215
j9 23215
j8 23215
j7 23215
j6 23215
jcsc 23215
j5 23215
j4 23215
j3 23215
j2 23215
j1 23215
jurdak 23215
zthird 23241
jalali 23246 24340
zhijing 23246 24340
zvon 23254 23591 23638
jbig 23254 23993
jawornik 23260 23924 24036
judiciously 23272
jugowice 23288 23550
jochwet 23288 24674 24814 24960
ziv 23291 23993 24397 24489 24748 24817
jfc 23293
jmiller 23293
jradoff 23293
jeju 23295 23760 24825
jago 23296
zhou 23306 23806
zivny 23306
jeavons 23306
jérémie 23306
zeros 23315 23420 24131
zbora 23319
zinger 23319 24814
zabornia 23319 24318
jackmike 23327
josuah 23328
zelik 23328
jungerwirth 23328 23381 24031
judyta 23328
jeti 23328
janzing 23331
zach 23331
zeitoun 23354
zhe 23354
zhao 23354 23806
jayadevaprakash 23354
jha 23354 23806
jung 23354 23806
jdk 23358 23949
jre 23358 23949
juttel 23381
jonasz 23381 24356
zlota 23381
jetta 23381
jozef+hinda 23381
zwinger 23381
zygfryd 23381 23532 23550
jahr 23381
janna 23393
zcomputer 23395 24572 24638
jpd 23395
jungyoun 23398
zipped 23400 23601 23825 24355 24559
zinn 23402 24369
josh 23426
∪ 23430
zachary 23435
jms 23438 24375
judge 23441 23444 23941 24486
justified 23441 23444
judiciary 23441
judicature 23444
jeopardize 23444 23601
jeopardized 23444
journalistic 23444
zuletzt 23444
zeta 23454
κ 23454
j++ 23471
j+k 23471
joystick 23480
jegou 23490 24060
januray 23490
zare 23516
zonohedrification 23516
zonotiles 23516
zonogons 23516
jozua 23532 23713 24016 24318 24381
jettel 23532
zrecina 23532
zussman 23532 24248
zimmerspitz 23534
joann 23534 23819
jamestown 23534
jona 23534
jochem 23534
jankiel 23534
jesse 23534 24356 24940
judkiewicz 23534 24381
judd 23534
zeynwel 23534
zlonitz 23534
johannes 23534 24772
jassy 23534
jozef+rachel 23534
jumpstart 23537
zentralblatt 23545
joachim+mary 23550
zelman 23550
joel+reizel 23550
zamarripa 23550
joanne 23550
judah 23550 23924
jonesboro 23550
jankowice 23550
zipora 23550 24016 24651
jammalamadaka 23559 24681 24809
jd 23567 24295
jurowicz 23575
zwetschkenbaum 23575
zwetchkenbaum 23575
jut 23588
junkheap 23588
judgement 23588 24515
jmb184 23588
ziploc 23588
jeanne 23598 24016 24099
jeopardy 23601 24436
janken 23601
jacobus 23601
jonatan 23607 24356
juniors 23651
jenny 23652 24016 24252
zúñiga 23664
jogi 23679
zamosc 23689
jetty 23689 23749
zotbins 23701 24187
zhaofeng 23701
zihan 23701
junlin 23701
janitors 23701
jesus 23709
jars 23709 23801 23949
johann 23713
jozef+chaisara 23713
jughandle 23716
jug 23716
jussi 23729 24713 24742
jensendcjensen 23733
jewelry 23734 23857
jos 23734 23981
jigsaw 23734
zucca 23734 24755
jihyun 23739 24354
jakob+rosa 23742
jthomas21c 23779
juggling 23787
jdbc 23801 23949 24656
jiang 23806 24755
jia 23806
jpg 23818 24269 24459
jpe 23818 24459
jimmie 23819
zatloukal 23820
jockey 23828
jockeys 23828
jasionki 23836
jaffas 23845
johan 23850 24406
zeimer 23850
zimmermann 23857 24169
zevasser 23857 24169
zev 23857 24169
javid 23863
jewett 23872
ziffer 23883
zacharyasz 23883
zdonik 23908
juliet 23914
zeev 23926
zürich 23928
jogger 23930 24258
jaffray 23941
javac 23949 24407 24746
jargon 23949 24252 24285
jbdc 23949
jayaram 23950
jen 23956
zoom 23962
zhuang 23973
jm 23973
ja 23973
zany 23977
zurcher 23981
jour 23993
jbig2 23993
jpeg2000 23993
jumbled 23994
zerodivisionerror 23994
j0 24009
jola 24016
zandberg 24016
zborow 24016
jupiter 24016
zdenek 24016
jaskowicz 24016
zagorze 24016
jezek 24016
zelki 24016
jakob+feigel 24016
jakob+jentel 24016
zushe 24036
jfrankel 24036
jimmy 24036 24354 24681
jerry 24036 24356 24599
zcc 24037
zccs 24037
jayawardena 24043
jam 24043 24091 24293 24965
jed 24051
judged 24051 24187 24515 24940
zisserman 24060 24338
jaakkola 24060
jutts 24062
zhaoxia 24062
zlate 24065
jagiello 24065
jehoschia 24065
zlatka 24065
jair 24070
junkyu 24070
zhu 24087 24463
zenographics 24092
jonah 24109 24918
jellies 24116
jarecki 24133 24293 24462
zelda 24169 24318
zeisswein 24169
zak 24169
zaks 24169
zenka 24169
zeesel 24169
jíří 24178 24778
jara 24206
jcss 24212
jorgensen 24223
judi 24248
johns 24248 24293
jikai 24252
jikaiy 24252
z06 24256
jude 24261
jpegs 24269
jeanelle 24271
jakob+ester 24275
zakrzowek 24275
zydaczew 24275
johanna 24275 24381 24406
joche 24275 24805 24960
jarod 24275
janoff 24275
joey 24275
jaime 24275
zgody 24275
jedrzejow 24275
john+may 24275
jeffmarkheim 24275
zilberzatz 24275
jassach 24275
jass 24275
zimmentstark 24275
judess 24275 24318
joachimowicz 24275
jacob+sara 24275
zilke 24275
zalubincze 24275
jachimowicz 24275
jaist 24278
july'97 24282 24480
zotmyhealth 24285
judges 24293 24940 24941
judyolson 24293
justine 24308
jyothi 24310
zelwer 24318
johanes 24318
zolynia 24318
zielona 24318
jacket 24332
janowska 24335
zeitner 24335
jozefia 24335
jiri 24338
jafarpour 24339
jalalil 24340
zizhan 24340
zellner 24356
jehudas 24356
zylberstein 24356
jamnica 24356
johnstown 24356
johnsville 24356
joseph+augusta 24356
jonkler 24356
zobrist 24366
judit 24366
zernike 24369
jablonka 24381
jakobsohn 24381
jennings 24381
않습니다 24395
zombie 24415
jsrc 24416
josiah 24424
zyante 24427 24524
jogathon 24434
jayram 24443
jmoorkan 24443
zorach 24504
js 24515
jquery 24515
johnny 24543 24648
jim's 24553
jesper 24590
josep 24622
jeiba 24622
jobarrival 24627
jobclass 24627
jobswithleasttasks 24627
jobswithmosttasks 24627
job1 24627
jobid 24627
jobmanager 24627
jf 24632
joshug4 24638
janesteiner 24644
zelmgut 24644
zissel 24644
jochet 24644
jocobo 24651
jager 24651
julio 24651
zeller 24651
jojnaw 24651
zacha 24702
zdnetthis 24727
zdnet 24727
jdavis 24732
j' 24746
jenkins 24755
jasso 24755
zussel 24772 24793
joni 24791
zyssel 24793
jutel 24793
zwolen 24805
zakroczym 24805
zuckerbrod 24805
jekil 24805
zielone 24805
zrzewo 24805
jessa 24812
zoya 24812
zussli 24814
jasse 24814
jacek 24814
jente 24814
zawichost 24814
jcahill 24852
johnbrock 24868
jasper 24924
joao 24936
judging 24940
jochy 24960
jamboree 24965
julianna 24966
