[ 41611 41670 41672 41683 41703 41722 41729 41746 41781 41785 41794 41795 41802 41822 41824 41839 41869 41873 41877 41891 41917 41929 41937 41949 41962 41973 41977 41978 41982 41987 41996 42010 42023 42038 42041 42046 42053 42061 42084 42093 42104 42115 42118 42121 42125 42134 42145 42146 42150 42152 42159 42161 42176 42180 42187 42199 42200 42207 42227 42228 42246 42248 42251 42266 42273 42281 42285 42287 42292 42322 42327 42337 42348 42350 42363 42366 42371 42375 42406 42414 42421 42426 42443 42457 42458 42466 42480 42490 42505 42508 42517 42520 42527 42533 42551 42552 42585 42626 42639 42668 42685 42722 42726 42730 42736 42756 42770 42779 42802 42804 42807 42817 42821 42822 42830 42840 42850 42858 42863 42870 42893 42900 42917 42918 42923 42928 42929 42943 42950 42953 42965 42967 42975 43000 43003 43010 43025 43034 43049 43091 43106 43110 43112 43114 43125 43136 43138 43159 43164 43167 43169 43188 43189 43193 43195 43208 43214 43260 43265 43275 43285 43289 43297 43307 43321 43341 43355 43363 43367 43370 43371 43383 43407 43410 43423 43432 43453 43454 43515 43518 43521 43538 43561 43592 43595 43597 43601 43608 43612 43614 43615 43622 43629 43635 43642 43651 43656 43658 43661 43668 43691 43698 43701 43717 43728 43730 43735 43746 43770 43771 43792 43805 43819 43821 43825 43826 43838 43851 43863 43864 43874 43877 43880 43894 43908 43917 43918 43938 43946 43964 43982 44002 44039 44044 44049 44053 44059 44064 44080 44082 44088 44107 44117 44137 44141 44145 44147 44151 44155 44159 44164 44184 44194 44198 44212 44220 44221 44225 44230 44239 44244 44256 44264 44271 44298 44312 44320 44324 44326 44327 44340 44358 44364 44378
knowledge 41611 41629 41687 41699 41812 41839 41846 41905 41941 41977 41978 42046 42064 42075 42113 42118 42165 42200 42244 42246 42281 42307 42340 42350 42352 42401 42430 42436 42458 42483 42526 42558 42565 42566 42604 42639 42677 42691 42709 42710 42726 42743 42807 42847 42928 43067 43112 43157 43179 43195 43214 43220 43241 43275 43285 43402 43502 43512 43601 43608 43617 43658 43776 43809 43836 43964 44005 44049 44079 44082 44115 44172 44194 44198 44225 44230 44234 44256 44268 44297 44342 44375
koller 41611 42118 42928 43423 43460
kind 41620 41714 41722 41763 41765 41812 42010 42046 42093 42150 42159 42356 42362 42380 42565 42639 42653 42660 42760 42821 42847 42931 43067 43136 43195 43275 43289 43367 43385 43402 43557 43601 43692 43694 43772 43809 43915 43973 44019 44049 44082 44194 44225 44230 44235 44375
kinds 41620 41677 41812 41823 41849 42046 42093 42121 42150 42159 42200 42436 42540 42660 42726 42847 42931 42947 43031 43136 43195 43248 43251 43275 43276 43289 43380 43385 43601 43658 43694 43739 43776 43779 43879 43990 44019 44049 44107 44114 44115 44194 44230 44375
kay 41620 41629 41636 41649 41676 41692 41694 41700 41719 41737 41749 41765 41776 41796 41805 41813 41820 41825 41840 41847 41876 41914 41921 41941 41945 41975 41977 41986 41988 42021 42026 42079 42121 42131 42159 42164 42170 42205 42214 42220 42221 42225 42244 42247 42249 42250 42253 42278 42340 42351 42352 42353 42380 42382 42401 42403 42408 42425 42453 42464 42468 42481 42483 42497 42517 42525 42526 42558 42605 42624 42650 42677 42690 42696 42710 42739 42742 42743 42745 42753 42770 42801 42823 42835 42840 42841 42847 42893 42895 42936 42953 43000 43003 43004 43043 43057 43067 43077 43123 43133 43135 43166 43176 43216 43220 43225 43235 43246 43248 43271 43283 43284 43285 43308 43344 43360 43385 43398 43414 43465 43488 43492 43496 43498 43500 43516 43542 43548 43563 43591 43612 43617 43640 43649 43658 43702 43731 43732 43734 43735 43739 43754 43771 43776 43786 43823 43834 43835 43850 43854 43861 43868 43881 43885 43886 43910 43915 43916 43959 43974 44033 44072 44101 44114 44117 44121 44128 44133 44135 44136 44154 44177 44196 44198 44224 44231 44235 44265 44269 44281 44289 44298 44301 44307 44369
kelsey 41622 41759 41775 41968 42114 42188 42491 42503 43184 43290 43326 43354 43659 43975 44267
kern 41623 42007 42125 42912 42931 43035 43154 43501 44134 44164
know 41629 41649 41659 41660 41692 41722 41737 41742 41812 41822 41846 41857 42046 42064 42075 42077 42091 42121 42134 42142 42150 42186 42200 42217 42227 42244 42251 42278 42307 42322 42414 42426 42436 42447 42454 42464 42483 42525 42526 42585 42596 42627 42639 42646 42660 42692 42696 42709 42710 42726 42770 42809 42821 42847 43027 43029 43077 43136 43195 43220 43275 43276 43283 43289 43341 43367 43380 43385 43414 43488 43504 43541 43576 43601 43617 43658 43691 43692 43702 43735 43738 43739 43771 43772 43776 43809 43851 43880 43911 43915 43924 43951 44005 44019 44049 44076 44077 44082 44107 44115 44117 44136 44164 44194 44212 44225 44230 44244 44264 44289 44297 44300 44358 44367 44375
known 41630 41687 41753 41763 41781 41806 41822 41823 41855 41905 41988 41996 42026 42046 42096 42134 42164 42165 42180 42200 42214 42222 42350 42352 42364 42370 42426 42466 42525 42547 42552 42611 42646 42711 42726 42804 42845 42953 42960 42973 43045 43112 43125 43157 43179 43195 43209 43220 43248 43275 43363 43373 43454 43475 43477 43541 43576 43601 43614 43704 43717 43779 43821 43851 43880 43908 43911 43964 43993 44005 44049 44072 44076 44082 44097 44164 44194 44228 44230 44262 44297 44342
{ 41635 41656 41683 41703 41729 41781 41785 41812 41822 41869 41877 41917 41937 42046 42111 42134 42145 42161 42176 42187 42200 42227 42228 42266 42287 42322 42356 42375 42436 42452 42547 42552 42666 42736 42762 42770 42784 42807 42849 42893 42918 42943 43025 43087 43188 43260 43341 43367 43371 43377 43380 43410 43515 43592 43597 43601 43698 43718 43743 43770 43797 43818 43821 43851 43863 43880 43911 43917 43966 43983 44031 44145 44155 44172 44220 44221 44230 44244 44264 44293 44320 44371
+ 41635 41656 41670 41683 41746 41781 41785 41802 41822 41869 41917 41929 41949 41973 41982 41996 42038 42046 42056 42070 42091 42093 42115 42125 42145 42150 42152 42161 42187 42207 42227 42228 42273 42285 42287 42292 42312 42363 42366 42371 42406 42421 42443 42457 42508 42533 42552 42585 42626 42639 42668 42685 42730 42732 42736 42779 42784 42802 42817 42850 42863 42893 42906 42918 42943 42975 43025 43188 43208 43209 43260 43265 43297 43307 43353 43355 43367 43407 43453 43475 43487 43499 43515 43561 43592 43597 43601 43612 43615 43622 43647 43651 43656 43691 43698 43765 43770 43805 43851 43863 43874 43880 43918 43952 44082 44109 44145 44147 44194 44203 44220 44221 44225 44228 44230 44239 44244 44264 44293 44320 44364
+1 41641 41800 41874 42142 43018 43177 43601 43812 43946 44102 44244
keep 41649 41659 41722 41737 41763 41812 41822 41830 41857 41927 42046 42056 42075 42093 42121 42159 42163 42200 42214 42227 42244 42335 42337 42378 42433 42512 42526 42639 42677 42850 43077 43125 43193 43195 43209 43276 43341 43367 43402 43498 43500 43542 43601 43617 43649 43692 43702 43735 43739 43772 43776 43792 43807 43809 43821 43848 43851 43860 43880 43894 43924 44019 44049 44072 44107 44136 44164 44194 44244 44264 44265 44271 44375
kudos 41657
knows 41659 41873 42064 42170 42565 42850 42953 43195 43275 43608 43739 43890 43946 43959 44107 44194 44235
key 41660 41758 41781 41785 41822 41830 41874 41927 41977 42046 42093 42112 42113 42150 42227 42230 42305 42307 42358 42399 42428 42466 42540 42598 42619 42639 42688 42726 42770 42784 42853 42931 43045 43059 43066 43096 43130 43136 43149 43189 43195 43241 43275 43276 43333 43380 43601 43702 43708 43758 43776 43807 43821 43908 43917 44019 44049 44054 44076 44115 44147 44164 44194 44212 44225 44230 44244 44266 44343
krakow 41670 41683 41721 41802 41917 41929 41949 41982 42038 42115 42145 42152 42161 42187 42228 42273 42285 42287 42292 42366 42406 42421 42443 42457 42508 42533 42626 42668 42736 42779 42817 42863 42893 42975 43025 43177 43208 43260 43297 43307 43355 43453 43561 43592 43612 43615 43622 43651 43656 43698 43770 43805 43863 43874 43918 44082 44220 44221 44297 44320 44364
karen 41676 41982 42038 43157 43307 43492 43608 43770 43805 43974 44194 44320
kafadar 41676 43492
ku 41677 41753 43600 44049
korngold 41683 41929 42125 42421 43025
keyla 41683
korczyna 41683
klipper 41683 42508
kleszczow 41683
krzeszowice 41683 41929 42161 42668
keila 41683 42125 42228 42287 42457 42508 42779 42893 43561 43770 44221
kwalwasser 41683
krosno 41683
katzner 41683 42125 42779
kreindel 41683 42125 42406 42779 43770 44220
kashrus 41683
kielce 41683 43025 44320
keile 41683 42125 42145 42292 42817 42893 43025 43260 43612 43863 44320
koral 41683 42125 43770
klaki 41683
keppler 41683
kiwa 41683
klarburn 41683
kuhn 41683 43601
konik 41683
krupnik 41683
karolina 41683 41982 42228 42292 43561 43698 43918
kirschner 41683
kraindel 41683 42125
knopf 41683
kamsler 41683 42125
kirsch 41683 42125 43612 43918
kornelia 41683
krupa 41683
krystyna 41683
krengel 41683 42125 43307 43770
kops 41683 42125 42161 43453
kaufman 41683 41917 42125 42205 42246 43149 43805 43918 44320
kalman 41683 41929 41982 42125 42161 42228 42273 42287 42292 42350 42366 42443 42457 42779 42893 43025 43260 43453 43601 43615 43770 43863 43918 44082 44220 44320 44364
katz 41683 41794 41802 41982 42038 42125 42458 42967 43615 43805 43864 44297 44320
kayla 41683 41953 41986 42125 42228 42406 42443 42721 42779 43115 43180 43757 43770 43816 43935 43994 44158 44232 44319
kleinblatt 41683 43918
klagsbrun 41683
koscielna 41683
klagsbrunn 41683
klasno 41683 42161 42421 42975 43208 43651 43770 44220 44320 44364
katarzyna 41683
kolanow 41683
kurt 41683 42134 42779 43601 44364
kobler 41683
krakowski 41683
krusa 41683 43297
karlsruhe 41687 41699
λ 41687
korea 41687 41753 42428 42544 43019 43025 43376 43712
konstanz 41687 43373
kobourov 41687 41753 41912 42123 42299 42308 42647 43141 43373 43821 43894
kaufmann 41687 42308 42458 42566 42779 42928 43214 43394 43608 43944
keyboards 41692 43344 43496 44033
» 41694 41820 41840 41941 42497 42536 42691 42835 42841 43037 43165 43271 43398 43563 43732 43941 43974
k 41695 41719 41781 41785 41806 41822 42010 42123 42134 42175 42308 42480 42481 42547 42611 42650 42653 42730 42943 43025 43045 43083 43117 43176 43177 43195 43214 43307 43336 43353 43371 43373 43380 43464 43503 43512 43525 43541 43576 43582 43591 43597 43601 43605 43691 43731 43734 43770 43805 43815 43821 43823 43894 43916 43993 44113 44132 44234 44244 44251 44320
kevin 41717 42038 42810 42928 43075 43542 43601 43608 43735 43821 43974 44199 44228 44236
kelly 41718 41982 43542 43821 44033 44212
kitchen 41718 44079
kai 41719 42112 42347 42796 43883 43916 44106 44236
kauffmann 41721 44256
kazimierz 41721 44320
kovea 41721
keeping 41722 41763 42307 42358 42639 42691 42931 43136 43275 43367 43601 44019 44115
kaler 41722
katie 41724 43285 43416 43453 44030 44281
kenny 41737 43601 44298
kandu 41737
kishan 41737
kaushal 41737
kohnfelder 41752 42853
kindermann 41753 41912 42123 42299 42647 43141
knauer 41753
kernel 41758 42001 42091 42240 42305 42625 42639 42850 42918 43214 43230 43275 43426 43513 43536 43601 43602 43981 44145 44212 44234
kick 41759 42915 43326 43488
kept 41763 41781 42170 42639 43030 43275 43333 44281
kwasniewski 41763
khouri 41776
keynoting 41776 43000
keller 41778 42112 42246 43576 44221
kiley 41779 42269 43116 43219 43258 43280
kk 41781
k' 41781
keys 41781 41822 42150 42227 42540 42598 42619 42688 42784 42847 43130 43275 43344 43367 43380 43708 43801 43900 44002 44049 44072 44115 44212 44225 44244 44266
knuth 41781 41996 42385 42466 43000 43195 43601
knott 41781
+c 41781
+15 41781 42898 44306
+a 41781 44005
+1~=~1 41781
+2 41781 44109
kth 41785 43541 43601
k+1 41785 42730 43541 43576
krol 41802 44320
killer 41807 41890 41934 42715 42989 43441 44040 44274
+= 41812 43289 43367 44019 44230 44244 44293
keycard 41813
kusters 41818
+len 41822
+o 41822
keeps 41822 42337 43195 43209 43516 43601 43692 43917 44212
kammer 41824
kernan 41825
kids 41825 41841 41922 41977 42131 42244 42846 42919 43195 43196 43250 43354 43437 43542 43646 43760 43865 44079 44234 44281 44350 44376
kleifarvatn 41834 42706
kyiv 41836
kiev 41836
kirklin 41846
kamal 41862
kleinberg 41862 42810 43144
karp 41862 42385
+abs 41869
khare 41874 42337 42976 43291 43333 44147 44164
kosters 41874
kmeans 41877 41891 42053 42176 42407 43371 44080
kite 41882 42400 42496 42525 43821 44254
kdtree 41891
kannath 41898
katumalla 41898
krishna 41898 42205 42428
khanh 41898 44236
kinsen 41898
kale 41898
karan 41898 42408
kaushik 41898
karem 41910
kathy 41914 42447 42677
kalikimaka 41915
korczyn 41917
kragel 41917 43307
keyword 41918 42159 42540 43601 43694 43765 43957 44049 44115 44230
kirszner 41929
kragen 41929 41982 43025 43307
kansas 41929 42214 43465 43812 44320
ks 41929 42273 42893
kleinberger 41929 42125 42292 42421 42975 43355 44364
krzeszowic 41929
kornfeld 41929 42125
katowice 41929 43561
kamille 41929
kanduri 41936
knobs 41936
kenji 41937 42251 42414 42900 43601 43879 44044 44194 44353
kronengold 41949 43025
keith 41962 42421 42553 42626 42830 42900 43576 43918 44044 44164 44194
kraemer 41977 44234
khan 41977 42082 43601
kcm 41978
kluger 41982 42668 43025 43770 43863
kronley 41982
katherine 41982 42225 42677 43025 43248 43307 43500 43809 43974 44203
kosches 41982 42508
koved 41982
kris 41986 43732
krishnan 41986
+10 41993 42201 42528 43342 44245
kononenko 41997 43512
kicking 42029 43311
kabila 42031
kinshasa 42031
kortz 42038
knowing 42046 42059 42079 42150 42244 42447 42691 42709 43195 43220 43248 43772 43915 44031 44225 44230 44375
++i 42046
kill 42046 42374 43265 43272 43739
kelp 42052 42057 43352 44348
k\ 42053 43601
klefstad 42070 42428
knighten 42077
khana 42082
keyref 42093
keyref's 42093
koebe 42096
kuck 42112
kyushu 42112 42773 43647 44353
kei 42112 43647
kazuki 42112 43647 44353
keio 42112 43333 44353
kasahara 42112 42773 43647
kobe 42112
kyoto 42112 42773 43718 44353
kitsuregawa 42112
kimura 42112 43647
kudo 42112
kusakabe 42112
keynotes 42113 42992 43696 43836
keynote 42113 42121 43000 43812 44133 44234
kuttal 42113
kari 42119 43388 43576 44079
kostitsyna 42123 43551 44332
kingston 42123 43551 44332
kawarabayashi 42123
kirschbaum 42125
karpel 42125 43592
kwastel 42125
krassel 42125 42366 43651
kerner 42125 42457 43770
krassa 42125 43770
kalmus 42125 43025 44320
kreutler 42125 43025
kiwe 42125 42893
kive 42125
krasnik 42125
kopel 42125 42292 42350 42975 43656
krongold 42125 42287 42292 43025
kaper 42125
kupferman 42125
klein 42125 42246 42287 42385 42408 42457 42646 43561 43601 43805
kornblum 42125 42893 42975 43615 43863
kressel 42125
kaile 42125
kopelowicz 42125
kolpak 42125 43863
kendel 42125 42350 43918 44221
kodiak 42125
kiwie 42125
kolhory 42125
koplik 42125 42292
knaul 42125
klarman 42125
kantor 42125 42161 42626 43208
klaspolcz 42125
kreis 42125
kohn 42125 42421 43612 43805
krendel 42125
kazimir 42125
kotton 42125
kaila 42125 42161 42406 42457 43622 44221
klempner 42125
koszes 42125 43612
klarfeld 42125
kunstler 42125 43592 44221
kattelbaum 42125
korner 42125
kupferstein 42125
konig 42125 43918
kaufler 42125 42421
knoblach 42125
knopfler 42125
kohlhary 42125
kohen 42125
karpsen 42125
kregzwieg 42125
krossa 42125
kopelik 42125
knobloch 42125
kukrutz 42125
kurall 42125
kreindl 42125
knobl 42125
kleingrau 42125
korall 42125
kurtzman 42125
kurtzweil 42125
kliperl 42125
kramler 42125
klug 42125
kolhary 42125
kapsel 42125
koch 42125 44234
kolkary 42125
knopfel 42125
kenne 42125
kerz 42125
krondel 42125
kural 42125
kuper 42125
kurcman 42125
kastner 42125 42366 42779
kassner 42125 42366
kalm 42125
karmel 42125 42161
kipski 42125
kwelwasser 42125
kfoster 42134
k^d 42134
kasdan 42134
kn 42134 43601
kiczales 42142
kim 42142 42205 42268 42428 42551 43214 43307 43542 43601 43671 43705 43763 43944 44236 44334
karmarkar 42142
kent 42145 43460 43612 43944
kilrush 42145
kentish 42145
knew 42150 42408 42468 42483 42525 42526 43029 43658 44072 44076 44082 44097
kornreich 42152 43453
kida 42152
keryx 42158 42291 42475
karlovy 42161
krieger 42161 44320
kemp 42161
kiriat 42161
karger 42161 43918
kiyomasas 42167
kenneth 42182 42349 42421 42626 42642 42893 43025 43110 43307 43311 43388 43601 43805 43821 43826 43849
karmor 42187
karmow 42187
kurz 42187 43770 43805
keywords 42200 42454 42505 42807 43694 43718 43966 43983 44049
katy 42228 43974
klapwald 42228
karol 42228 42668 43260
karola 42228
kutas 42230
kindergarten 42244 43641 43866
kezmarok 42246 43307
kaiser 42246 44164
kiryat 42246 43918
kurfurst 42246
killed 42246
kurtz 42246
km 42246 43601 44049
kauftheil 42246
kirdorf 42246
kosice 42246 43355
khust 42246
kralovsky 42246
kiraly 42246
kossovsky 42246
korolevo 42246
kosher 42246
kaleidoscope 42270 43888
kinesthetic 42278
kording 42281
kalev 42281 42458 43106
kask 42281 42458 43106
kennamer 42281 42824
kirkby 42281
keator 42281 42824
kumar 42281 42458 43214 43601 43821
kdd 42281 43214
kreidl 42281
kirshner 42281 43214
knoweldge 42281
klapper 42285
kresch 42287 43651
keib 42287
kuo 42290 43214 43601 43821 44236
kolomyya 42292
kelen 42303
任杰 42314
knee 42335 43816
koduru 42337
kasalin 42350
krynica 42350
korman 42350
kolaczyckie 42350
klara 42350 42533 43725 44220
knight 42358 42726 43209 43576 43601
kasner 42366 43656
krasse 42366
klamen 42366
kimiko 42366
korn 42366
kestner 42366
kesner 42366
kelvin 42380 43027 43251 43919
ken 42380 42953 43096 43251 43257 43580 43974
kung 42385
krause 42385
kraft 42385
kreutzer 42385
kallick 42385
karthik 42402
kathleen 42406 43770 43974 44320
knowledgeable 42408 42770 43385
kane 42421 42428
kusel 42421
keindel 42421 42779 43025 43453 44364
kohane 42421
kormis 42421
kormes 42421
kodesch 42421
kimberly 42421 43805 43974
kimmel 42421 43974
kong 42426 42428 42505 43045 43169 43373
kappa 42428 42444 43617
kluwer 42428 43214 43601
kirner 42428
kuang 42428
khoo 42428
kazuo 42428 43601
kejariwal 42432
khudairi 42447
klensin 42447
kirk 42452 43275 43974
kuehnreich 42457
klaj 42457
kowna 42457
kanner 42457 43025 43770
kotke 42457 42975
kolbuszow 42457
kr'89 42458
kanal 42458
keysize 42466
keyarray 42466
keysizelength 42466
krone 42468 43025
king 42483 42553 42953 43018 43025 43506 43608 43805 43851 44097 44157 44203
kowalik 42483 42525 43220 43617 43974 44072
kaitlyn 42489 43935 44215 44232
+20 42493 43253 43418 43984
kika 42525
killing 42525 43209 43739
k=5 42540
kama 42540
knights 42553
knightsbridge 42553
kadon 42553
kindness 42565 44194
klösch 42566
kaplan 42604 42893 43179 43974 44320
kobsa 42624 42709 43000 43002 43548 43649 43886 43944
kehndel 42626
kleinman 42626
kleinmann 42626 43656
katia 42626
kainer 42626
kempler 42626
kilda 42626
kagurazaka 42633
kernighan 42639 43195
knots 42646 43576
kallioninen 42654
kinetic 42655 43821 43959
kihei 42660
kromancza 42668
kopinski 42668
klibanow 42668
kickoff 42677 43333 43496 44352 44369
« 42691
knowledgecompilation 42722
kwms 42726 44049
karrer 42726
khalifeh 42753
knives 42756
kampa 42758
keiji 42773 43647
kahului 42773
kazenellenbogen 42779
kurtzer 42779
koenigsberg 42779
katzky 42779
keil 42779
karnieli 42779
kenek 42779
kaitlin 42788
kalashnikov 42807 43718 43750 43966 43983
kb 42850 43302 44212 44296
++++++++++++++++++ 42850
++++++++++++++++++++++++++ 42850
+++ 42850
kaili 42863
kid 42872 43257 43658 44019 44079
kronfeld 42893
kallmeyer 42893
konorowice 42893
karfiol 42893
kate 42893 43179 43453 43500 43612 44320
karpeles 42893
kaetzler 42893
karl 42893 43275 43561 43656 44221
kitty 42893
kristine 42895
kaelyn 42895
kegi 42911
kegitool 42911
+30 42912
kendal 42913
kjaerulff 42928
kanazawa 42928
koplowicz 42975
kornbluth 42975
kobsa—whose 43000
kelley 43002 43307
klotz 43025
kameros 43025
koff 43025
kennedy 43025 43214
kalban 43025
kinsman 43025
karmitz 43025
keulen 43025
kooper 43025
katowitz 43025
kahn 43027 43608 43805
kalai 43027
kakeya 43027
kusner 43027
kleitman 43027
kunkel 43027 43132
kristina 43031
k=0 43045 43373
kristen 43065
keyboard 43066 43195 43275 43344 44115 44212 44266 44358
kou 43077
koehne 43112
kortenkamp 43132
katrinka 43140 43760
kuperberg 43144 43576 43821 43894
kissing 43144 43894
kosaraju 43146 43743
karim 43149 43732 44234
keldefra 43149
kdc 43149
kew 43157 43297 43974
kawauchi 43169
keranen 43169
keränen 43169
knowles 43169
khine 43169
karakikes 43169
kl 43177 43601
kin 43179
karel 43195 43601
koonz 43195
keenest 43195
kotzias 43214
karra 43214
krestel 43214
korattikora 43214
kramer 43214 43918
kamath 43214
knack 43220
kultima 43248
koontz 43257
kamilla 43260
kobylany 43260
kuner 43260
kahin 43275
knotty 43275
kutchins 43275
kritek 43275
kegan 43275
keynes 43275
kensing 43275
kirkland 43279
kolbuszowa 43297
kennesaw 43297
komodo 43302
kotarbinska 43307
kathryn 43307 43974
kraig 43307
kharla 43307
kendall 43307 43608
kimberling 43307
knapsack 43310 43601 43821
k4 43341
kaczmarek 43344
karoly 43355
kasper 43355
key=none 43367 44244
key=key 43367 44244
khavari 43383
khonsari 43383
kit 43385 43658 43812 44225
kityaev 43448
kunstlinger 43453
kacner 43453
katzinger 43453
klausner 43453
karcher 43460
kass 43460 44320
konstorum 43460
kentucky 43465 43560 44027
kraatz 43496
kan 43516 44234
kernels 43536 44212
kaashoek 43536 44334
kicked 43542 44205
krakes 43542
ki 43542
kittler 43560
kolomyja 43561
kazimira 43561
kalwakgrzegorz 43561
kostanecki 43561
kenyon 43576
k=2 43601
k\ge 43601
kv 43601
kn\sp 43601
kas 43601
kn^3 43601
khuller 43601
k^3 43601
kalaba 43601
kelarev 43601
knm 43601
km\log 43601
k+m 43601
+k^ 43601
k^2mn^2 43601
kwei 43601
+k^2m 43601
krikorian 43601
katoh 43601
kelmans 43601
kao 43601
+k 43601
+k\log 43601
+kn 43601
ksp 43601
+k\sp 43601
k+k 43601
+kn^ 43601
+n 43601
k^2n^3 43601
kn^2\log 43601
k=1 43601
klogn+n 43601
+\min\ 43601
k\sp 43601
km\sp 43601
k\log 43601
+m 43601
+nm 43601
komei 43601
kleinrock 43601
kexue 43601
k\cdot 43601
kapoor 43601
kr91 43601
kantner 43601
k\sqrt 43601
k^2m 43601
k=3 43601
kashdan 43601
k^ 43601
ko 43601
kano 43601
karasan 43601
kn^2 43601
+k\sqrt 43601
km+\min 43601
katajainen 43601
kazmierczak 43601
kheir 43601
koncz 43601
kontoleon 43601
kuby 43601
kundu 43601
kwong 43601
km+kn^2 43601
knc 43601
kostantine 43601
k\le 43601
kazutaka 43601
kanji 43601
k\lambda 43601
k\log^ 43601
kayhan 43601
kmf 43601
ke 43601
kp 43601
+ke 43601
kalyanaraman 43601
kubo 43601 44005
kawata 43601
knumber 43605
kolobov 43608
kaelbling 43608
kearns 43608
kocsis 43608
kriegspiel 43608
konidaris 43608
kumagai 43608
koolen 43608
killian 43608
kakade 43608
khalil 43608
kathleeng22 43612
koppenhagen 43612
kruh 43612
keitelman 43612
keitelmann 43612
korean 43617
kissell 43640
kogge 43647 44353
kondo 43647
kudoh 43647
kentaro 43647
kusakabe+ 43647
kunieda 43647
kylie 43658 44177
kjellpe 43691
kjell 43691
kiss 43693
kuhrmann 43696
kruthika 43732
kompella 43732
konchady 43735
kasat 43735
knocks 43739
karenkoretz 43770
koretz 43770
kalisz 43770
kvutzat 43770
kercher 43770
kuhnreich 43770
knobbel 43770
kampf 43770
kruse 43770
küchler 43771 44117
katelyn 43772
kraschow 43805
kerry 43805
kussin 43805
kessler 43805
kankiewicz 43805
katharina 43805
kapur 43812
kranakis 43821
kubale 43821
koduvayur 43821
karlsson 43821
korneenko 43821
klingsberg 43821
krantz 43826
kerscher 43851
kyle 43854 44353
kites 43894
kurzer 43918
konin 43918
kalwarya 43918
kraus 43918
krolow 43918
kreisenberg 43918
koala 43942
knijnenburg 43944
kiwi 43946
kitten 43949 44278
kelner 43964 44220
kremmer 43964
kliers 43964
kofax 43974
kleist 43974 44139
kashani 43974
kwan 43974
kahr 43974
koo 43974
kawasaki 43974
kwon 43974
kimber 43974
karin 43974
klitzner 43974
khoi 43974 44236
kole 43974
kicks 43975
knowledgebase 43982
keypads 44002
+e 44005
ks96 44049
kari's 44079
kids' 44079
korfball 44079
kallech 44082
kalich 44082
kalech 44082
kallush 44082
kipur 44082
kislev 44082
+0200 44082
klonimus 44082
kalmen 44082
kehati 44082
+frieda 44082
+itta 44082
+lipcha 44082
+dora 44082
+girl 44082
+juliette 44082
+jacqueline 44082
+ruth 44082
+regine 44082
+allen 44082
+judy 44082
koppel 44082
+paul 44082
+gisela 44082
+michael 44082
+zalman 44082
+leslie 44082
+yakov 44082
+tzirel 44082
+maier 44082
+yechiel 44082
+shmuel 44082
+avraham 44082
+rivka 44082
katzenberg 44082
+fromet 44082
+hendel 44082
+moshe 44082
+judith 44082
+david 44082
+tzippi 44082
+chaya 44082
+efraim 44082
+tova 44082
+yitzchak 44082
kornick 44082
+rochel 44082
+perel 44082
+0100 44082
keeper 44082
kreiswirth 44082
+ettie 44082
kingdom 44097
knesset 44097 44297
kippur 44097
kilometres 44097
+6 44100
kalbfleisch 44114
keypresses 44115
kpccmark 44135
kpcc 44135
knoxville 44164
+7 44168
keepalive 44194
krauskopf 44194
kunze 44194
konkani 44203
krzysia 44220
kellner 44220
kohl 44220
kindly 44225
++ 44230
khademi 44234
kathuria 44234
krapp 44234
kasiri 44234
kawai 44234
kahf 44236
khang 44236
khuong 44236
kwak 44236
kyong 44236
keyerror 44244
k=k 44244
kia 44269
kroller 44285
kittens 44288
kornhauser 44297
kroscienko 44297
kooti 44298
kibler 44300
kruskal 44300
kidding 44300
kanefsky 44312
ksilek 44320
kronman 44320
kazlow 44320
koslofsky 44320
kruchkow 44320
ky 44320
kohler 44334
kyoungwon 44334
k2 44334
kbytes 44335
kohala 44353
kise 44353
kiyofumi 44353
kubota 44353
kenichirou 44353
kusaba 44353
kona 44353
koa 44353
kauna'oa 44353
klemavoski 44364
kozminski 44364
