kay 27741 27790 27827 27828 27835 27839 27841 27859 27872 27889 27909 27964 27966 27980 28020 28024 28027 28038 28057 28065 28066 28083 28103 28127 28155 28156 28158 28159 28168 28178 28181 28190 28193 28201 28209 28262 28294 28315 28318 28344 28390 28425 28440 28488 28510 28519 28529 28571 28607 28619 28624 28628 28631 28632 28636 28641 28642 28688 28690 28703 28730 28746 28751 28776 28798 28831 28832 28833 28852 28867 28873 28886 28896 28903 28910 28927 28928 28933 28936 28944 28960 28962 28976 28983 29009 29023 29037 29050 29078 29083 29130 29144 29155 29158 29159 29174 29200 29208 29215 29222 29238 29255 29258 29270 29277 29334 29359 29360 29390 29416 29423 29424 29425 29431 29433 29464 29565 29597 29601 29624 29634 29636 29653 29664 29680 29694 29708 29715 29747 29767 29769 29783 29799 29806 29814 29819 29832 29839 29858 29861 29863 29875 29889 29899 29934 29967 30013 30024 30047 30063 30068 30081 30091 30092 30098 30107 30120 30121 30125 30140 30149 30153 30167 30173 30174 30185 30208 30227 30284 30288 30289 30290 30291 30308 30310 30321 30332 30343 30346 30403 30425 30430 30434 30438 30451 30455 30511
keep 27744 27863 27870 27911 27948 27965 28003 28027 28038 28092 28156 28169 28190 28230 28285 28292 28330 28360 28414 28520 28526 28561 28638 28641 28646 28671 28685 28690 28700 28714 28728 28831 28897 28917 28919 28924 28930 28945 28960 28962 29014 29054 29078 29113 29144 29159 29204 29232 29237 29309 29333 29360 29369 29379 29390 29441 29464 29483 29574 29578 29642 29651 29654 29679 29747 29798 29826 29855 29859 29864 29882 29898 29917 29919 29950 29981 30013 30068 30121 30153 30208 30321 30343 30476 30494
know 27744 27782 27828 27863 27911 27945 27952 27960 27964 28003 28027 28065 28066 28092 28112 28138 28159 28169 28181 28190 28193 28218 28223 28230 28281 28285 28294 28300 28304 28330 28360 28377 28414 28425 28456 28488 28520 28526 28529 28531 28537 28571 28585 28590 28604 28623 28636 28638 28641 28671 28685 28690 28700 28728 28730 28749 28757 28782 28895 28897 28962 28980 29014 29054 29061 29064 29097 29099 29130 29144 29155 29159 29186 29200 29204 29232 29237 29247 29249 29258 29275 29309 29333 29352 29369 29379 29387 29390 29413 29416 29423 29424 29425 29441 29464 29491 29574 29578 29634 29708 29731 29747 29767 29779 29798 29826 29839 29859 29861 29864 29898 29906 29917 29919 29926 29950 29973 30013 30023 30029 30037 30068 30072 30110 30121 30167 30182 30232 30239 30284 30310 30343 30345 30463 30476
known 27752 27760 27772 27781 27782 27910 27974 27979 28003 28014 28048 28074 28095 28148 28169 28256 28285 28304 28309 28323 28374 28414 28525 28529 28539 28550 28585 28608 28614 28690 28703 28787 28821 28891 28897 28905 28926 28942 28970 29021 29091 29106 29128 29158 29178 29232 29270 29281 29309 29344 29369 29428 29466 29498 29548 29574 29578 29603 29679 29704 29711 29747 29775 29788 29798 29799 29837 29861 29864 29885 29898 29906 29917 29926 29948 29973 30058 30095 30135 30161 30210 30246 30252 30284 30299 30301 30442 30476 30494 30512
knowledge 27752 27781 27782 27850 27855 27903 27911 27974 28004 28027 28048 28190 28304 28318 28329 28360 28488 28585 28590 28604 28636 28688 28690 28692 28727 28728 28782 28803 28867 28886 28891 28897 28909 28917 28920 28924 28942 29019 29021 29083 29113 29142 29232 29257 29346 29352 29360 29369 29387 29390 29413 29440 29462 29491 29504 29569 29578 29636 29653 29695 29747 29749 29773 29775 29798 29814 29864 29882 29926 29954 29977 29979 30018 30021 30065 30101 30167 30182 30210 30322 30338 30343 30441 30442 30463 30482 30512
+ 27756 27757 27782 27784 27824 27836 27852 27863 27907 27908 27954 27967 27985 28016 28045 28069 28074 28075 28090 28105 28118 28122 28126 28155 28156 28184 28195 28213 28217 28231 28248 28271 28294 28304 28334 28363 28442 28451 28456 28464 28480 28502 28512 28519 28537 28545 28546 28585 28605 28638 28663 28756 28760 28789 28802 28819 28841 28859 28869 28892 28897 28914 28919 28928 28932 28950 28987 29012 29054 29061 29073 29113 29116 29128 29155 29181 29202 29247 29276 29333 29347 29350 29369 29379 29380 29393 29413 29442 29448 29452 29490 29491 29526 29545 29561 29567 29575 29596 29666 29706 29709 29724 29727 29764 29797 29798 29826 29859 29882 29898 29917 29939 29948 29955 29959 29971 29980 29993 30043 30071 30072 30095 30134 30151 30208 30211 30219 30239 30261 30267 30275 30277 30286 30321 30326 30327 30370 30372 30377 30389 30391 30398 30419 30421 30449 30459
katzner 27756 27847 28195 28248 28928 28950 29971
krakow 27756 27757 27824 27836 27847 27852 27954 27985 28069 28090 28122 28126 28155 28184 28195 28213 28217 28231 28248 28269 28271 28442 28451 28464 28502 28545 28663 28760 28802 28841 28859 28869 28892 28914 28928 28932 28950 29012 29116 29202 29276 29350 29380 29442 29545 29561 29567 29575 29666 29764 29797 29911 29955 29959 29971 29980 29993 30134 30211 30219 30267 30275 30277 30326 30327 30370 30389 30398 30449 30459
kopel 27756 28122 28213 28451 28869 28928 29677 29797 30275 30277
karol 27756 29959 30267
kromeriz 27756
karolina 27756 28122 28928 29350 29545 29575 29764 29955 30449 30459
kops 27756 27847 28195 28451 29545 30219
kamilla 27756
klipstein 27756 27836
[ 27756 27757 27779 27791 27821 27824 27828 27836 27844 27852 27855 27857 27878 27902 27903 27907 27908 27910 27911 27916 27918 27931 27950 27954 27960 27965 27967 27971 27974 27985 27986 27990 28003 28004 28013 28023 28024 28029 28032 28051 28065 28069 28090 28095 28105 28108 28118 28122 28126 28128 28138 28147 28155 28156 28159 28169 28172 28181 28184 28195 28213 28217 28231 28236 28248 28260 28271 28275 28289 28294 28299 28304 28309 28317 28335 28338 28351 28356 28363 28364 28386 28404 28414 28425 28433 28442 28451 28456 28464 28481 28485 28494 28502 28510 28512 28520 28531 28537 28539 28545 28546 28554 28569 28587 28646 28650 28663 28672 28688 28690 28714 28720 28757 28760 28782 28789 28802 28803 28821 28841 28847 28859 28869 28886 28891 28892 28909 28914 28919 28920 28924 28926 28928 28930 28932 28944 28950 28955 28976 29012 29014 29019 29021 29028 29031 29044 29054 29061 29076 29091 29094 29106 29111 29113 29116 29118 29127 29128 29159 29168 29178 29181 29186 29202 29223 29232 29237 29247 29249 29258 29263 29270 29273 29276 29329 29333 29349 29350 29352 29366 29369 29370 29380 29393 29406 29416 29425 29428 29435 29440 29442 29466 29476 29491 29495 29508 29545 29552 29561 29567 29574 29575 29578 29592 29596 29604 29614 29618 29666 29679 29682 29691 29695 29709 29711 29750 29752 29757 29759 29764 29767 29771 29773 29797 29798 29812 29826 29887 29898 29903 29917 29919 29920 29954 29955 29959 29971 29980 29987 29993 29994 30002 30008 30018 30021 30072 30073 30110 30121 30134 30166 30167 30182 30191 30197 30208 30210 30211 30219 30226 30232 30239 30240 30251 30252 30267 30275 30277 30282 30289 30290 30299 30312 30321 30322 30326 30327 30328 30332 30347 30370 30372 30389 30391 30393 30398 30400 30419 30442 30443 30449 30455 30459 30463 30476
karmel 27757 27847 28184 30211
k 27760 27782 27822 27931 27947 28118 28127 28128 28138 28215 28256 28294 28304 28400 28456 28480 28519 28537 28545 28585 28604 28605 28789 28858 28971 28979 29099 29106 29113 29116 29178 29223 29247 29257 29274 29311 29333 29337 29399 29490 29508 29556 29703 29715 29775 29807 29826 29855 29885 29899 29906 29917 29920 29960 29967 29972 29973 29990 30058 30073 30081 30095 30161 30239 30261 30301 30306 30347 30376
k=1 27760 29508 29775 29917
+1 27779 27918 28223 28304 28358 28384 28993 29347 29453 29590 29812 30020 30041 30381
kill 27780 28223 28414 29798 29994
korea 27782 28585 29279 29329 30058 30413
kobourov 27782 28585 28604 29706 30058
konstanz 27782 27823 28585
kreveld 27782 28174 29383
kaufmann 27782 29747 29773 29952 29954 30210
kernelization 27782 29246
kayla 27787 27852 27954 28710 28841 28994 29116 29931 29971 30078 30219 30307 30426 30459
kdd 27800 30338
kdd'2010 27800
katherine 27801 28057 28360 28545 28841 29083 29255 29276 29359 29737 29747 29971 30227 30455
kickoff 27810 29810
kicked 27821
{ 27824 27836 27852 27907 27908 27916 27922 27939 27954 28074 28105 28118 28122 28128 28147 28148 28195 28213 28223 28231 28247 28248 28255 28271 28285 28294 28304 28317 28363 28464 28487 28502 28526 28537 28545 28638 28789 28802 28847 28870 28897 28928 28944 28945 28993 29012 29014 29044 29061 29087 29106 29113 29118 29174 29223 29247 29249 29313 29347 29380 29413 29441 29491 29567 29580 29590 29650 29663 29709 29757 29798 29800 29855 29870 29898 29917 29926 29948 29973 29979 30072 30073 30252 30275 30282 30312 30315 30319 30326 30391 30398 30400 30512
konigel 27824 27847 28841
koji 27826
knoguchi 27826
kept 27832 27877 27911 27948 28285 28344 28638 28690 28891 29014 29577 29798 30171 30232
klein 27836 27847 27855 27974 28545 28690 28928 29926
kendel 27836 28464 29561 29677
kraidel 27836
korner 27836
kielce 27836 28892
kresz 27836
kupferwasser 27836 28122
» 27841 28112 28910 29636 29747 30017 30068 30130 30185 30403 30424
kings 27843 28942 29232 29556 30376 30442
kostitsyna 27843 29556 30245
kingston 27843 29556 30327
kirschbaum 27847 28442 29666
kinski 27847
knobel 27847
kalischer 27847
kalwary 27847 28122
kantor 27847 29012
karpel 27847 29202 30398
kastner 27847
katz 27847 28184 28892 29952 30267
kaufler 27847 29980
kaufman 27847 28928 28932 28950 29276 29666
keller 27847 28032 28195 28395 28412 29012 29350 30389
kerner 27847 27954 28213 29971 29993
kessler 27847 28155 28193 28869 29232
kestenberg 27847
kirsch 27847
kirschner 27847
klarfeld 27847
klarman 27847 30398
kleinberg 27847 28187 28585 28604 29952 30389
kleinblatt 27847
klempner 27847
klipper 27847 28950
kluger 27847 27954 28090 28442
knopf 27847
kohlberg 27847
kohn 27847 28122 28891 28932 29561 30211 30389
kolpak 27847
kopelik 27847 29276
koral 27847 28271 28928
kornblum 27847
korngold 27847 28271 30398
kornreich 27847 27954
kosches 27847 28932
krasnik 27847 28928 30134
kratzer 27847
krautenfeld 27847 29561
krebs 27847 28841
krei 27847
kremler 27847 29116
krengel 27847 28231 28271 28869
kreutler 27847
krieger 27847 28442 28451 30277
kron 27847 27855
kunstler 27847 28802 28859
kurtz 27847 28730
kurtzweil 27847
kolhary 27847 30211
kanner 27852 28663 29021 30219
kazman 27855
klensin 27855
kerth 27855
khare 27855 27952 28169 29054 29081 29453 29574 29948 30110 30315 30476
krasner 27855
kristol 27855
kruchten 27855
kenney 27855
kramer 27855 27960
kompanek 27855
kyoto 27855 28604 30238
kleiman 27855
kendall 27855 30360
karlin 27855
kind 27859 27907 27911 27965 27967 28065 28092 28190 28223 28285 28315 28318 28360 28414 28425 28456 28480 28537 28602 28671 28688 28700 28781 28867 28886 28891 28897 28924 28944 28962 29014 29054 29061 29113 29128 29223 29232 29309 29352 29369 29379 29387 29406 29491 29539 29578 29747 29798 29800 29859 29864 29882 29898 29906 29919 29926 29950 29961 30040 30072 30167 30232 30261 30282
ken 27863 27952 28027 28048 28615 28730 28950 29031 29747 29926 29952 30360
kasichainula 27863 27952
knowing 27863 27911 28159 28285 28425 28537 28646 28688 28700 28831 28897 29113 29309 29387 29653 29798 29859 29898 29948 30232
key 27870 27911 28003 28083 28095 28169 28285 28286 28294 28374 28440 28456 28602 28685 28688 28690 28714 28745 28757 28924 28962 28987 29014 29028 29044 29054 29270 29333 29352 29369 29413 29462 29473 29491 29574 29605 29607 29654 29691 29711 29723 29747 29855 29859 29875 29882 29898 29919 29939 29979 30021 30040 30047 30072 30120 30153 30155 30182 30190 30239 30246 30252 30299 30312 30443 30476
+25 27875 28505
kelsey 27880 27991 28287 28387 28402 28445 28634 28989 29063 29718 29922 30262 30397
katie 27881 27898 28097 28407 28427 28628 29205 29899 30299 30468
kitty 27885
kai 27893 28584 29403 29494 29728 29875 29899 29902 30064
koller 27903 29954 30393
kumar 27904 28027 28945 29737 30101 30455
knows 27911 27918 28092 28159 28285 28690 28781 28831 28944 29044 29200 29232 29309 29369 29578 29747 29864 29950 30072 30167 30232 30288 30315 30442
keeping 27911 28169 28425 28537 28585 28590 28749 28962 29113 29277 29653 29798 29807 29864 29919 30215
keys 27911 27919 28286 28414 28456 28685 28831 28951 28987 29014 29016 29333 29347 29596 29630 29798 29855 29898 30153 30167 30455
kaiser 27915 28169 28688 28728 29574 30047 30476
khosravi 27917
kart 27917
kiwi 27918
+= 27922 28285 28294 29044 29046 29118 29491 29859
killer 27933 28145 28166 29894 30259 30427
khramtcova 27935 29353
kcal 27944 29643
kernel 27948 28223 28752 29607 29691 29724 30482
kaler 27949 28581 28672
kenji 27950 28236 28364 28531 29369 29393 30040
keith 27950 28013 28051 28166 28236 28364 28531 28545 28730 28757 29081 29369 29574 30040 30360 30476
kinds 27952 28038 28159 28169 28190 28285 28456 28488 28537 28672 28700 28749 28821 28897 28924 28944 29014 29054 29061 29113 29237 29369 29387 29413 29425 29491 29535 29680 29767 29859 29861 29882 29898 29919 29950 29994 29998 30072 30167 30210 30282 30299
kapelner 27954
kestel 27954
kwadratstein 27954
kopyczynce 27954
kettel 27954
keywords 27960 28074 28148 28281 28285 29333 29491 30512
keyword 27960 28281 28285 28917 29044 29113 29491 29747 29882 30215 30505
kenneth 27965 28083 28122 28155 28271 28663 28928 28932 29569 29747 30360
kohen 27974
krasna 27974
karl 27974 28065 28122 28950 30360
kalish 27974 29021
kiley 27977 28522 29183 30074 30302 30473
keystroke 27980 30299
komalarachun 27982
keile 27985 28451 28859 29666 30219
knijnenburg 27990 28687
kobsa 27990 28520 28641 28687 28831 29174 29464 29747 29899 30149 30208
kelley 27990
kalev 28004 28404 28970 30226
kask 28004 28404 28970 30226
kkask 28004 30226
kirkpatrick 28006 29132
kathrin 28016
+20 28018 28416
keyes 28023
keyeg 28023
kids 28024 28522 28565 28658 28661 28688 28880 29145 29148 29212 29406 29578 29626 29708 30236 30288 30467
kevin 28032 28304 28316 28545 28730 28928 29013 29073 29117 29312 29329 29383 29954 30018 30261 30270 30360
kalin 28032
keshtkaran 28032
koorush 28032
kotthoff 28032
kazuki 28032
kishimoto 28032
kaneko 28032
karpas 28032
keyder 28032
kolobov 28032
khoi 28032
koenig 28032
kenny 28037 30360
kopinsky 28037 29930
kannan 28048
kindly 28051 28114 29352 30182
kristen 28054 28213 28275
karlstrom 28065
knuth 28065 28095 28325 28790 29106 29237 29247
kamsler 28069 28928 28932
keil 28074 30219
kleist 28083 29277 29899 30290
kling 28083 28730 28744 28782 29360
krigsfeld 28090
klagsbald 28090
keeps 28092 28285 28317 28886 28897 29014 29237 29261 29864 29950
kent 28092 28442 28859 29666 30360
keysize 28095
keyarray 28095
keysizelength 28095
kissell 28103
k=2 28118
keila 28122 28451 29764 30219
kalman 28122 28126 28155 28213 28271 28442 28545 28760 28859 28869 28892 28928 29012 29116 29561 29814 29955 30267 30275 30327 30398 30449
kreindel 28122 28184 28195 28914 28928 29232 29567 29575 30219 30389
krosno 28122
korczyn 28122
kalwarya 28122
kalwaria 28122 28869 28928
koszelniski 28122
krynica 28122 30219
kalwarja 28122
kreindl 28126
kibler 28127 29899 30020 30210
klefstad 28127 28631 29899 30020
krus 28134
kalashnikov 28148 30512
konieczny 28155
kazimiera 28155
kankakee 28155
keegan 28155
kerry 28155 29275 29529 30360
kim 28155 28585 28677 28745 28821 29013 29567 29747 29952 29999 30147 30293 30357 30360
kimmelman 28155
kolkata 28158
kickstarter 28159 30455
keyboard 28159 28425 28924 29919 30321 30430
keynote 28168 28331 29215 29624 29747 30167 30288
kern 28169 29239 29574 30040 30476
kb 28181 30308
karenina 28181
kilobits 28181
kuppermann 28184
knoll 28184 28950
+10 28188 30304
kay's 28190 29237
keough 28190 28886
kay• 28193
konigsberger 28195
krencer 28195
krendel 28195
kreidel 28195 28932
kreydel 28195
kreide 28195
kashani 28201
k–12 28209
kew 28209 29360
kaile 28213
krongold 28213 30370
kolbuszow 28213 30449
kolbuszowa 28213 28760 30327 30449
karlsruhe 28213 28295 28585 29257
karen 28213 28344 28688 28730 28950 29232 29369 29666
kfrenkel 28213
kaye 28213
klasno 28213 28892 28928 29350 29380 30327 30449
krautwirt 28213
koscielniki 28213
keypair 28223
kvm 28223
killing 28223
kite 28225 28698 28772 28778 29089
kushako 28248
kengo 28248
kmeansinit 28255
kmeans 28255 30347
kmeansinitkmeans 28255
kmeansinitialization 28255
kitchen 28261 29461 30278
kaner 28271
kahan 28271 30211
kiper 28271
kuba 28271
kiev 28271
++ 28285 28294 28512 30286
k++ 28294
kusolwong 28296
krystyna 28300 28760 28932
knot 28300 28377 28623 29926
knotology 28300
klee 28304
ksbrown 28304
k+1 28304 28456 29973 30347
kth 28304 29311 29826 29917
ksb 28304
kaa18669 28304
kaa11021 28304
kaa20510 28304
knew 28315 28891 29200 29232 29578 29747 29917 30239 30442
kyudo 28315
kowalik 28315 29200
keynotes 28329 28905 29465 29747 29837 29857 30101
kuhrmann 28329 30101
kelly 28331 28414 28502 28730 29223 30277 30278 30360
kapur 28331 29142
karp 28331
krentel 28331
khuller 28331
kamal 28331 30210
karande 28331
karthik 28331 28754 29037 29130 29329 30107
ke 28344 29329
kernelsize 28351
knitr 28363
knit 28363
+0100 28364
king 28370 28414 28730 28782 28859 29367 29603 29747 30298 30374 30442
keyano 28374
kerrigan's 28374
kong 28374 28598 29200 29329 30376
kasparov 28374
kicks 28402 28516 28927 29224 30110
knauer 28406
kolb 28414
knox 28414 28831
keels 28414
knowen 28414
kempe 28414
kahn 28414 28663 28841
kleenex 28414
+stream 28429
+ascii 28429
+char 28429
+delstring 28429
kathleen 28440 28831 29416 29952
kamila 28442
keyla 28451
kenner 28451
kiwa 28451 29276
kosice 28451
kneller 28451
kuswidananto 28459 28509
kebin 28461 29332 30083
kensington 28464 28950 29666 30327
krowodrza 28464
kaila 28464 29764 30326
kylie 28488 29715 29899 30107
kit 28488 29352 29798 29889 30182
kits 28488
koala 28505
kk 28511
kamada 28511
kawai 28511
kippur 28520
kalichman 28520
kindergarten 28520
kloc 28537
kennemerland 28572
korkmaz 28585
keypoint 28598 28919
klavžar 28604
λ 28604
karloff 28614
karger 28614
knots 28623 29275 29926
kurt 28628 28950 29708 29899 29952 30360
+win 28638
kagel 28663
kayli 28663
kautz 28677 30018
kazian 28677
kidwell 28677
kivinen 28677
kinematic 28677
keyservers 28685
keyserver 28685
kyra 28688
knock 28690 29064
kirshner 28693
kampa 28695
kaisernahid 28728
kruskal 28729 29064
kuci 28730 29747
kraemer 28730
kellner 28730 29926 30219
kobelsky 28730
klaas 28730
kyungbaek 28745 29999
kyungbak 28745
kde 28752
kalmus 28760
kwadenstein 28760
komitau 28760
kirsnbaum 28760
kites 28772 29178
kellogg 28782
kensing 28782
kraut 28782
kriegel 28795
kleinman 28802 29116
kammer 28802
karola 28802 30389
kauffmann 28803 30322
kristine 28833
kaelyn 28833 29934
keppler 28841 29764 30389
kreindler 28841
kohs 28841
krzyszkowice 28841
kratz 28841
karam 28842
krakowski 28859
kornelia 28859
konstanopol 28859
kessel 28869
kesler 28869
keyboards 28873 30299
kittens 28881
kimmel 28891
kibbutz 28891
kate 28891
katechallis 28891
kolakowska 28891
kangaroo 28891
keffiyeh 28891
koori 28891
kennedy 28891 30041
++++++++++++++++++++++++++++++++++ 28891
++++++++++++++++++++++++++++++++++++ 28891
+1000 28891
ksiezki 28892
kraus 28892
kia 28896
+m 28897
knotts 28905 29837
keypoints 28919 29630
kristin 28922 30185
kally 28928
keita 28928
kolin 28928
kroscienko 28928
kurz 28928 29971
koerbel 28928
kappa 28933 29747
kocol 28933
kuan 28933
khode 28945
kozienie 28950
klar 28950
kidron 28950
klara 28950 29758 29952 30211 30389 30459
kruger 28950
kesia 28950
knud 28950
kalfus 28950
kathryn 28950
korn 28950
krocinka 28950
kohane 28950
kreisler 28950
kaplan 28951 29380
kotak 28980
+2 28993 29347 29590
kovea 29012
kalter 29021
krzywcze 29021
kriftch 29021
kossow 29021
kurima 29021 29545
kuppel 29021
kalech 29021
kozava 29021
kat 29050
knight 29062
kid 29064 30426
kruskalmazegenerator 29064
keryx 29081 29927 30377 30460
kswenson 29081
kulseth 29099
kick 29104 29200 29572 30184
kallick 29106
kleene 29113 29249
koza 29116
katy 29116
kerster 29116
kilroy 29123
kuang 29144
kulkarni 29144
kosaraju 29178 29885
kestlinger 29202
krzeslawice 29202
karbel 29202
kinesiology 29215
kluwe 29215
kicking 29224
kabalnick 29232
+leie 29232
+necha 29232
+dora 29232
+marsha 29232
+n 29232
kin 29232 29999
+girl 29232
+stacey 29232
+dan 29232
+marla 29232
+seymour 29232
+pam 29232
+laura 29232
kabalnik 29232
killed 29232
+leibush 29232
+boy 29232
+mollie 29232
+dorothy 29232
+wilma 29232
+linda 29232
+judith 29232
knutson 29238
+∞ 29247
+30 29256
kao 29261
kortenkamp 29275
kissing 29275 29926 30376
kosinski 29276
kendra 29276
krakauer 29276
katty 29276
keygen 29281
kuo 29291 29556
kaitlyn 29300
k1y 29312
khaki 29313
kratos 29329
kranthi 29329
kwong 29329
k^2 29333 30073
kn 29333
krumholz 29350
ksiel 29350
kety 29350
kore 29356
keepalive 29369
krauskopf 29369
kunze 29369
kindness 29369
kosocice 29380
kt 29393
kazuchika 29393
+| 29393
kline 29398 30389
kamholz 29442
knowlege 29491 30338
kassandra 29495
kdtree 29508 30353
+g++ 29521
kurim 29545
kuperberg 29556 29926 30376
ku 29556 30245
+zlota 29561
kleinhandler 29561
keindel 29561 30449
kari 29569 29695 29926 30095
knoxville 29574 30476
klaier 29575
+up 29590
+right 29590
+eps 29590
kapron 29603
kouroshfar 29604
keyholder 29605
kenya 29653
kopper 29666
kartz 29666
knocked 29669
+5 29669
任杰 29695
kuanli 29695
ksubsets 29709
kpeppler 29715 29899
kernelized 29724
kuchibhotla 29737
katrinka 29745
kabisch 29747
kernels 29747 30060 30482
kimberly 29747 29899
kudlinski 29747
kunisaki 29747
kerri 29747
kiczales 29747
kcui 29747
khodabandeh 29749 30201 30270
kanellopoulos 29749
k3 29775
kolman 29775
kaleidoscope 29794 29926
krol 29798 30211
kreiling 29798
knees 29798
ka9q 29798
koblas 29798
knowable 29799
k=3 29855
k=4 29855
k=30 29855
keen 29863
kou 29875
khermans 29899
ksalen 29899
ksquire 29899
+length 29917
+t 29917
+2t 29917
+o 29917
krishna 29923
kinsen 29923
kannath 29923
katumalla 29923
khanh 29923
kale 29923
karan 29923
kaushik 29923
kepler 29926
kunkel 29926
koebe's 29926
kristian 29926
kabai's 29926
kelvin 29926 30360
kusner 29926
koch 29926
kepert 29926
kentucky 29926 30261
konrad 29926
knotted 29926
kyle 29930 30360
kris 29934 30360
komei 29952
kaibel 29952
kedem 29952
kettner 29952
kranakis 29952
knut 29952
karsten 29952
kjaerulff 29954
kanazawa 29954
korb 29954
klajman 29955
kasner 29955
kaffer 29959
kurczab 29959
kosterlitz 29971
krauss 29971
+\sqrt 29973
k=6 29973
kidney 29987
kautzjonathan 30018
knowledgeable 30021
kad92 30021
kats 30022
kills 30047
k2 30073
k=\sqrt 30073
k\dot 30073
krauthgamer 30073
kentros 30095
k2log3k 30095
kiayias 30095
kuttal 30101
kass 30101
kuriakose 30101
khara 30101
kojima 30101
kaulgud 30101
kroll 30101
karim 30106
keldefra 30106
keytrokes 30121
kanduri 30144
knobs 30144
kathan 30144
kainulainen 30144
k5 30161
karr 30167
kartik 30182
ksaxena 30182
khuerth 30185
keyed 30208
kodratoff 30210
katowice 30211
kolomyja 30211 30370
krasylowic 30211
knobloch 30211
klang 30211
kazimierz 30211
kalma 30219
kronengold 30219 30327
kosowo 30219
kempler 30219 30277
kanterowice 30219
kleinberger 30219 30327 30389
kavitha 30223
kirke 30224
kjli 30227
kunz 30235
kyushu 30238
kasahara 30238
keiji 30238
kahului 30238
ketcheson 30261
knott 30261
kris' 30261
klonica 30267
+0000 30274
kayakers 30276
kiryat 30277
kansas 30288
kleists 30290
kudos 30299
kenichi 30301
kurihara 30301
klausner 30327
krzemieniec 30327
khava 30327
ky 30332
k^ 30347
k+k 30347
kdforest 30353
kdforesta 30353
kirk 30360
kristopher 30360
kermit 30360
kendrick 30360
kirby 30360
kurtis 30360
kennith 30360
kareem 30360
kieth 30360
kory 30360
keven 30360
kenton 30360
kip 30360
kolender 30370
kunia 30370
k=0 30376
kutas 30381
klarmann 30398
kotbiela 30398
kilns 30429
kiln 30429
kareo 30430
kingdom 30442
kimchi 30442
kara 30442
kleinwachs 30449
kampel 30449
kawenowa 30449
kandla 30449
kobierzyn 30449
knack 30455
kruse 30459
kolomey 30459
kasalin 30463
kaashoek 30482
