laptop 38837 38863 38864 38898 38911 38927 38988 38998 39009 39013 39021 39029 39037 39039 39045 39051 39054 39067 39116 39181 39251 39343 39355 39359 39388 39389 39436 39498 39559 39567 39583 39601 39605 39608 39612 39618 39701 39730 39736 39774 39789 39816 39818 39882 39890 39893 39911 39949 39953 39967 39978 39986 39988 39997 40016 40033 40068 40086 40093 40096 40121 40129 40167 40218 40238 40246 40274 40278 40297 40310 40321 40322 40353 40370 40430 40434 40467 40513 40515 40523 40530 40534 40551 40634 40656 40670 40671 40673 40682 40702 40741 40776 40807 40816 40822 40849 40853 40878 40884 40888 40891 40952 40996 40999 41007 41020 41021 41033 41040 41048 41064 41075 41108 41111 41158 41233 41257 41258 41266 41288 41346 41382 41408 41456 41508 41525 41554 41574 41588 41599
life 38837 38855 38858 38863 38864 38898 38906 38911 38927 38948 38988 38998 39009 39013 39017 39021 39029 39037 39039 39044 39045 39051 39067 39082 39116 39181 39251 39281 39343 39355 39359 39388 39389 39436 39498 39522 39541 39559 39567 39583 39601 39605 39608 39612 39618 39654 39701 39722 39730 39736 39746 39762 39774 39789 39816 39818 39882 39890 39893 39911 39930 39949 39953 39967 39978 39986 39988 39995 39997 40016 40027 40068 40086 40096 40121 40129 40167 40218 40238 40246 40274 40278 40297 40310 40321 40322 40346 40353 40366 40370 40430 40434 40467 40485 40513 40515 40523 40530 40534 40551 40583 40634 40656 40663 40670 40671 40673 40681 40682 40702 40741 40776 40807 40816 40822 40849 40853 40878 40884 40888 40889 40891 40905 40952 40999 41007 41020 41021 41033 41040 41048 41064 41065 41075 41108 41111 41158 41233 41237 41248 41257 41258 41266 41288 41294 41346 41382 41408 41435 41442 41456 41508 41525 41535 41538 41554 41574 41588 41599
leadership 38837 38863 38864 38898 38911 38927 38948 38988 38998 39009 39013 39014 39021 39029 39037 39039 39045 39051 39067 39116 39181 39251 39343 39355 39359 39388 39389 39436 39498 39559 39567 39583 39601 39605 39608 39612 39618 39635 39701 39730 39736 39774 39789 39816 39818 39851 39882 39890 39893 39911 39926 39949 39953 39967 39978 39986 39988 39997 40016 40068 40086 40096 40121 40129 40167 40238 40246 40274 40278 40310 40321 40322 40353 40370 40430 40434 40467 40513 40515 40523 40530 40534 40551 40634 40656 40670 40671 40673 40682 40702 40741 40776 40807 40816 40822 40849 40853 40878 40884 40888 40891 40952 40999 41007 41020 41021 41033 41040 41048 41064 41075 41108 41111 41158 41233 41257 41258 41266 41288 41346 41382 41408 41456 41508 41525 41554 41574 41588 41599
“ 38837 38863 38864 38871 38911 38998 39013 39029 39037 39045 39116 39120 39181 39201 39355 39388 39389 39436 39498 39549 39608 39612 39618 39635 39654 39729 39730 39736 39746 39774 39890 39911 39930 39953 39986 39988 40016 40068 40129 40208 40238 40274 40278 40321 40353 40430 40434 40467 40523 40534 40551 40634 40671 40673 40682 40697 40702 40776 40816 40832 40884 40952 40999 41007 41020 41040 41064 41108 41111 41151 41233 41257 41258 41266 41288 41346 41358 41408 41502 41599
local 38837 38845 38871 38908 38911 38948 38970 38991 38998 39045 39083 39085 39087 39108 39116 39120 39123 39130 39152 39173 39208 39288 39312 39334 39344 39347 39373 39420 39459 39500 39515 39587 39607 39613 39629 39635 39648 39654 39665 39709 39721 39729 39736 39798 39814 39825 39863 39883 39956 39975 40037 40094 40100 40173 40174 40180 40370 40371 40410 40447 40525 40526 40530 40551 40578 40623 40627 40648 40662 40663 40696 40699 40798 40832 40852 40885 40887 40891 40964 40997 40998 41007 41013 41018 41020 41065 41070 41076 41090 41092 41121 41151 41165 41189 41190 41203 41215 41294 41303 41315 41384 41447 41485 41521 41560 41609
ll 38837 38898 38911 39498 39798 40174 40434 40682 40697 40952 41404 41408 41502 41599
later 38837 38841 38845 38858 38874 38888 38898 38948 38962 38997 39108 39120 39123 39136 39251 39333 39373 39420 39473 39498 39553 39600 39607 39630 39722 39729 39745 39762 39870 39950 40029 40082 40085 40100 40121 40190 40254 40257 40299 40304 40321 40347 40357 40389 40429 40525 40538 40540 40570 40599 40605 40663 40697 40718 40779 40798 40823 40859 40996 41064 41065 41084 41111 41120 41133 41147 41156 41183 41194 41212 41215 41237 41248 41257 41266 41278 41294 41319 41404 41405 41406 41502 41510 41525 41535 41538
leveraged 38837 40244 41257 41271
lot 38837 38858 38898 38911 38958 38998 39017 39037 39136 39272 39333 39373 39406 39498 39553 39608 39612 39613 39747 39760 39774 39889 39890 39978 39987 40085 40100 40121 40254 40339 40347 40353 40380 40434 40481 40540 40596 40663 40697 40878 40883 40884 41040 41042 41215 41237 41258 41294 41405 41474 41476 41502 41510 41535 41538 41546 41599
learn 38837 38841 38845 38858 38898 38948 38958 39013 39108 39116 39120 39123 39136 39249 39290 39343 39372 39373 39406 39461 39498 39541 39578 39605 39607 39608 39612 39630 39709 39722 39767 39774 39867 39950 39967 39988 40027 40085 40096 40100 40107 40221 40246 40254 40278 40299 40346 40347 40353 40366 40370 40380 40432 40434 40481 40485 40528 40534 40538 40570 40585 40596 40605 40723 40798 40884 40905 40917 41064 41065 41084 41111 41152 41158 41215 41237 41258 41266 41294 41319 41335 41476 41502 41510 41535 41599
look 38837 38845 38885 38888 38898 38922 38958 38997 39062 39108 39120 39136 39170 39251 39255 39268 39272 39333 39335 39345 39366 39420 39446 39513 39551 39552 39553 39559 39563 39567 39612 39630 39729 39747 39782 39874 39889 39900 39912 39950 40016 40085 40093 40100 40142 40173 40254 40258 40339 40380 40434 40456 40478 40485 40520 40525 40540 40548 40596 40599 40644 40663 40713 40723 40741 40822 40859 40917 40945 40952 40996 40998 41021 41048 41065 41084 41215 41237 41294 41319 41320 41368 41394 41405 41406 41459 41476 41502 41510 41525 41546 41554 41581
like 38837 38841 38845 38858 38885 38898 38911 38927 38948 38958 38962 38992 38997 39013 39017 39033 39037 39108 39111 39128 39136 39152 39169 39251 39255 39268 39272 39281 39306 39318 39333 39345 39355 39359 39373 39406 39420 39498 39546 39549 39551 39553 39563 39607 39608 39612 39613 39630 39635 39703 39722 39729 39730 39747 39760 39762 39789 39790 39842 39845 39867 39874 39889 39890 39950 39951 39953 39987 39994 40027 40049 40083 40085 40093 40094 40100 40121 40161 40173 40208 40209 40221 40247 40254 40258 40274 40278 40290 40339 40347 40350 40353 40366 40367 40368 40380 40423 40430 40434 40456 40478 40481 40485 40520 40525 40527 40528 40538 40540 40570 40596 40599 40605 40644 40663 40665 40671 40682 40697 40699 40723 40755 40779 40798 40815 40842 40859 40878 40883 40888 40889 40917 40926 40996 41012 41048 41064 41065 41084 41092 41111 41120 41121 41132 41133 41139 41151 41152 41156 41194 41215 41237 41257 41258 41294 41319 41358 41376 41406 41442 41455 41464 41474 41476 41491 41502 41510 41525 41535 41538 41546 41554 41561 41599
liaison 38837
lead 38837 38849 38888 38911 38948 39037 39136 39332 39355 39553 39595 39612 39618 39630 39635 39657 39736 39750 39842 39988 40016 40121 40258 40290 40485 40525 40570 40688 40697 41020 41152 41233 41237 41364 41554
< 38837 38841 38844 38845 38863 38864 38879 38888 38898 38911 38927 38928 38958 38993 38997 38998 39009 39013 39029 39037 39045 39051 39062 39103 39108 39123 39136 39158 39181 39218 39251 39333 39347 39366 39373 39375 39388 39389 39420 39436 39440 39454 39461 39473 39478 39498 39519 39541 39551 39563 39577 39583 39587 39608 39612 39618 39630 39635 39730 39738 39747 39748 39754 39762 39774 39778 39785 39808 39816 39825 39838 39858 39890 39911 39941 39951 39953 39978 39986 39988 40016 40019 40059 40068 40081 40085 40093 40100 40129 40167 40173 40221 40238 40254 40258 40278 40285 40322 40353 40371 40384 40410 40430 40432 40434 40467 40468 40478 40485 40522 40523 40525 40534 40551 40560 40570 40578 40599 40601 40605 40634 40644 40663 40665 40671 40673 40699 40702 40723 40745 40755 40776 40804 40832 40842 40849 40852 40884 40887 40952 40996 40997 40999 41033 41040 41075 41084 41111 41203 41215 41233 41257 41258 41265 41266 41288 41297 41303 41315 41332 41335 41346 41368 41382 41406 41408 41420 41455 41456 41474 41510 41546 41560 41596 41599
lab 38837 38858 38863 38864 38885 38898 38904 38911 38922 38927 38949 38988 38997 38998 39009 39013 39021 39029 39037 39039 39045 39051 39067 39083 39108 39116 39136 39181 39230 39251 39258 39288 39343 39355 39359 39360 39371 39372 39380 39388 39389 39436 39446 39498 39522 39541 39559 39567 39583 39601 39605 39606 39608 39612 39618 39630 39680 39701 39703 39718 39722 39729 39730 39736 39758 39760 39774 39789 39798 39816 39818 39867 39874 39882 39890 39893 39897 39903 39911 39916 39949 39950 39953 39958 39964 39967 39972 39978 39982 39986 39988 39997 40016 40025 40027 40031 40046 40066 40068 40086 40096 40100 40105 40112 40121 40129 40167 40174 40238 40246 40254 40274 40278 40299 40310 40321 40322 40346 40347 40353 40366 40368 40370 40380 40430 40434 40450 40467 40513 40515 40523 40530 40534 40538 40540 40551 40585 40596 40612 40634 40648 40656 40670 40671 40673 40682 40686 40697 40702 40723 40741 40776 40807 40816 40822 40849 40852 40853 40878 40883 40884 40888 40891 40917 40952 40980 40999 41007 41020 41021 41033 41040 41048 41064 41065 41075 41076 41108 41111 41118 41132 41158 41190 41194 41221 41233 41257 41258 41266 41288 41294 41327 41346 41382 41399 41408 41456 41463 41476 41484 41485 41491 41502 41508 41520 41525 41538 41574 41588 41599
large 38838 38845 38851 38858 38874 38888 38898 38911 38948 38958 38961 38991 39027 39083 39111 39120 39123 39130 39136 39200 39248 39312 39333 39345 39366 39373 39420 39491 39493 39522 39551 39553 39559 39589 39607 39613 39630 39635 39722 39736 39746 39747 39760 39774 39832 39842 39861 39872 39900 39930 39950 39975 39987 39997 40056 40081 40085 40094 40097 40100 40208 40225 40244 40254 40261 40290 40304 40321 40380 40432 40522 40525 40570 40578 40599 40623 40634 40648 40663 40676 40718 40728 40747 40763 40798 40853 40859 41052 41070 41084 41092 41121 41132 41133 41145 41151 41203 41237 41258 41315 41335 41358 41405 41420 41440 41459 41464 41475 41476 41503 41546 41609
limited 38838 38845 38948 39037 39062 39123 39268 39355 39372 39420 39607 39630 39635 39748 39842 39895 39968 40109 40136 40208 40258 40290 40311 40383 40699 40852 40980 41084 41121 41358 41396 41508
low 38838 38877 38888 38919 38974 38976 39024 39030 39078 39108 39118 39120 39123 39147 39169 39205 39244 39272 39274 39346 39390 39416 39420 39486 39531 39561 39600 39607 39668 39698 39703 39746 39785 39845 39862 39877 39881 39915 39916 39930 40027 40100 40118 40119 40126 40208 40220 40241 40244 40269 40300 40314 40339 40357 40366 40394 40422 40527 40538 40660 40708 40730 40739 40810 40861 40950 40986 41014 41054 41079 41170 41215 41236 41237 41298 41302 41351 41358 41483 41531 41543 41572 41609
listing 38839 38845 38895 38938 38960 39026 39041 39058 39083 39123 39139 39145 39152 39169 39200 39240 39266 39270 39275 39287 39420 39429 39435 39567 39578 39607 39614 39648 39655 39681 39694 39703 39729 39735 39739 39836 39847 39870 39945 40005 40027 40056 40082 40152 40229 40255 40287 40292 40316 40366 40374 40402 40453 40476 40508 40538 40549 40658 40675 40684 40694 40709 40731 40747 40794 40825 40840 40853 40892 40955 40967 40972 40983 41032 41092 41147 41148 41187 41212 41215 41232 41239 41252 41274 41379 41409 41438 41509 41542 41553 41561 41566 41596
lazar 38839 38895 38938 39041 39145 39266 39275 39429 39435 39614 39655 39694 39735 39836 39870 40005 40026 40082 40152 40229 40255 40476 40549 40675 40684 40709 40731 40794 40955 41147 41148 41187 41212 41239 41274 41379 41409 41438 41542 41566
leon 38839 38895 38938 38960 39145 39240 39266 39399 39429 39614 39681 39694 39746 39847 39945 40005 40082 40152 40229 40402 40549 40658 40709 40731 40794 40825 40840 40955 41147 41148 41212 41239 41274 41379 41409 41509
lwow 38839 38960 39240 39270 39275 39429 39614 39681 39840 39945 40005 40082 40152 40476 40508 40549 40675 40709 40794 40840 40955 41212 41252 41409 41438 41566
lewi 38839 40402 40840
leibel 38839 38938 38960 39139 39145 39240 39266 39270 39275 39287 39429 39507 39681 39694 39847 40316 40402 40476 40549 40658 40675 40694 40731 40794 40955 40967 41212 41232 41239 41252 41274 41409 41438
liebe 38839 38960 39041 39275 39429 39435 39655 39870 39945 40152 40229 40402 40549 40658 40794 40840 41212 41409 41566
landau 38839 38895 39041 39058 39287 39614 40229 40402 40476 40709 40731 40794 40840 40972 41147 41252 41409 41509 41566
lawrence 38839 38938 38948 39116 39429 39790 39836 39847 40068 40255 40538 41148 41274 41409
lewek 38839 39139 39266 40709 40840 41212 41274
laja 38839 38895 39266 39275 39429 39435 39614 39735 40005 40082 40229 40402 40694 40709 40731 40794 40840 40955 40967 40983 41148 41212 41232 41239 41274 41379 41438 41542
leib 38839 38895 38960 39041 39139 39240 39266 39270 39275 39287 39399 39429 39435 39614 39681 39735 39739 39762 39836 39840 39945 40005 40026 40082 40152 40229 40255 40316 40402 40476 40549 40658 40709 40731 40794 40825 40840 40955 40967 40972 41148 41187 41212 41232 41239 41252 41274 41379 41409 41438 41509 41566
lencze 38839
last 38839 38841 38844 38845 38849 38858 38874 38879 38888 38895 38911 38922 38927 38928 38936 38938 38948 38958 38960 38961 38980 38997 39007 39013 39017 39025 39029 39033 39037 39041 39058 39103 39108 39115 39120 39122 39123 39128 39135 39136 39139 39145 39201 39209 39240 39258 39266 39270 39275 39284 39287 39288 39290 39306 39308 39318 39329 39333 39345 39372 39375 39392 39399 39406 39420 39427 39429 39435 39436 39440 39473 39498 39507 39541 39546 39552 39563 39607 39614 39630 39635 39637 39655 39681 39694 39703 39721 39729 39735 39738 39739 39746 39747 39760 39762 39778 39782 39808 39836 39840 39847 39858 39861 39870 39889 39890 39945 39950 39951 39958 39986 39987 39994 39995 39997 40005 40026 40049 40061 40067 40081 40082 40085 40097 40100 40109 40136 40152 40173 40174 40229 40255 40274 40278 40287 40290 40297 40299 40304 40316 40347 40353 40357 40397 40402 40468 40476 40478 40485 40493 40506 40508 40522 40528 40538 40539 40540 40546 40549 40555 40560 40585 40599 40605 40658 40662 40663 40675 40684 40694 40697 40699 40705 40709 40713 40716 40723 40731 40760 40766 40773 40789 40794 40825 40832 40840 40845 40859 40884 40888 40903 40907 40917 40955 40963 40967 40971 40972 40983 41012 41038 41084 41107 41111 41147 41148 41152 41181 41187 41194 41199 41212 41215 41232 41239 41248 41252 41274 41297 41319 41332 41335 41350 41379 41406 41409 41438 41474 41500 41502 41508 41509 41510 41514 41517 41542 41543 41553 41566 41583 41601
laboratory 38840 38948 39009 39083 39290 39381 39420 39489 39541 39607 39612 39701 39851 40068 40121 40290 40527 40568 40585 40852 41151 41233
ls25 38840 38842 39035 39213 39349 39356 39475 39476 39503 39678 39776 39811 39979 40090 40438 40608 40714 40788 40872 41066 41112 41199 41222 41250 41306 41431 41512 41539
lecture 38841 38851 38858 38888 38922 38958 38980 39037 39091 39115 39120 39136 39200 39225 39249 39258 39333 39355 39380 39486 39498 39500 39527 39541 39563 39574 39608 39703 39722 39731 39746 39747 39767 39798 39814 39827 39889 39903 39916 39924 39930 39950 39968 40027 40056 40079 40085 40100 40142 40156 40161 40174 40180 40183 40221 40257 40280 40297 40346 40347 40352 40366 40380 40383 40407 40471 40485 40493 40518 40538 40540 40570 40596 40605 40660 40663 40697 40723 40747 40798 40854 40889 40949 40958 40970 40971 40998 41016 41084 41092 41132 41151 41194 41215 41245 41291 41312 41319 41333 41430 41453 41464 41473 41474 41500 41502 41529 41535 41538 41546 41583
lectures 38841 38858 38980 39031 39062 39105 39115 39120 39255 39258 39360 39703 39722 39738 39798 39889 40085 40100 40109 40121 40346 40370 40383 40432 40485 40538 40585 40612 40663 40854 41084 41151 41215 41319 41405 41502 41535 41543
levels 38841 38845 38848 38855 38873 38879 38888 38917 38948 38950 38974 38976 38997 39024 39032 39061 39078 39092 39108 39118 39123 39127 39274 39333 39343 39416 39419 39420 39436 39438 39511 39531 39553 39563 39605 39607 39635 39668 39698 39790 39802 39932 39944 39963 39967 40016 40061 40063 40092 40094 40096 40105 40119 40194 40246 40269 40270 40274 40294 40305 40314 40408 40434 40525 40540 40585 40596 40602 40697 40708 40726 40986 41000 41002 41008 41014 41037 41096 41121 41127 41158 41203 41245 41351 41355 41386 41442 41443 41527 41545 41609
level 38841 38845 38874 38879 38948 38958 38991 38997 39033 39042 39051 39100 39120 39123 39152 39250 39251 39281 39312 39313 39318 39333 39355 39373 39420 39446 39553 39559 39563 39600 39607 39613 39618 39622 39635 39648 39747 39763 39808 39867 39889 39893 39900 39907 39930 39958 39975 39987 40016 40063 40085 40093 40094 40100 40224 40240 40247 40297 40321 40371 40374 40403 40434 40440 40447 40498 40525 40596 40631 40697 40699 40723 40752 40766 40798 40817 40824 40832 40922 40925 40996 41001 41034 41064 41084 41092 41193 41203 41233 41237 41459 41474 41510 41515 41535 41561 41599 41609
legend 38841 38845 39420 39577 39838 40019 40527
list 38841 38845 38847 38849 38885 38888 38936 38948 38958 39021 39029 39033 39085 39087 39108 39120 39123 39136 39152 39169 39200 39208 39258 39288 39290 39312 39322 39334 39343 39347 39366 39410 39420 39446 39454 39498 39500 39513 39541 39546 39552 39563 39587 39600 39605 39607 39630 39635 39637 39643 39648 39689 39703 39709 39718 39721 39729 39731 39747 39754 39790 39794 39798 39814 39826 39827 39851 39874 39889 39893 39911 39924 39926 39941 39950 39956 39967 39968 39987 40019 40027 40029 40037 40061 40085 40087 40094 40096 40100 40156 40174 40246 40254 40258 40298 40346 40347 40350 40357 40361 40366 40367 40371 40374 40380 40384 40403 40410 40430 40435 40447 40456 40481 40485 40493 40498 40509 40518 40525 40526 40527 40528 40538 40540 40548 40570 40599 40605 40660 40663 40696 40699 40701 40723 40745 40832 40845 40859 40862 40876 40902 40907 40917 40926 40931 40971 40996 41012 41065 41084 41121 41156 41158 41203 41215 41245 41257 41294 41303 41311 41315 41354 41405 41406 41408 41455 41474 41476 41510 41543 41546 41554 41560 41561 41599 41601
leaving 38841 39108 39578 39589 40423 40525 40605 40859
little 38841 38858 38874 38885 38888 38948 39120 39136 39186 39281 39406 39427 39498 39551 39553 39563 39581 39607 39630 39635 39722 39746 39747 39748 39798 39986 39987 40019 40085 40094 40121 40173 40180 40208 40240 40299 40347 40380 40407 40410 40434 40447 40540 40596 40605 40634 40663 40697 40699 40723 40798 40824 40872 40917 40955 41060 41065 41237 41245 41289 41294 41319 41358 41396 41409 41474 41476 41510 41538 41599
load 38841 38849 38991 39067 39128 39136 39162 39408 39648 39975 40016 40056 40085 40169 40173 40258 40361 40578 40699 40747 41073 41085 41121 41151 41441 41510 41536
leading 38841 38888 38898 38980 38998 39037 39120 39136 39251 39355 39436 39608 39635 39729 39900 39903 39916 39953 40016 40208 40370 40534 40702 40852 41040 41064 41084 41121 41215 41356 41358 41455 41456 41459
listed 38841 38845 38849 38858 38874 38885 38888 38980 39021 39027 39116 39120 39136 39372 39373 39420 39589 39703 39722 39729 39741 39760 39762 39789 39874 39903 39916 39950 39951 39958 39968 40085 40100 40254 40304 40525 40528 40530 40538 40539 40540 40559 40605 40723 40883 40917 41084 41120 41215 41245 41248 41265 41294 41319 41405 41420 41510 41538 41546
looks 38841 38992 39033 39037 39179 39333 39387 39553 39563 39589 39736 39842 40027 40085 40254 40299 40366 40403 40485 40525 40528 40534 40540 40671 40699 40829 40842 40905 41064 41122 41215 41217 41288 41474 41510 41535 41538 41546
loop 38841 38871 38879 38904 39012 39333 39461 39563 39680 39741 39987 40045 40085 40087 40100 40174 40258 40380 40410 40498 40570 40644 40663 40699 40798 40837 41065 41092 41215 41294 41526 41543
lefttogenerate 38841
lets 38841 38958 39045 39333 39553 39629 40085 40173 40274 40299 40525 40528 40842 40996 41075 41297 41406
learning 38841 38863 38864 38871 38879 38898 38927 38948 38958 38993 38998 39037 39062 39083 39108 39116 39120 39225 39249 39290 39299 39375 39436 39446 39454 39465 39498 39500 39522 39574 39612 39613 39635 39650 39709 39721 39738 39746 39747 39767 39774 39814 39827 39867 39876 39893 39900 39930 39958 39972 39978 39997 40027 40086 40121 40136 40138 40180 40208 40221 40297 40299 40346 40347 40366 40380 40435 40523 40534 40555 40623 40631 40697 40723 40884 40962 40980 41007 41040 41042 41073 41075 41111 41116 41132 41133 41156 41237 41245 41257 41258 41266 41288 41358 41441 41456 41459 41473 41500 41531 41535 41599
largest 38841 38911 39255 39551 39553 39987 40061 40085 40339 40447 40540 40663 40671 40702 40841 41064 41092 41203 41233 41453 41599 41609
long 38841 38845 38888 38898 38911 38922 38936 38948 38962 38997 39041 39107 39120 39123 39128 39136 39145 39169 39172 39200 39225 39258 39274 39335 39345 39373 39389 39406 39420 39446 39553 39607 39613 39652 39694 39703 39729 39746 39747 39748 39842 39861 39867 39982 40011 40027 40085 40100 40247 40254 40299 40366 40380 40525 40528 40538 40540 40644 40663 40699 40709 40723 40745 40779 40798 40832 40841 40859 40862 40887 41012 41064 41065 41084 41111 41121 41147 41148 41194 41215 41248 41274 41294 41388 41408 41409 41442 41455 41476 41491 41502 41546
location 38841 38845 38888 38948 39012 39123 39201 39355 39420 39541 39607 39613 39635 39721 39729 39731 39746 39747 39798 39924 40156 40182 40206 40218 40407 40423 40435 40469 40482 40485 40503 40518 40525 40527 40663 40699 40859 40926 40976 41065 41203 41294 41303 41376 41473 41502 41526
left 38841 38854 38874 38948 38998 39013 39017 39092 39108 39128 39136 39158 39181 39288 39333 39420 39553 39559 39563 39581 39607 39630 39652 39729 39760 39782 39798 39950 40100 40257 40258 40278 40299 40305 40346 40347 40380 40423 40527 40528 40540 40559 40596 40605 40663 40699 40832 40859 40903 40915 41064 41084 41146 41196 41215 41352 41406 41474 41494 41503 41510 41538
loose 38841 38899 39412 40014
lights 38842 38954 39370 39463 39746 39915 40698 40775 40946 41065 41199 41294 41318
linear 38844 38845 38933 38948 39019 39031 39062 39083 39091 39105 39120 39136 39154 39200 39228 39248 39249 39258 39347 39366 39420 39446 39522 39553 39589 39607 39650 39701 39785 39798 39838 40019 40056 40087 40228 40257 40258 40298 40347 40358 40383 40421 40469 40525 40527 40660 40663 40723 40832 41068 41092 41093 41145 41451 41464 41474 41531
locking 38845 38936 39033 39123 39420 39546 39607 40699 40935 41151 41442
locked 38845 38858 39123 39420 39541 39546 39607 39722 39842 40100 40173 40310 41502
leaf 38845 39333 39366 39478 39553 41220
language 38845 38906 38948 38958 38997 39012 39123 39136 39169 39290 39373 39420 39440 39446 39473 39498 39513 39546 39552 39559 39607 39613 39630 39635 39690 39703 39721 39722 39746 39816 39926 39930 40085 40109 40156 40208 40221 40225 40311 40380 40435 40481 40498 40506 40520 40528 40540 40599 40605 40663 40723 40842 40917 41007 41023 41042 41084 41139 41215 41237 41245 41258 41266 41319 41325 41332 41358 41406 41408 41502 41543 41601
link 38845 38849 38858 38871 38948 38961 38991 38999 39062 39105 39108 39116 39120 39123 39128 39136 39144 39169 39290 39366 39372 39373 39408 39420 39446 39500 39501 39513 39552 39578 39589 39607 39622 39630 39635 39722 39751 39754 39767 39851 39876 39883 39889 39911 39912 39930 39950 39975 39987 40016 40027 40031 40085 40100 40142 40173 40208 40254 40276 40297 40366 40368 40380 40383 40415 40423 40525 40528 40540 40559 40596 40723 40819 40828 40851 40854 40859 40917 40922 40949 40968 40996 40999 41040 41065 41074 41132 41194 41215 41237 41294 41319 41358 41421 41475 41493 41510 41538 41580
lockinfo 38845 39420
lock 38845 39033 39123 39125 39162 39420 39546 39607 39648 39800 40100 40173 41012 41508
locks 38845 39123 39420 39546 39607 40610 40699
legal 38845 38987 39136 39268 39281 39373 39420 39549 39630 39748 39785 39987 40027 40085 40100 40366 40434 40520 40525 40538 40570 40876 41064 41084 41108 41215 41245
lower 38845 38851 38888 38922 38997 39080 39083 39108 39120 39158 39182 39258 39271 39318 39541 39563 39635 39701 39703 39747 39785 39814 39895 39950 40085 40100 40183 40258 40305 40353 40387 40527 40538 40551 40559 40644 40663 40832 40878 40980 41007 41092 41093 41111 41132 41203 41215 41502 41508 41543
latest 38845 38997 39546 39729 39916 39956 39986 40094 40100 40121 40161 40174 40254 40299 40525 40596 40648 40723 40842 40917 41007
locktoken 38845 39420
lockentry 38845 39420
lockscope 38845 39420
locktype 38845 39420
lockdiscovery 38845 39420
lost 38845 38849 38997 39120 39123 39272 39290 39333 39420 39513 39551 39600 39607 39630 39635 39657 39703 39842 39890 39950 39995 40027 40085 40100 40173 40339 40366 40538 40599 40926 41146 41237 41243 41406 41502
length 38845 38874 38897 39027 39083 39085 39305 39366 39373 39420 39444 39527 39553 39563 39577 39630 39703 39724 39987 40019 40061 40085 40100 40114 40280 40540 40570 40605 40644 40663 40699 40723 40756 40832 41065 41092 41121 41294 41434 41464 41474 41543 41546
live 38845 38945 39067 39112 39115 39128 39268 39420 39546 39577 39746 39987 39995 40094 40174 40468 40599 40663 41012 41064 41065 41084 41257 41294 41473
library 38845 38958 38988 38991 39007 39062 39108 39120 39258 39373 39420 39552 39589 39622 39630 39635 39747 39851 39889 39956 39975 39987 40019 40085 40114 40142 40218 40254 40525 40528 40540 40605 40648 40663 40917 41042 41065 41084 41173 41190 41215 41237 41294 41406 41435 41485 41502 41510 41570
lagoze 38845 39420
literature 38845 38874 39158 39420 39440 39473 39551 39574 39635 39956 39968 40208 40228 40356 40411 40520 40599 40816 40952 41040 41042 41064 41332 41358
lasher 38845
locator 38845 39420 40926 41165
locations 38845 38858 38879 38948 39116 39355 39367 39420 39635 39911 40136 40193 40596 40662 40663 40699 40718 41007 41065 41084 41294 41485 41502
links 38845 38849 38928 38936 38948 38980 39021 39062 39116 39123 39208 39249 39290 39334 39408 39420 39454 39461 39465 39493 39500 39552 39567 39607 39613 39635 39654 39689 39703 39709 39721 39738 39789 39790 39808 39815 39842 39882 39883 39900 39903 39916 39924 40027 40121 40274 40321 40361 40366 40370 40383 40398 40432 40450 40525 40528 40530 40538 40559 40599 40639 40682 40696 40697 40716 40732 40817 40828 40854 40862 40884 40889 40922 40926 40980 41007 41012 41018 41064 41156 41215 41311 41335 41435 41459 41502
let 38845 38885 38888 38958 38962 38997 38998 39017 39037 39120 39128 39158 39318 39420 39446 39546 39551 39553 39563 39630 39635 39703 39718 39729 39738 39746 39785 39814 39861 40027 40055 40061 40085 40228 40258 40299 40347 40366 40397 40410 40456 40485 40528 40538 40559 40570 40578 40627 40644 40665 40701 40723 40789 40828 40832 40843 40878 40917 40931 40945 40998 41012 41065 41084 41120 41152 41215 41294 41406 41420 41443 41474 41476 41502 41503 41510 41535 41546
leaves 38845 38888 38912 38962 39173 39333 39366 39420 40061 40085 40321 40412 40525 40974 41215 41220 41404 41476 41599
less 38845 38888 38948 38993 38998 39085 39108 39116 39120 39123 39245 39248 39281 39333 39546 39563 39613 39630 39635 39650 39703 39729 39747 39842 39889 39997 40016 40059 40061 40085 40094 40100 40208 40258 40290 40297 40321 40347 40485 40498 40525 40538 40578 40596 40663 40697 40723 40804 40853 40859 41012 41033 41084 41121 41132 41215 41237 41319 41358 41406 41455 41474 41502 41508 41535 41538
leach 38845 39420 39851
lws 38845 39420
lists 38845 38922 39169 39258 39272 39420 39553 39563 39582 39747 39874 39956 39987 40085 40093 40183 40290 40304 40339 40380 40400 40498 40538 40540 40570 40605 40699 40723 40804 40883 40889 40926 40980 40996 41007 41048 41065 41070 41133 41215 41248 41294 41543 41546
longer 38845 38863 39091 39108 39120 39200 39272 39420 39500 39553 39607 39608 39630 39703 39785 39950 40027 40079 40085 40100 40173 40254 40339 40347 40366 40525 40538 40557 40663 40699 40723 40760 40798 40852 40878 41215 41245 41319 41476 41502 41538
located 38845 38948 39080 39123 39355 39420 39607 39635 39736 39956 40094 40407 40485 40583 40741 40745 40832 40905 41510
least 38845 38858 38885 38888 38922 38942 38992 39033 39108 39120 39134 39136 39158 39172 39248 39272 39288 39359 39366 39373 39375 39406 39420 39461 39541 39546 39551 39563 39613 39635 39690 39700 39701 39722 39747 39748 39760 39762 39785 39865 39872 39903 39910 39926 39950 39987 40019 40026 40061 40100 40190 40208 40221 40228 40254 40304 40339 40380 40383 40390 40423 40525 40527 40528 40540 40570 40578 40585 40596 40644 40660 40663 40693 40699 40852 40883 40917 41065 41084 41092 41108 41121 41132 41194 41215 41233 41237 41294 41303 41319 41358 41474 41491 41502 41510 41561
largely 38845 39373 39420 39630 39782 39987 40257 40578 40671 41040 41064 41526
liveness 38845 39420
likely 38845 38874 38879 38948 39085 39115 39120 39136 39169 39268 39333 39420 39478 39493 39500 39553 39563 39601 39648 39654 39760 39832 39926 39997 40085 40100 40208 40254 40298 40380 40407 40434 40485 40522 40596 40663 40697 40699 40723 40745 40859 40917 41012 41052 41064 41065 41092 41215 41288 41294 41319 41356 41358 41405 41406 41455 41476 41500 41502 41510 41535 41561
logical 38845 38879 38991 39027 39268 39420 39549 39607 39975 40100 40168 40180 40221 40962 41084 41237 41470
loses 38845 39420
lock's 38845
leftmost 38845 39136 39420 40832 41543
| 38845 38858 38924 38949 38968 38980 39021 39074 39090 39108 39116 39136 39158 39249 39272 39308 39343 39373 39420 39465 39489 39493 39499 39500 39541 39553 39559 39563 39567 39574 39598 39605 39625 39630 39637 39689 39709 39718 39722 39731 39738 39747 39760 39780 39785 39798 39815 39823 39827 39846 39858 39882 39889 39903 39916 39930 39950 39951 39960 39967 39987 40085 40087 40093 40096 40121 40142 40156 40161 40169 40180 40181 40203 40213 40224 40246 40258 40274 40311 40321 40323 40339 40357 40361 40374 40380 40389 40407 40417 40421 40423 40432 40435 40469 40471 40477 40485 40498 40518 40525 40530 40531 40540 40555 40596 40606 40639 40644 40663 40669 40682 40699 40713 40741 40755 40798 40815 40822 40828 40833 40852 40859 40870 40883 40889 40907 40931 40963 40996 40998 41006 41007 41016 41048 41064 41073 41084 41090 41139 41158 41183 41194 41202 41203 41206 41237 41271 41294 41303 41311 41315 41320 41333 41380 41388 41405 41406 41416 41425 41430 41435 41463 41503 41510 41525 41538 41546 41565 41578 41601
logs 38845 39420 39423 39430 39635 39851
line 38845 38849 38860 38874 38887 38922 38948 38958 38963 38970 38993 38997 39012 39083 39085 39087 39108 39115 39120 39128 39130 39136 39150 39173 39208 39212 39218 39276 39288 39303 39312 39334 39344 39347 39361 39420 39446 39459 39493 39515 39587 39589 39629 39630 39665 39676 39703 39712 39729 39736 39746 39747 39748 39785 39820 39825 39831 39863 39866 39942 39950 39956 39985 39987 39988 40006 40027 40029 40037 40056 40085 40100 40109 40178 40195 40208 40228 40242 40254 40258 40298 40304 40347 40366 40368 40371 40447 40526 40527 40528 40578 40583 40625 40627 40636 40644 40648 40682 40696 40699 40723 40747 40753 40772 40779 40789 40798 40799 40804 40806 40832 40887 40909 40917 40942 40964 40991 40996 40997 40998 41013 41065 41068 41076 41084 41092 41093 41121 41128 41132 41133 41169 41189 41190 41191 41203 41215 41237 41245 41286 41293 41294 41303 41307 41315 41319 41322 41323 41350 41358 41359 41368 41384 41406 41447 41450 41474 41485 41486 41510 41521 41535 41538 41546 41551 41560 41570 41609
lang 38845 39116 39420 39490 40321
locale 38845 39420
layer 38845 38848 38879 38991 39420 39668 39814 39975 40031 40081 40087 40136 40357 40699 40949 40980 41092 41203 41215 41520
limit 38845 39120 39420 39582 39630 39635 39700 39718 39729 39950 39987 40087 40208 40221 40525 40644 40699 40779 40931 41084 41358 41453 41474 41510
limiting 38845 39200 39420 40525 40560 41092
languages 38845 38851 38898 38991 38997 38998 39082 39083 39091 39115 39136 39373 39381 39420 39498 39513 39549 39605 39635 39690 39703 39746 39747 39767 39798 39809 39893 39930 39967 39968 39975 40027 40096 40156 40181 40208 40225 40246 40290 40350 40353 40366 40380 40485 40498 40513 40525 40528 40538 40540 40623 40663 40723 40766 40852 40970 40971 41007 41084 41092 41139 41158 41233 41237 41245 41271 41358 41464
license 38845 38970 39087 39130 39173 39208 39334 39344 39347 39420 39459 39515 39587 39629 39665 39825 39863 40037 40371 40423 40447 40526 40578 40627 40648 40696 40718 40832 40859 40887 40917 40964 40997 41013 41076 41189 41190 41203 41303 41315 41384 41447 41485 41521 41560 41609
licenses 38845 39420 39612 41332
lee 38845 38910 38938 38998 39083 39120 39132 39139 39184 39420 39569 39716 39746 39930 40205 40225 40229 40230 40255 40266 40303 40321 40547 40623 40658 40667 40732 40750 40754 41147 41148 41250 41274 41379 41408 41431 41435 41469 41526
laurie 38845 39420 40005
lassila 38845 39123 39420 39607
larry 38845 38928 38936 39123 39236 39420 39607 39836 39842 39941 40247 40522 41455
lauren 38845 39041 39139 39420 40229 40476 40658 40983
label 38845 39420 39522 40100 40191 41335 41476
leap 38845 39420 40952 41215
law 38848 39158 39249 39305 39551 39553 39635 39736 39748 39790 40100 40182 40258 40434 40663 40676 40876 41064 41346
layout 38849 38874 39044 39373 39600 39649 39950 40142 40171 40699 41173 41203 41464
loading 38849 39123 39473 39607 39635 40116 40621 40699 41085
lam 38851 39031 39116 39263 39410 39574 39846 41007 41145 41531
larger 38851 38858 38874 38911 38930 39050 39123 39130 39134 39156 39158 39207 39265 39291 39374 39397 39437 39441 39538 39553 39562 39584 39589 39630 39638 39657 39722 39747 39754 39772 39793 39832 39891 39918 39923 39939 39984 39987 39997 40007 40056 40059 40061 40085 40100 40157 40208 40234 40235 40337 40385 40434 40454 40475 40527 40528 40559 40599 40615 40660 40663 40666 40687 40689 40697 40720 40744 40858 40867 40873 40878 40937 40978 41040 41076 41084 41126 41146 41215 41237 41243 41249 41273 41299 41303 41329 41358 41368 41390 41404 41474 41510 41518 41562
landmark 38851
latin 38851 39021 39083 40375 40660 41291
leibniz 38851 40257 41220 41464 41529
lipics 38851 40257 41220 41464 41529
ls50 38852 38995 39161 39661 39896 39971 40052 40442 40700 41460
\providespackage 38854
\makeatletter 38854
\newcommand 38854
\footlinea 38854
\setbeamertemplate 38854
\leavevmode 38854
\hbox 38854
\begin 38854 40088 40832 40998 41485
\hspace 38854
\vspace 38854
\includegraphics 38854
\end 38854 40088 40832 40998 41485
\textsf 38854
\fontsize 38854
\selectfont 38854
\insertshorttitle 38854
\newline 38854
\insertshortinstitute 38854
\hfill 38854
\insertframenumber 38854
\vskip0pt 38854
\footlineb 38854
\insertauthor 38854
\footlinec 38854
\titlepageblue 38854
\usebeamerfont 38854
\huge\inserttitle\par 38854
\bigskip 38854
\normalsize\insertauthor\par 38854
\smallskip 38854
\normalsize\insertinstitute\par 38854
\insertdate\par 38854
\setbeamercolor 38854
\titlepagewhite 38854
\bullet 38854
\setbeamerfont 38854
\blackslide 38854
\sectionheaderwhite 38854
\nointerlineskip 38854
\vbox 38854
\huge 38854
\hskip1ex 38854
\insertframetitle 38854
\par 38854
\large 38854
\strut\insertframesubtitle\strut 38854
\sectionheaderskin 38854
\sectionheadergreen 38854
\makeatother 38854
loser 38856 38865 38882 38940 38981 38986 39000 39003 39018 39028 39063 39076 39094 39117 39131 39141 39142 39191 39241 39295 39331 39341 39426 39447 39458 39479 39516 39530 39632 39644 39672 39676 39687 39714 39806 39822 39878 39966 40002 40021 40084 40103 40153 40195 40222 40239 40242 40262 40283 40324 40360 40406 40425 40464 40480 40545 40564 40625 40636 40651 40668 40685 40742 40791 40812 40877 40906 40924 40959 40985 40991 41056 41058 41128 41150 41198 41244 41246 41270 41286 41308 41353 41393 41411 41415 41436 41466 41532 41551 41567 41577 41590 41592
labs 38858 39108 39251 39355 39559 39630 39703 39722 39851 39903 39950 39958 40031 40112 40174 40274 40346 40347 40368 40380 40538 40585 40596 40612 40623 40697 40713 40741 40822 40888 40917 41048 41084 41151 41476 41502 41525
leave 38858 38888 38898 38958 39017 39051 39116 39120 39123 39128 39136 39373 39546 39581 39867 39987 39997 40061 40085 40254 40297 40346 40540 40605 40663 41020 41064 41092 41215 41510 41525 41535 41538
lengthy 38858 39037 39612 39722 40407 41502
lowered 38858 39115 39722 41084
lesson 38858 38948 39037 39722 39802 41237 41257
late 38858 39062 39085 39108 39120 39541 39703 39718 39722 39809 39968 39987 40339 40368 40383 40456 40468 40490 40522 40525 40532 40538 40539 40697 40888 40931 40971 41015 41064 41111 41120 41237 41319 41500 41510 41535
l1 38860 39150 39276 39303 39361 39461 39563 39712 39820 39831 39942 39985 40178 40723 40753 40772 40799 40806 40909 40942 41068 41092 41169 41191 41293 41307 41323 41359 41450 41474
l2 38860 39150 39276 39303 39347 39361 39563 39712 39820 39831 39942 39985 40178 40578 40723 40753 40772 40799 40806 40909 40942 41169 41191 41293 41307 41323 41359 41450 41474
l 38860 38909 38938 38970 39041 39061 39127 39150 39208 39270 39276 39303 39318 39334 39343 39344 39361 39429 39515 39522 39542 39563 39577 39605 39635 39647 39648 39655 39712 39748 39783 39820 39831 39835 39836 39838 39847 39874 39886 39889 39942 39963 39967 39985 40005 40019 40061 40096 40105 40152 40178 40229 40246 40255 40300 40323 40340 40380 40417 40485 40570 40574 40658 40709 40723 40753 40772 40799 40804 40806 40909 40942 40947 40983 40998 41037 41061 41084 41096 41121 41148 41151 41158 41169 41191 41215 41239 41274 41293 41307 41323 41359 41409 41450 41474 41476 41503 41544
lamp 38861 41316
ls15 38861 39532 39710 39821 41017 41129 41247
localizes 38863
listening 38864 39631 39722 39802 39911 39961 40952 40965
lain 38864
launches 38864 41538
lucrezia 38866
lum 38866 39049 39101 39192 40023 41341
ls 38869 39068 39193 39729 40093 40814 40996
liu 38871 38991 39258 39360 39372 39572 39746 39975 39983 40254 40750 40852 41475
linkage 38871 39589 39798 41092
loopy 38871 41531
log 38871 38885 38949 38969 39030 39091 39200 39335 39366 39478 39486 39553 39563 39577 39689 39703 39718 39729 39788 39817 39956 40011 40019 40027 40085 40169 40257 40285 40298 40299 40361 40366 40368 40450 40510 40525 40538 40660 40718 40751 40880 40931 41043 41065 41085 41092 41123 41237 41294 41311 41441 41464 41495 41502 41510 41596
lander 38871
lon 38871
likelihood 38871 38948 39249 39420 39500 39746 39895 41237 41441 41531
logic 38874 38948 39120 39228 39255 39268 39357 39372 39461 39513 39549 39613 39637 39701 39721 39746 39747 39754 39785 39827 39930 40100 40168 40181 40191 40221 40410 40750 40970 40971 41075 41084 41139 41319 41335 41373 41451 41470 41543
leads 38874 39206 39238 39416 39531 39543 39551 39553 39613 39635 40016 40208 40257 40434 40540 40842 41051 41065 41092 41294 41358 41406 41538
layouts 38874 39589 41464 41475
lines 38874 38933 38958 38991 38993 39007 39083 39108 39115 39136 39577 39589 39630 39746 39747 39838 39867 39975 40019 40027 40085 40100 40173 40208 40228 40254 40298 40333 40350 40366 40485 40639 40699 40798 40804 40977 41065 41084 41092 41132 41215 41237 41294 41318 41358 41476 41596
los 38877 39041 39139 39355 39429 39607 39655 39746 39762 39847 39851 40068 40075 40152 40229 40255 40391 40658 40709 40794 40983 41064 41065 41092 41147 41239 41274 41294 41346 41379 41400 41408 41409
leak 38879 38991 39975 40525 40663
localization 38879 38991 39170 39635 39975 40435 41398 41526
leverage 38879 38898 39654 40181 40353 41325 41526
locate 38879 38997 39290 39790 39804 40094 40299 40485 40663 40699 40798 40926 41020 41215
leakage 38879 39372 39690 41139
lasers 38883 39206 39935 41374
laguna 38884 38911 39355 39847 40152 40325
leah 38884 39155 39225 39429 40005 40152 40229 40544 40825 40967 40983 41239 41274 41566
linked 38885 38962 39026 39136 39446 39553 39563 39578 39589 39630 39635 39709 39718 39883 39987 40254 40292 40423 40453 40525 40663 40859 40931 41032 41510
likewise 38885 38958 39108 40085 40297 40538 40663 40798 41065 41084 41152 41215 41294 41420 41546
linnea 38887 40080 41426
lookups 38888 39553 39972 40085
lookup 38888 38922 39553 39613 39648 39972 40716 41065 41294 41546
|| 38888 39007 39333 39767 39785 40059 40100 40169 40804 41215 41601
lancut 38895 39435 40794
lehrer 38895 39145 40005 41212
lea 38895 38938 39139 39145 39240 39266 39270 39275 39287 39399 39429 39435 39614 39655 39681 39694 39739 39836 39840 39847 39870 39945 40005 40082 40152 40156 40229 40402 40435 40476 40549 40658 40694 40709 40731 40794 40825 40840 40967 40972 40983 41147 41148 41187 41212 41239 41252 41274 41379 41409 41438 41566
licht 38895 40658
lapanow 38895
lieba 38895 39139 39240 39266 39270 39275 39429 39655 39681 39847 39945 40082 40152 40229 40316 40402 40508 40658 40684 40840 40983 41148 41212 41232 41252 41409 41509
lotem 38895
leinkram 38895 39945 40709 40731 40972 41274
learned 38898 38948 38993 38998 39017 39037 39051 39116 39136 39251 39498 39581 39608 39746 39762 39814 39851 39997 40085 40100 40150 40435 40525 40596 40798 41064 41084 41111 41116 41215 41237 41408 41429 41538 41602
linux 38898 39212 39630 39635 39729 39851 39902 40035 40093 40109 40208 40525 40540 40567 40583 40648 40723 40773 40917 40996 41012 41084 41237 41358 41508
led 38898 38948 39120 39372 39553 39654 39736 39911 39995 40068 40208 40211 40540 40845 41111 41358 41408
legacy 38898 38948 39236 39420 39607 39612 39690 40244 40522
lowering 38898 39635 41007
luis 38903 39014 39562 40693 40928
leagues 38905 39324
longstreet 38906
land 38909 38911 39251 39450 39454 39886 39997 40029 41033
looking 38911 38922 39017 39033 39037 39108 39130 39136 39226 39499 39552 39553 39703 39747 39785 39790 39941 39988 40003 40085 40100 40121 40254 40258 40347 40456 40485 40522 40525 40538 40548 40648 40671 40699 40782 40968 40984 41084 41102 41133 41151 41163 41185 41215 41237 41258 41266 41319 41481 41510 41599
luna 38911
lgbtq 38911 40702
lisp 38922 39119 40410 40498 40522 40528 40663 40842
logistical 38922 40375
letters 38924 39017 39312 39436 39498 39630 39930 39997 40109 40208 40347 40523 40539 40724 40745 40798 40833 41084 41092 41111 41121 41194 41358 41360 41416
lens 38929 39112 39358 39470 39502 39622 39659 39936 40051 40052 40071 40436 40563 40657 41241 41277 41512
london 38932 38960 39083 39128 39139 39420 39429 39552 39717 39746 39844 39870 40152 40229 40255 40398 40409 40434 40500 40534 40658 40794 40983 41027 41064 41212 41239 41273 41379
locality 38933 39312 39613 40100 40663 40798 41007 41485
lebel 38938 39275 39735 39840 40082 40229 40287 40709 40825 40967 41274 41409 41509
laura 38938 39041 39429 39435 39614 39655 39870 40005 40255 40287 40709 40972 40983 41147 41212 41239 41252 41409
lucien 38938
lottie 38938 39139 39847
landrain 38938
lucienne 38938
liliane 38938
louis 38938 39041 39139 39429 39655 39762 39847 40005 40152 40229 40252 40255 40402 40658 40709 40955 40983 41147 41148 41239 41274 41409 41566
lemberg 38938 39429 39681
lisa 38938 39041 39429 39655 39930 40152 40158 40255 40709 40983 41196
liebowitz 38938
leopold 38938 38960 39041 39240 39266 39275 39429 39836 40005 40082 40152 40476 40694 40709 40731 40794 41252
lauderdale 38938 39041 39746 39762 40709 41274 41409
lindenbaum 38938 39275 40794
leo 38938 39237 39681 39847 40794 40840 41148 41248 41379
loewengart 38938
leesa 38938
lennard 38944
landed 38947 39612
lesser 38948 39987 40229 40718 41121 41546
light 38948 39016 39037 39057 39105 39116 39158 39394 39589 39748 39782 39786 39986 40240 40304 40618 40917 40980 41060 41185 41201 41238 41463
lack 38948 39037 39493 39654 39736 40016 40152 40208 40274 40434 40485 40596 41245 41358 41599
lans 38948
loss 38948 39249 39997 40016 40136 40525 40644 40648
logging 38948 38997 39729 40016 40525 41510 41525
linking 38948 38962 39553 39635 41203 41467 41570
lessons 38948 39612 39746 39851 40150 40435 41040
livermore 38948 39847 40068
laboratories 38948 39581 40828 41151
lindsay 38954 39036 39086 39149 39247 39304 39555 39801 40076 40115 40229 40369 40455 40620 41008 41127 41468 41587
logically 38958 39635 40059
latter 38958 39200 39203 39553 39747 39972 40059 40258 40304 40525 40540 40578 40660 40755 40798 40832 40842 41546 41609
liskov 38958
lots 38958 39613 39760 39767 39794 39987 40016 40100 40297 40380 40485 40525 40538 40663 40926 41020 41130 41215 41510 41538
lipschytz 38960
lois 38960 39847 40709
lobel 38960 39145 39240 39270 39429 39655 39681 40005 40082 40229 40658 40731 40794 40972 41148 41187 41212 41232 41274 41379 41409 41438
lasar 38960 39145 39870 41274
liebeskind 38960 40840 40955 41274 41409
lustbader 38960
langer 38960 39058 39270 39429 40082 40476 41274
ludwika 38960 39041 39870 40508 40658 40709 40794 40840 41147 41212 41239
liban 38960
leizer 38960 39058 39145 39270 39429 39435 39836 39945 40082 40229 40549 40684 40794 40967 40983 41239 41252 41379 41566
lana 38960
lucia 38960 40152 41566
latvia 38960 39429
leiser 38960 39266 39287 40082 40255 41379
lei 38960 38991 39975 40983
leichter 38960 40840
leuchter 38960
lilienthal 38960
liebling 38960 41553
laurel 38961 40005
lever 38962
longhand 38962
lake 38966 39041 39429 39997 40082 40091 40197 40516 40589 41170 41376 41523
louise 38966 39041 39847 40091 40152 40402 40983 41147 41212 41239
lodge 38966 40337
liop 38970 39087 39130 39173 39208 39334 39344 39347 39459 39515 39587 39629 39665 39825 39863 40037 40371 40447 40526 40578 40627 40648 40696 40832 40887 40964 40997 41013 41076 41189 41190 41203 41303 41315 41384 41447 41485 41521 41560 41609
la 38972 39017 39041 39050 39083 39120 39705 39847 39995 40025 40714 40926 41147 41435 41473
lip 38974 40761
liquid 38978 40878
linescorecalculator 38981 41058
langson 38988
lesbian 38988
lgbt 38988 40702
lubomir 38991 39637 39975
lai 38991 39266 39435 39507 39681 39722 39836 39975 40152 40476 40825 40983 41187 41212 41409
lncs 38991 39083 39746 39851 39975
las 38991 39041 39429 39746 39975 40094 40152 40229 40852 41093
lausanne 38991 39975
launch 38997 39201 39251 40299 40423 40525 40540 40859 40917
libraries 38997 39203 39541 39612 39635 39689 39760 39851 39987 40081 40100 40114 40361 40368 40393 40450 40492 40525 40723 40852 41033 41085 41215 41226 41311 41485 41508 41510
lambda 38997 40085 40410 40723 41420 41491
lose 38997 39108 39120 39158 39333 39950 40368 40596 40723 40971 41012 41473
lilyann 38998
leeway 38998
lands 38998 39355 40029 40097 40926
lorrie 38998
left6823874 39000
left7336520 39000
left6977804 39000
left7052111 39000
left7014119 39000
left7231187 39000
left7206879 39000
left7475354 39000
left7827359 39000
left7678451 39000
left7568935 39000
left7408292 39000
left7618100 39000
left7300174 39000
left7401860 39000
left7771747 39000
left7457732 39000
left7421410 39000
left7530083 39000
left7806100 39000
left7715861 39000
left6436619 39000
left7635396 39000
left7878170 39000
left7881798 39000
left7292884 39000
left7632873 39000
left7831786 39000
left7491228 39000
left7997448 39000
left7611913 39000
left7704942 39000
left7672252 39000
left7600732 39000
left7605478 39000
left7747957 39000
left7661627 39000
left8016425 39000
left7963064 39000
left7822260 39000
left7958031 39000
left3087794103 39000
left4179833209 39000
left4205235009 39000
landing 39009 39251 39463 40215 40399 40663 40698 41527
\i 39012
li 39012 39021 39116 39305 39522 39572 39583 39635 39746 40180 40258 40353 40551 40623 41151 41158 41388 41408 41531
login 39013 39729 40100 40278 40583 41245 41435 41502
likes 39013 39037 40278 40798 41012 41257
lives 39013 39045 39051 39251 39522 39762 39842 39995 40121 40218 40238 40278 40397 40456 40583 40673 40676 40884 40905 41006 41064 41111 41206 41233 41510
lauds 39017 41064 41111 41346
laurels 39017 41064 41111 41346
living 39017 39059 39073 39685 39746 39762 39881 39951 40005 40067 40211 40468 40582 40702 40989 41111 41114 41144 41248 41274 41554 41561
listen 39017 39120 39281 40209 40430 41510 41535
liable 39017 39427 39994 39995 40097
legoland 39020 39638 39733 39907 39927 40693 40928 41279
laude 39021 41346
lucas 39021 39690
larsen 39021 39312 39589 39690 41064 41271
lies 39025 39083 39154 39553 40254 40599 40699 41121 41517
liberally 39027
lengths 39027 39305 40079 40085 40540 40723 41065 41092 41294 41453 41538
league 39029 40055 41152
legends 39029 41554
layered 39031 39033 39589 39930 40087 41092 41464
laws 39031 39305 39552 39746 40097 40100 40310 40854 41064 41173
lexicographic 39031 40061 40701 40854 41068
layers 39033 39152 39225 39814 40081 40087 40136 40357 40398 40949 41092
laid 39033 39373 39722 39858 40525 41500
love 39037 39365 39613 39767 40941 41111
lifting 39037 39785 40540 41092 41349 41408 41420 41526
lifted 39039 39785 40181 41420 41531
leibel+ 39041
leinzeig 39041 39145
linkowsky 39041
linkovsky 39041
linkowski 39041 39275 40005
lena 39041 39429 40229 40255 40983 41148
lillian 39041 39139 39266 39429 39694 39847 40005 40082 40229 40255 40983
leff 39041
linda 39041 39251 39429 39847 40005 40156 40229 40255 40435 40709 40850 40983 41248 41409
levittown 39041
lowenstein 39041 39681
ludwik 39041 39266 39614 39681 39847 40402 40476 40508 40549 40658 40675 40972 41147 41239 41409
ludwig 39041 39083 39681 40152 40287 40549 41274
livingston 39041 40255 40658 41409
leigh 39041 39608 40983
loeb 39041 39429
leybel 39041 39139 39266 39429 39614 39694 39840 39870 40082 40287 40684 40694 40825 40840 40955 41212 41232 41239 41252 41566
levine 39041 40983
libby 39041
leonard 39041 40255 40402 40658 40794 40983 41239 41274 41509
louis+marcia 39041
loui 39041
levy 39041 39083 39836 40255 40709 41147 41239 41248
louis+anna 39041
lindsey 39048 39387 39715 40709
lieber 39058 39266 39429 39694 39847 39870 40005 40152 41409
lobzow 39058 41239
lucya 39058 41239
logistic 39062 39249 39995 40648 41441
lecturess 39062
logisitcs 39062
logan 39069 39536 39548 39553 40314 40351 40454 40566 40709 40994 41594
\em 39083
lett 39083 40660
le 39083 39116 40229 40631 41007 41248 41601
lingas 39083
levin 39083 39429 40229
laplacian 39083 41303
limeil 39083
lawson77 39083
lawson 39083
lee78 39083
lee83 39083
lin 39083 39116 39228 39746 39819
lennes11 39083
lennes 39083
levcopoulos87 39083
levcopoulos 39083 40164
\omega 39083
\sqrt 39083 40832 41292
lindholm83 39083
lindholm 39083
lingas83 39083
link\ 39083
lingas89 39083
lipton 39083 39847
lloyd77 39083
lloyd 39083 39130 41007
lo85 39083
lo 39083 40027
lo89 39083
lo91 39083
lohner87 39083
l\ 39083
lohner88 39083
langley 39083
longest 39083 39366 39553 40183 40257 40258 40540 40854 40867 41084 41434 41543
\ 39083 39158 39563 40088 40228 40357 40485 40570 40832 40998 41084 41203 41265 41303 41474 41485 41503
locally 39083 39123 39607 39613 39635 39648 39956 40258 41092 41151 41215 41312
\log\log 39083
laarhoven 39083
lineup 39086 39355 39471 40194 40649 40702
ls10 39089 40216 41210 41547
\n 39090 40019 40254 40773 41084
\t 39090 39577 39838 40019
lane 39100 39116 39429 40144 41147 41526
launcher 39108
letter 39108 39115 39120 39420 39731 39767 39835 39926 39958 40027 40085 40156 40254 40347 40366 40407 40435 40518 40527 40528 40605 40798 40852 41084 41092 41107 41121 41194 41215 41319 41406 41544
literal 39108 39299 39630 40100 40403 40570 40596 41084 41215
legitimately 39108
listings 39116 40530
lovrein 39116
lucero 39116
linh 39116
learners 39116 41007
lurey 39116
looked 39116 39136 39268 39553 39668 40016 40100 41012 41065 41111 41133 41215 41294 41453
literary 39116 40599 40750
liang 39116 39930
lining 39118 39498
legitimate 39120 39613 40027 40366 40540 41319 41502 41510
lathrop 39120 39312 39697 39958 40555 40631 40749 41158
limitations 39120 39152 39169 39553 39630 39635 39987 40525 40699 41065 41237 41294 41406 41508 41510
lowest 39120 39272 39366 39747 39809 40100 40109 40339 40407 40527 40585 40854 40883 40971 41084 41123 41215 41319 41601
letterhead 39120
lenat 39120 40221
learns 39120 40107 40136 40481
locomotion 39120
locators 39123 39607 39851 40520 41012 41455
langsam 39128 39951 40026 40067 40190 40397 40468 40544 40760 41248 41253
lived 39128 39251 39762 40397 41248
lore 39128
llloyd 39130
loops 39136 39461 39630 39760 40045 40100 40174 40798 41215 41475 41546
limassol 39139
leona 39139 40255 41408
lowy 39139 41147
leia 39145
laia 39145 39266 39287 39429 39435 39507 39694 39735 39870 40082 40316 40402 40694 40731 41147 41148 41274 41379 41409
lunajec 39145
leizor 39145
lerner 39145 40402 40549 40560 41148 41187 41212 41438
laulicht 39145 39275 40005 41379
leie 39145 39275 39287 39614 40005 40082 40825 40840 41147 41438 41509
log2n 39151 39553
lozzo 39154 41464 41529
lighted 39158
\pi 39158 40998
\theta 39158 39817
lasilla 39169
longhorn 39177
lion 39177 39311 39810 39898 40917 41538
leopard 39177 40592
loosen 39182
\kappa^ 39182
\prime 39182
löffler 39200 40056 40747 41092 41292
lampkins 39201
luecken 39201
leveraging 39201 39930 41007 41064 41215 41356
licence 39201
link32 39218
liv 39225
lastname 39225
leeuwen 39231 39454 40257
\users\sandyirani\desktop\ics 39233 39571 39640 40591 41516 41569
lynch 39237 40062 41108
lipman 39240 39275 39847 39870 40229 40731 41187 41232 41239
liebfeld 39240
littman 39240
lubiw 39242 39527 40280 40850 40930 41092 41291
üngör 39245
laugh 39247 40555
lucky 39247 39251 39296 39333 39498 39866 40254 40259 40456 40628
leprechauns 39247 39296 39866 40259 40628
lie 39248 39373 39486 40644 41215 41233
lattice 39248 39589 40747 40987 41092 41398
lampman 39251
launching 39251 39950
leiserson 39258 39889
lehrfreund 39266
lautman 39266
luise 39266
liwaser 39266
leipzigo 39266
lipe 39266 40731
lodz 39266 39435 39681 40152 40476 40983 41274 41553
leja 39266 40229 40840
libe 39266 40508 41274
luks 39266 40005
laizer 39266 39270
lattices 39268 39549 39785
laney 39268
lakoff 39268
liebes 39270
leonora 39270 39429 39694 39870 40152 40549 40658 40709 41187 41509
luck 39270 39612 40525
lolek 39270
lipsko 39270
lionfish 39274
leipman 39275
liebler 39275 40476
lust 39275
landowski 39275
landowska 39275
leibman 39275 40476
limkowicz 39275
likierman 39275
limkowski 39275
lemel 39275 40005 40967
linkowska 39275
leibisch 39275 39681 39840 40082 40229 40675 40694 40794 40967 41409
lancet 39275
landerer 39275
labin 39275
lipnik 39275 40794
lipschutz 39275 39435 40316 40794
lezar 39275
leibusch 39275
laje 39275 39429 40152 40983
limanowa 39275 39435 41438
lobbyist 39284
lobbyists 39284
leidel 39286
ls100 39286 39391 39965 39996 40158 40313 40446 41072 41289
labanotation 39290
literally 39290 39785 41233 41396
labanotators 39290
literals 39299 39375 39648 40100 41084 41546
lri02 39312
lu 39312 41139
lsssi01 39312
lri01 39312
li01 39312
leung 39312
latency 39312 39637 40290 40663 41536
logo 39312 40528 40917
lowlink 39328
lecturer 39335 39343 39605 39612 40246 40297 40702 41064 41139 41266
logt 39338
logc 39338
leaders 39343 39605 39967 40096 40208 40246 41020 41064 41158 41258 41358
lecturerresearch 39343 40246
learningbiomedical 39343 40515 41158
learningstatistics 39343
leader 39355 39436 40121 40213 40299 40555 41007
lobby 39355
leed 39355
limits 39357 40208 40238 40299 40663 41202 41358 41508
langston 39358
leiden 39358 39936
lum25 39364 39502 40051
lca 39366
lincoln 39372 39907 40097
lysyanskaya 39372
lay 39373 41491
leaked 39373
legally 39373 41455
localized 39373 39987 40578
lopes 39388 40246 40435 40583 40623 40905 41158
les 39388 39635
lamping 39388 40435
loingtier 39388 40435
lasting 39388 40238 40599 41535
lobzower 39399
lamppost 39400 40435 40543
loads 39408 39648 40663 41085
lowell 39410 39719 40655 41398
losing 39420 39690 40596 41442
lifetime 39420 39930 40100 40238 41021 41064
lenient 39420
localpart 39420
lieu 39423
libardi 39429
la6 39429
lillie 39429
lutherville 39429
litt 39429
lemler 39429 39945 40005 40709
lina 39429 40255
lurie 39429
luxenberg 39429 39735
liebgold 39429 40402
leontyna 39429 40508
liberman 39429
lax 39429 39498 40105 40370 40454 41232
luchs 39429
lewka+sary 39429
lieby 39435 39681
liberowicz 39435
liebi 39435
lezajsk 39435 40760
leser 39435 39681 41409
leib+ruchel 39435
lighthouse 39448 40661 41186
linkedin 39454 39498 41151
loopthis 39461
lrm 39461 41335
lite 39465 39574 39815
llnagaay 39475
logarithmic 39478 39553 39563 40257 40510 40660 41092
lechmere 39480
lectureindex 39483 41226
limerick 39492 39851 40623 40721 40793
letting 39498 41012 41599
loved 39498
lined 39498 39760 40163 40312 41258
lung 39522
lou 39522 40219 41356
lan 39522 40031
lstm 39522
lasso 39522
ltejw 39523
latoza 39529
lifecycle 39541 41064 41561
legible 39541
lying 39541 39746 41092
logistics 39546 39731 40156 40435 40518 41012 41473
liked 39546 39612 39762 40481
labeled 39549 39563 40100 40585 41173 41215 41319 41476
lioen 39551
lineto 39551
lucus 39552
lexicographically 39553
log2 39553 40085 40257 40258 40298 40660
logarithms 39553 40085 41350
logarithm 39553 40633
log10n 39553
logbn 39553
logab 39553
log16n 39553
log216 39553
luckily 39553
logout 39559 40347
lpr 39559
lunchtime 39560
logarithmically 39563
l3 39563 41474
ln 39563 40663
lionel 39574
lty=1 39577 39838 40019
lordata 39577
lwd=2 39577 39838 40019
lty=2 39577 39838 40019
lty=c 39577 39838 40019
lordata1 39577
lechuan 39583
lindquist 39583
laying 39589 40258 41257
lashings 39589
litchfield 39589
lovely 39589
lisonek 39589
ladders 39600
lotus 39607 39695 40210
lumsdaine 39612
lecturers 39612 40713 41266
lunch 39612 40456 41064
lean 39612
lecturing 39612 39867
lm 39613 40019
localize 39613
lap 39613 39760
lapew 39613
landfill 39613
lublin 39614 40402 40709 41566
lewkowicz 39614 39870
luksner 39614
lawrence+judith 39614
laufer 39614 39739 40402 40694 41212
lieblich 39614 41147 41566
lynda 39618
lianne 39618
lifelong 39630 40888
letstatement 39630
linkedlist 39630 41065 41294
linenum 39630
longitudinal 39635 39930
locational 39635
lightweight 39635 39930 40016 40481 41139 41190
lago 39635
libre 39635 40257
lakhani 39635
lopez 39635 41408 41527
luca 39637
liyan 39637
lilia 39637
loosely 39637
lisg 39648
loadobjects 39648
localsystem 39648
loefelholz 39655
loffelholz 39655
lokszer 39655
laie 39655
liane 39662 40983
lizard 39671 40449 41604
lsjumb2 39679
lsjumb1 39679
langermann 39681
liba 39681 40229 40967 41212 41409
lothar 39681
lansing 39681 40255
lichtinger 39681
lippmann 39681
lipmann 39681 40152
lotty 39681
lewin 39681
lipnica 39681 39836 41212
laub 39681
lola 39681 39762 40005 40229 40983 41274
lotte 39681
leone 39681
lettner 39690
liebchen 39690
librando 39690 41271
lederer 39694
leopold+therese 39694
lazarus 39694 40709
loom 39696
literacy 39701 39746 40353 40671 41257
lacks 39703 41510
lauritzen 39709 41147
lise 39709
lumiere 39709
lit 39720 39950 40869
looseness 39721
ladies 39733
luxemberg 39735
laureates 39736 40523 41021
lefler 39739
lebl 39739 41212
linguistics 39746
lacoste 39746
ljubljana 39746 40305 40399 40783 41092 41522
litman 39746 39847
laach 39746
lópez 39746
livshits 39746
leuven 39746
latitude 39746 41152 41510
leeds 39746 41212
liskowski 39746
laubsch 39746
liabilities 39746
lehmann 39746
linguistischen 39746
logics 39746
latina 39746
lambrinoudakis 39746
linguistic 39746 40209
linz 39746 39762
lazy 39747 40257 40699
len 39747 39987 40085 40570 41546
laundry 39747
laps 39760
lizzie 39762 40117
levi 39762 40152 40287
legion 39762 40234
lakes 39762 39930 40229
lozea 39762
lewis 39762 39847 39930 40027 40152 40255 40366 40794 40983 41156 41212 41239 41379
leviathan 39762
louie 39762
lighting 39764 40209
lacma 39768 39869 40597 41290 41390
levitated 39768
legendre 39782 40304
lubs 39785
lub 39785
lift 39785 41448
leadoff 39787
lara 39789 39954 40297 40893
lumen 39789
locates 39790 39842 40485
lr 39798 40019 41441
leslie 39836 40255 40969 41239 41274 41408 41473
luftig 39836 40082
luxembourg 39837 41092
lowess 39838 40019
lty=3 39838
liepman 39847 40731
libman 39847 40402 41409
liebman 39847
libmann 39847 40476
lucian 39847
leyzer 39847
lucile 39847 40709
lydia 39847 39930 40005 41239 41409
lippy 39847
lucille 39847 40229 40255
leroy 39847 40476
lexington 39847 40658
lehman 39847 40316 40840
lahman 39847
lafee 39847
leibow 39847
licensing 39851 40310 41007
lemma 39858
lightly 39858 40100
logm 39863
lily 39870 40468 40983 41147 41212 41239 41502
loslau 39870
lak 39870 40152
landesdorfer 39870
lvov 39870
lebenheim 39870 40794
\le 39910
landon 39911
llc 39911 40353
liljeberg 39930
levorato 39930 40068 40999 41158
latif 39930
labbaf 39930
luís 39930
lucasda 39930
lotta 39930
löyttyniemi 39930
lund 39930
lafond 39930
lilius 39930
lukas 39930 40255 40623
lirong 39930
lnicst 39930
lok 39930
lim 39930
lithuania 39930
lastz 39930
laser 39935 40478 41508
lesie 39945
lebwohl 39945
leserkiewicz 39945
lamensdorf 39945 40549
logged 39950 41020 41525
\22workspace 39950
loaded 39950 40100 40699 40723 41510
lab0 39950
langsam10 39951
lynx 39956 40384
listserv 39956
licensed 39958 41502
loreta 39959
latex 39968 40998 41265
liberal 39978
lime 39984 41051
louanne 39986
lingered 39986
lotteries 39987
lottery 39987 41476
lotterysets 39987
lookout 39987
lotteryseterror 39987
lotteryseterrors 39987
lesserlotto 39987
lotterysetexception 39987
launched 39994 40274 40434 40540 40888
lakers 39995
lrmc 39995
lebron 39995
lucrative 39997 40353
luge 39998
luzer 40005 40794
lidia 40005
lviv 40005 40229
lauber 40005
leibl 40005 40152
lynn 40005 40955 40967 41147 41274
liza 40005
lenkowicz 40005
lorie 40005
ladder 40015 40272 41248
labels=c 40019
\\mydocuments\\bayes\\linearregression\\codeanddata 40019
lpml 40019
lr1 40019
lpml1 40019
lpml2 40019
lpml3 40019
lpml4 40019
lpml5 40019
lpml6 40019
\\mydocuments\\bayes\\linearregression\\codeanddata\\nonlinearregression 40019
loren 40026
liberty 40027 40366 41277 41409
ledeen 40027 40366
liebeherr 40031
labor 40063 40309
llnl 40068
lucja 40082 41409
leki 40082
lamel 40082
loffler 40082
lowi 40082
libs 40085
longers 40085
|a 40085
lineno 40085
loadfactorthreshold 40085
lease 40085
\pyg 40088
l+m+mi 40088
lamentable 40097
lord 40097 40599
lookupindex 40100
looping 40100 40346 40380
lengthless 40100
lockstatus 40100
lil 40100
lec 40112
labeling 40136
lad 40144
linn 40144
luzar 40152
leipzig 40152 40229 41252
liberia 40152
lucie 40152 41379
lewek+dwora 40152
lipsey 40152
lynne 40152 41147 41274 41379 41566
loewy 40152
lebed 40152
ling 40152
luxner 40152
lowenfeld 40152 40402
lazer 40152 41509
landesdorf 40152
lingen 40156
lafon 40156 40435
logicalvariable 40168 41470
log= 40169
lk 40173
lars 40180 41073 41531
lemon 40191
loc 40208 41358
lifestyle 40213 41040
l'oeil 40216
leonardo 40218
lucy 40221 41148
leibish 40229
lejzor 40229 41566
lemie 40229
lehrfeld 40229
langyel 40229
lengyel 40229
lengyal 40229
laycob 40229
lowenbaum 40229
lee+marjorie 40229
lecie 40229
lancashire 40229 40983 41212 41239
lieban 40229
loszynska 40229
loschinski 40229
lemberger 40229 40825 40983 41409
lipschitz 40229
lew 40229
leonore 40229
lab3 40254
leftover 40254 40660
lori 40255 41239
levans 40255
louisville 40255 40402
livonia 40255
liebgang 40255 40658
leventhal 40255
lustig 40255 40366 40549
limbaugh 40255
landskut 40255
larchmont 40255
localinfo 40258
lattitude 40258
lychees 40261
landscape 40274 40847 41064 41151 41170
laskey 40274
loder 40274
ligers 40284
leszman 40287
leontyma 40287
logp 40290
lepe 40299
lakatos 40304
leimann 40316 41212
leiman 40316
leman 40316
lubaczow 40316
lebendig 40316 41232
lemann 40316
liman 40316
lp 40343
l=12 40347
laytext 40347
linearalgebra 40347
l+i+n+e+a+r+a+l+g+e+b+r+a 40347
liotta 40352 41291
likeminded 40353
layering 40357 41092 41151 41215
lowercase 40368 40525 40605 41194
langsams 40397
lippe 40402
laszkiewicz 40402
lincer 40402
liszek 40402
|old 40403
lexically 40410 40528 41376
lastly 40423 40525 40859 40993
lindtner 40430
lawyer 40434 40849 41346
lighter 40434 41237
lawyers 40434
lase 40435
locating 40435 40485 40845 41215
lizhiyuan 40450
lorch 40450
lenko 40468
lat 40468
lenkowitzer 40468
landman 40476
lange 40476
lustgarten 40508 40658 40794
luba 40508 40731
leontina 40508
lib 40525 40540 41085 41418 41538
linkers 40525
linker 40525 40699 41570
leda 40528 40709
\\inf102\\workspace\\assignment4\\bin 40540
leg 40540 41065 41294 41599
lifts 40540
lebanoff 40549
lugnion 40549
lubliner 40549
lila 40549 40709
leszek 40549
langmass 40549
laor 40549
lowe 40578
linspace 40578
lowe's 40578
loner 40596
liturgy 40599
lutheran 40599
lambdas 40605
listlength 40605
lennon 40610 40941 41518
lemos 40623
ladybug 40632 41589
linksys 40634
|c 40644
|=1 40644
|u 40644
|dt 40644
|v| 40644
\url 40648
laplace 40648
learningresearch 40656
leib+sara 40658
liesel 40658
libis 40658
liszki 40658
lipa 40658 41566
luftglas 40658
lubelski 40658 40731
lorna 40658 41274
lorraine 40658 41147
lds 40662 40716 40926
loaner 40662
lru 40663 40699
locals 40663
leaks 40663 40718
lns 40663
\chi 40665
loans 40671 41508
lives—from 40671
laiha 40675
leslaw 40675
leutschau 40675
lowenthal 40675
losses 40676 41108
lewisberry 40682
looming 40682
laksche 40694
limitation 40699 41084
|page 40699
looser 40699
lazily 40699
loader 40699
latner 40709
ladygail 40709
luce 40709
lyons 40709
laurens 40709
lanski 40709
lyn 40709
laurence 40709 40983
lenox 40709
lunz 40709
lula 40709
lipsker 40731 41239
lemmel 40731
lg 40745
lombardi 40747 41159
lineage 40760 41237
linefeed 40773
lf 40773
\r 40773
\r\n 40773 41601
lhuilier 40789
lednitzer 40794 41566
lewy 40794 41212
levitan 40794
lauer 40794
liwszyc 40794
lia 40794
landy 40794 41212
lastclass=cgameview 40797 41135
lasttemplate=cdialog 40797 41135
lastpage=0 40797 41135
lastobject=cgameapp 40797 41135
lastobject=caboutdlg 40797 41135
losecount 40798
legs 40804
leyb 40825 41542
\mathtt 40832
\quad 40832 41203
\alpha 40832
\beta 40832
\in 40832 40998 41203 41485
\dots 40832 41485
\infty 40832
\bar 40832
\hat 40832 41203
\leq 40832 40998 41203
\mathrm 40832 41203
\frac 40832 40998 41203
\delta^2 40832
\max\ 40832
\delta 40832
|t| 40832
\mathbb 40832 41203
\mathcal 40832
\times 40832 41292 41303 41485
\\ 40832
lucchi 40836 41076
lowczowek 40840
lotti 40840
lessor 40845
||| 40852
louisiana 40852
lakehead 40852
laurini 40852
lyon 40852
luther 40854
\python37 40859
\windows 40859
\windows\system32\wbem 40859
\program 40859 41215
\python37\scripts 40859
\python36 40859
likeliest 40859
legislation 40876
liability 40876
litigation 40876 41346
labexamx 40883
labexamspassed 40883
labexamgrade 40883
left5899440 40906
left6905559 40906
left6255692 40906
left6079412 40906
left6261482 40906
left6302339 40906
left6553062 40906
left6965886 40906
left6042944 40906
left6337668 40906
left6310288 40906
left6627711 40906
left6819209 40906
left6793997 40906
left6856361 40906
left6906643 40906
left6569032 40906
left7069225 40906
left6962299 40906
left6478513 40906
left7317084 40906
left6307680 40906
left5875785 40906
left7281247 40906
left7389359 40906
left6739213 40906
left6989797 40906
left6932039 40906
left7145889 40906
\eclipse 40917
latte 40917
leetcode 40922
lifelines 40926
lobzowie 40955
lanckorona 40955
laibus 40967
lische 40967
liebszy 40967
lifcze 40967
leybel+perli 40967
leb 40967
langier 40967
lawn 40974
lapa 40983
liverpool 40983
lynette 40983
lianedc 40983
lsy238p 40996
|grep 40996
|wc 40996
\keyword 40998
\ldots 40998
\documentstyle 40998
\title 40998
\author 40998
\date 40998
\maketitle 40998
\footnote 40998
\geq 40998
\forall 40998
\bf 40998
\cal 40998
\subseteq 40998
\neq 40998
\emptyset 40998
\sigma 40998 41203
\tau 40998
\subset 40998
\cap 40998
l+1 40998
\rightarrow 40998
|x|^2 40998
\pi^o 40998
lanka 41003
lowers 41007
lita 41007
licademia 41007
linguin 41007
lickfett 41020
lifeguard 41037 41490
lev 41040
learner 41042 41535 41602
leysia 41064
llp 41064
lineblock 41084
|^| 41084
|||~| 41084
|\| 41084
|'| 41084
||++ 41084
|^ 41084
literaltype 41084
\n\nenter 41084
\nnew 41084
\thorizontal 41084
\vvertical 41084
\bbackspace 41084
\rcarriage 41084
\fform 41084
\abell 41084
\\\ 41084
\ndrop 41084
localsearch 41090
lueker 41092 41158
linearly 41092
linkages 41092
lcd 41100
lenses 41100
lid 41108
lightning 41111
laeser 41121
loretta 41144 41379
leon+regina 41147
l9 41147
lavin 41147
lester 41147
lachner 41148
lychagin 41151
lsms 41151
latsis 41151
legislator 41152
lousy 41152
legitmate 41156
learningnetworks 41158
leaky 41163
langerman 41168
labeld 41173
lichtstern 41187
lipski 41187 41239
lichtenberg 41187
leves 41203
|s 41203
\max 41203
\left 41203
\right 41203
\text 41203
lippel 41212
lazarkiewicz 41212
lambeth 41212
lewisham 41212
lsezniow 41212
lathrop                                          41214
lateness 41237 41500
lednicer 41239
langwal 41239
luton 41239
lesley 41239
leicester 41239
leicestershire 41239
lobzowa 41239
libertow 41239
ludmila 41239
landwirth 41239
lipka 41239
lossless 41245
lossy 41245
lzw 41245
lafayette 41248
lian 41248
lieberman 41248
lischner 41248
lichner 41248
lobster 41249 41348
lautze 41252
lutowisko 41252
lobl 41252
lothringer 41252
lipusz 41252
lamett 41274
lupkow 41274
ludwinow 41274
landsberg 41274
lance 41274
liberek 41274
lipcon 41274
l50 41277
legowood 41279
leirner 41290
laptops 41294 41319 41508
lovász 41296
level1 41303
level2 41303
lenc 41303
level1input 41303
level2input 41303
localityscroll 41314
lbpopup 41314
lbmenubar 41314
lbnodedialog 41314
lbedgedialog 41314
lecures 41319
lifo 41354
|there 41368
|side 41368
|and 41368
|why 41368
|which 41368
|what 41368
lezer 41379
leben 41379
laasch 41379
lorettac 41379
lossifov 41379
lehi 41379
laniado 41379
londyn 41408
lizett 41408
louisa 41409
lorrain 41409
loebel 41409
lutz 41409
lynbrook 41409
linearity 41420
|p 41420
linewidth=3 41441
label= 41441
linewidth=5 41441
loc=4 41441
lifan 41463
labredmond 41463
llcsunnyvale 41463
lincan 41463
llcpalo 41463
leveled 41464
lament 41473
lowdown 41473
l2=m 41474
lazarov 41475
lifespan 41476
\real^ 41485
\real^m\ 41485
\qquad 41485
laleh 41502
lalehj 41502
lengthwise 41502
locales 41502
lednitz 41509
leisurely 41525
localizing 41526
lübbenau 41529
lowd 41531
lihong 41531
latent 41531
loud 41535
larc 41535
lexi 41540
leonidas 41541
|= 41546
libermann 41553
lasts 41561
lanner 41566
lifcia 41566
luana 41566
lipsky 41566
lesegeld 41566
location0 41567
location3 41567
location1 41567
location4 41567
location2 41567
location6 41567
location5 41567
laughed 41599
\0 41601
\tctrl+o 41601
\tctrl+p 41601
ltext 41601
legalcopyright 41601
legaltrademarks 41601
leftmargin 41601
labels 41609
lager 41609
lables 41609
