know 38837 38841 38845 38858 38885 38888 38898 38948 38958 38997 39017 39027 39037 39108 39120 39128 39136 39158 39169 39248 39272 39333 39366 39373 39420 39446 39478 39493 39498 39513 39541 39546 39551 39553 39563 39589 39607 39630 39650 39703 39722 39729 39738 39741 39747 39748 39785 39804 39814 39842 39861 39867 39874 39900 39950 39951 39956 39986 39987 40016 40027 40056 40085 40094 40100 40109 40168 40173 40208 40209 40221 40228 40247 40254 40299 40304 40339 40346 40347 40366 40380 40397 40411 40430 40434 40468 40481 40485 40522 40528 40540 40585 40596 40605 40663 40718 40723 40747 40779 40842 40852 40883 40888 40917 40980 41012 41065 41084 41111 41120 41133 41152 41215 41237 41248 41294 41319 41358 41368 41406 41459 41476 41491 41502 41510 41525 41535
[ 38837 38839 38841 38845 38854 38855 38871 38878 38879 38888 38895 38906 38922 38933 38936 38938 38948 38958 38960 38986 38993 39012 39027 39033 39041 39045 39058 39082 39087 39090 39091 39108 39115 39119 39120 39123 39128 39130 39136 39139 39145 39158 39201 39212 39236 39240 39258 39266 39268 39270 39275 39281 39287 39312 39338 39345 39355 39366 39372 39373 39399 39406 39408 39420 39429 39435 39446 39447 39459 39465 39500 39507 39513 39541 39551 39563 39574 39577 39582 39598 39607 39614 39625 39629 39630 39635 39644 39648 39655 39681 39682 39694 39700 39703 39709 39721 39735 39739 39746 39747 39748 39762 39780 39808 39815 39827 39836 39838 39840 39842 39846 39847 39851 39858 39863 39870 39876 39895 39930 39941 39945 39950 39980 39987 40002 40005 40019 40059 40061 40082 40085 40087 40088 40100 40116 40136 40152 40169 40173 40174 40180 40181 40211 40219 40222 40225 40228 40229 40254 40255 40258 40283 40285 40287 40290 40299 40304 40311 40316 40323 40347 40358 40361 40380 40384 40402 40403 40407 40410 40417 40421 40423 40434 40447 40469 40471 40476 40477 40485 40498 40508 40522 40531 40540 40548 40549 40559 40570 40578 40599 40601 40605 40621 40623 40627 40629 40644 40648 40658 40660 40663 40665 40669 40675 40684 40694 40697 40699 40709 40731 40742 40745 40755 40794 40797 40798 40804 40825 40828 40832 40840 40842 40859 40865 40870 40926 40955 40958 40967 40970 40971 40972 40981 40983 40988 40996 40998 41016 41042 41064 41073 41076 41084 41085 41121 41132 41133 41135 41139 41147 41148 41150 41156 41187 41189 41190 41203 41212 41215 41232 41239 41245 41252 41274 41303 41333 41346 41354 41356 41379 41380 41384 41404 41406 41409 41420 41425 41430 41435 41438 41441 41442 41455 41474 41475 41476 41485 41491 41509 41526 41531 41542 41546 41553 41565 41566 41609
kinds 38837 38888 38898 38948 39108 39122 39136 39333 39373 39420 39513 39541 39553 39613 39630 39635 39747 39987 40100 40209 40254 40257 40380 40434 40467 40525 40540 40596 40660 40663 40917 40974 41065 41084 41215 41237 41294 41319 41510
kay 38837 38863 38864 38885 38898 38911 38922 38927 38988 38997 38998 39009 39013 39021 39029 39037 39039 39041 39045 39051 39067 39116 39181 39251 39343 39355 39359 39388 39389 39436 39446 39498 39513 39567 39583 39601 39605 39608 39612 39618 39701 39703 39730 39736 39746 39774 39789 39816 39818 39867 39874 39882 39890 39893 39900 39911 39926 39949 39953 39967 39978 39986 39988 39997 40016 40027 40068 40086 40096 40121 40129 40167 40209 40238 40246 40274 40278 40299 40310 40321 40322 40353 40366 40370 40410 40430 40434 40467 40513 40515 40523 40528 40530 40534 40538 40551 40596 40634 40656 40670 40671 40673 40682 40697 40702 40776 40779 40807 40816 40849 40853 40876 40878 40884 40888 40891 40917 40952 40980 40999 41007 41020 41021 41033 41040 41064 41075 41108 41111 41133 41156 41158 41233 41245 41257 41258 41266 41288 41346 41382 41408 41456 41459 41476 41491 41508 41535 41574 41588 41599
kerim 38838
+ 38839 38841 38845 38859 38895 38938 38958 38960 38997 39041 39058 39074 39090 39108 39139 39145 39154 39201 39240 39266 39270 39275 39287 39318 39333 39347 39355 39366 39399 39420 39424 39429 39435 39461 39507 39553 39563 39574 39589 39614 39655 39673 39681 39694 39735 39739 39747 39832 39836 39840 39847 39870 39945 40005 40019 40059 40061 40082 40085 40100 40107 40152 40173 40224 40229 40254 40255 40258 40287 40316 40346 40347 40368 40374 40402 40410 40476 40481 40485 40508 40549 40570 40601 40605 40658 40663 40665 40675 40684 40694 40699 40709 40723 40731 40752 40794 40798 40804 40825 40832 40840 40903 40926 40949 40955 40967 40972 40983 41065 41084 41092 41132 41147 41148 41151 41187 41203 41212 41215 41232 41239 41252 41274 41294 41354 41379 41406 41409 41420 41438 41474 41503 41509 41510 41542 41546 41553 41566 41609
krakow 38839 38895 38938 38960 39041 39058 39139 39145 39240 39266 39270 39275 39287 39399 39429 39435 39507 39614 39655 39681 39694 39735 39739 39836 39840 39847 39870 39945 39951 40005 40082 40152 40229 40255 40287 40316 40402 40476 40508 40549 40658 40662 40675 40684 40694 40709 40731 40794 40825 40840 40926 40955 40967 40972 40983 41107 41147 41148 41187 41212 41232 41239 41252 41274 41379 41409 41438 41509 41542 41553 41566
klinger 38839 41239
kiwe 38839 39655 39847 40731 40840 41187 41542
kornblith 38839
korygatka 38839
kiln 38840
knowing 38841 38898 38958 38998 39420 39541 39553 39630 39635 39747 40299 40525 40540 40599 40702 40723 41194 41215 41237 41491
+n+ 38841 41215
{ 38841 38854 38859 38888 38944 38958 38993 39007 39012 39023 39041 39083 39087 39108 39136 39139 39182 39201 39240 39275 39333 39435 39519 39551 39563 39572 39614 39694 39719 39741 39748 39785 39836 39858 39910 39930 40002 40005 40019 40035 40059 40061 40082 40085 40087 40088 40100 40138 40152 40169 40173 40247 40254 40258 40285 40287 40368 40380 40476 40478 40522 40525 40540 40567 40578 40601 40644 40648 40676 40699 40731 40745 40773 40794 40798 40832 40967 40998 41065 41084 41116 41147 41187 41203 41215 41239 41252 41292 41294 41319 41409 41420 41434 41438 41455 41474 41485 41542 41546 41566
+i 38841
knows 38841 38958 38997 39017 39128 39420 39747 39790 40190 40221 40254 40434 40485 40878 41012 41084 41491 41510 41535 41599
+1 38841 38958 38993 39333 39372 39390 39420 39731 40156 40290 40435 40518 40832 41107 41116 41203 41215 41503
keepalive 38845 39420
keep 38845 38858 38898 38949 38980 38997 39017 39027 39037 39111 39116 39120 39123 39136 39152 39255 39345 39420 39498 39546 39607 39613 39630 39703 39718 39722 39729 39867 39890 39916 39950 39987 40027 40059 40061 40100 40173 40366 40407 40410 40485 40525 40528 40538 40540 40585 40599 40644 40654 40660 40663 40697 40699 40723 40816 40859 40931 40996 41012 41065 41092 41111 41130 41132 41139 41151 41237 41265 41294 41405 41406 41476 41491 41502 41510 41535 41554 41561
known 38845 38888 38898 38958 39123 39158 39172 39290 39333 39345 39366 39420 39424 39440 39473 39553 39589 39595 39607 39719 39736 39746 39762 39817 39858 39872 39895 39910 39956 39968 40016 40026 40056 40067 40107 40164 40180 40257 40258 40298 40356 40525 40605 40634 40663 40697 40755 40760 40859 40888 41065 41084 41085 41090 41092 41215 41248 41294 41356 41406 41464 41502 41510 41543
knowledge 38845 38898 38906 38948 38964 39017 39037 39045 39120 39128 39232 39251 39420 39436 39486 39500 39541 39553 39574 39608 39612 39635 39721 39736 39746 39747 39762 39785 39827 39861 39876 39893 39950 39951 40026 40027 40029 40067 40068 40085 40107 40180 40208 40221 40297 40298 40322 40353 40366 40397 40398 40432 40467 40468 40570 40596 40599 40656 40676 40716 40760 40852 40926 40962 41007 41021 41028 41042 41092 41139 41152 41173 41215 41237 41245 41248 41319 41358 41408 41526 41531 41543 41602
key 38845 38855 38922 38948 38962 39037 39120 39122 39123 39136 39152 39169 39172 39201 39251 39372 39420 39446 39541 39553 39607 39629 39635 39700 39747 39754 39851 39874 39930 39980 39987 40085 40156 40208 40219 40221 40254 40290 40299 40347 40380 40423 40599 40676 40854 40859 40865 40945 41111 41215 41358 41377 41535 41543 41546 41561
keywords 38845 39116 39748 40100 40136 40138 40347 40644 40676 41084 41215
keyword 38845 38958 38991 39420 39975 40100 40952 40998 41084 41215 41406
kind 38845 38858 38888 38947 38948 38958 39108 39136 39281 39333 39355 39373 39420 39513 39553 39608 39613 39630 39635 39760 39867 39926 39987 40100 40254 40274 40380 40407 40485 40498 40525 40528 40540 40605 40644 40663 40798 40842 40845 41084 41215 41237 41314 41406 41510 41546
keith 38845 38936 39169 39420 39607 39941 40211
karen 38845 38911 39041 39139 39251 39266 39420 39847 40229 40709 40967 40983 41274
kenji 38845 38928 38936 39420 40828 41455
krauskopf 38845
kindness 38845 39420 39890
kelsey 38846 38919 38950 38976 39061 39404 39462 39944 40076 40118 40119 40207 40708 40726 41088 41208 41355 41461 41462
任杰 38849
korkmaz 38851 40660
kobourov 38851 38946 40352 40747 41291
karnes 38863
keys 38864 38962 39083 39136 39553 39613 40085 40087 40121 40347 40380 40605 41377 41546 41599
královský 38869 39068
kappen 38871
kolmogorov 38871
keeping 38874 39027 39120 39333 39541 39630 39798 39987 40100 40258 40525 40596 40663 40723 40798 40878 40980 41215 41476 41502 41535
ken 38874 39335 39589 39650 40027 40366 40481 40645 41084 41398
killer 38887 38888 38982 39202 40000 40456 40490 40956
kalman 38895 39041 39266 39275 39429 39435 39614 39735 39870 40005 40229 40476 40549 40658 40694 40709 40794 40967 40983 41212 41232 41252 41274 41379 41409 41438 41542 41566
kirschbaum 38895
krieger 38895 39270 39429 40825 41156
kafer 38895
konigshutte 38895
koenigshuette 38895
kling 38906 38948 40709
kidnapping 38911
kicks 38919 39573 39618 39944 40708 41258
keynotes 38924 40671 40833 41070 41416
kennemerland 38926
kaitlyn 38937 41362
kayla 38937 39824 40082 40829 40835 41187 41232 41505 41553 41556
+feyga 38938
klipper 38938 39041 39870 41252
kurt 38938 39681 40229 40246 40255 40297 40658 40709 40807 41248 41409
k 38938 38963 38970 39041 39091 39130 39154 39208 39266 39318 39334 39343 39344 39347 39366 39486 39515 39553 39563 39605 39648 39782 39817 39835 39847 39863 39874 39910 39967 40005 40019 40037 40059 40085 40096 40152 40246 40250 40255 40310 40371 40578 40605 40627 40644 40660 40718 40832 40983 40998 41085 41092 41158 41203 41220 41434 41474 41476 41544 41546 41596 41609
kleinberg 38938 39258 40794 40854 40967 41092 41274
karel 38939
kampa 38939 39221 40610 41209 41518
kratina 38939
kites 38942 41092
knight 38948 40410
kettinger 38948
kittenger 38948
kalakota 38948
kouzes 38948
+id+ 38958
+getarea 38958
+radius+ 38958
+width+ 38958
+height+ 38958
+= 38958 39108 40059 40085 40254 40485 40570 40798 41084 41215 41441 41546
+center+ 38958
+s+ 38958
+p+ 38958
karol 38960 39270 39275 40983 41187 41239 41274 41409
klaki 38960
karolina 38960 39840 40005 40152 40402 40508 40549 40684 40709 40967 40983 41212 41274 41409
kupferman 38960 40709
kutscher 38960
khoi 38961
kilns 38961 41410
keyboard 38962 39012 40240 40347 40596 40697 40773 40878 41084 41194 41508
katherine 38991 39583 39975 40005 40027 40255 40551 41147 41408 41497
kuang 38991 39975
koji 38991 39975
kin 38991 39975
kiyoshi 38991 39637 39975
karlsruhe 38991 39975
korea 38991 39080 39120 39200 39572 39680 39746 39930 39975 40056 40274 40747 40852 41464
kyoto 38991 39975
kong 38991 39031 39522 39637 39865 39975 40136 41408 41526
kaohsiung 38991 39975
kite 38992 40687 41223
khung 38998
kingston 38998 39139 40255 40623 41212
kids 38998 39037 39073 39078 39110 39118 39315 39316 39394 39406 39645 39890 39939 39977 40241 40261 40517 40596 41040
+5 39004 40314
krishna 39013 39637 40278 40623
kevin 39015 39041 39062 39116 39335 39444 39498 39546 39574 39690 39709 40100 40180 40520 40751 40878 41007 41012 41139 41239 41312 41398 41408
kam 39021
kim 39021 39120 39139 39201 39225 39312 39372 39522 39635 39637 39721 39930 40152 40435 40633 41092
karsai 39023
kruskal's 39031 40854
knowledgeable 39037
kosches 39041 39614 40731
koszyc 39041
koszes 39041
ks 39041 40926
krell 39041
konim 39041
kalisk 39041
krolestwa 39041
kassal 39041
kregstein 39041
king 39041 39120 39428 39811 39940 40187 40631 40658 40760 40777 40854 40886 41066
katie 39041 39270 39385 39416 39736 40229 40246 41040 41051 41088 41274
klein 39041 39083 39275 39762 39945 40476 40658 40731 40955 40983 41274 41566
keyes 39041
kinderdijk 39056
+35 39057
katarzyna 39058 39266
kamsler 39058 40731 41187
ka 39083 39930
kaufmann 39083 39436 39574 39746 40656 40955 41028
knuth 39083 39563 40045 41064
keil 39083 39240 39614 40658 41232
kirkpatrick80 39083
kirkpatrick 39083
klincsek80 39083
klincsek 39083
kells 39083
kela 39083
kasif 39083
kluwer 39083 39746 40852
++ 39090 39424 40059 40100 40699
kumra 39116 41007
kenny 39116
kaveh 39116
kadota 39116
kindly 39120
kingpins 39120
kit 39120 39956 40596
kern 39123 39607 39969 40255 41383
kaiser 39123 39607 39851 40410 41067
khare 39123 39607 40247 41196
kladova 39128
kindler 39128
+0200 39128 40665 40852
killed 39128
kmeans 39130 40648
kdtrees 39130
kmeans++ 39130
kept 39136 39201 40085 40094 41215 41502 41510 41599
keeps 39136 39546 39754 40258 40644 40718 41065 41294
kohl 39139 40229 40967 41232
koral 39139 40152 41147
koplik 39139
kasner 39139
krystyn 39139
korn 39139 39694 40255 40709 40731
konigel 39145 40658 41542
klara 39145 39242 39735 40229 40709 40850 40866 40967 41212 41239 41409
kronengold 39145 39614 41212 41409
kenneth 39145 39382 39724 39803 39847 39930 40152 40229 40255 40407 40709 40971 41239 41252
kalfus 39145 40658
kristen 39155 39429 39511 41228
klee 39158
kerckhoff 39158
keane 39158
kelley 39160 39749
kick 39187 39944 40274 41599
karim 39201 39789
kazcmarek 39201
kirill 39201
katerina 39201
khairy 39201
kothapa 39225
klasno 39240 39275 39681 40082 40402 40476 40794 41187 41212 41232 41252 41379 41409 41566
karsy 39240
kornblum 39240 40709 41252
kurdnanowa 39240
kluger 39240 39945 40005 40694 40840 40967 41239 41379 41438
klausner 39240 39266 40229 41148
korngold 39240 40005 40152 40508 40794 41239 41379 41409
kemki 39240
kaila 39240 39266 40709 41148 41409
konstanz 39252 39746 40157 40576 40657 40747 41021
kirschner 39266 40082 40402 40476
kohn 39266 39614 39681 40675 40983 41239 41379
kazimierz 39266 39275 40005 40229 41212
krongold 39266 39275 39507 40082 40731 41409
kaja 39266
kulikowa 39266
kohane 39266 40005 40840 41252
kahane 39266 40152
kohlberg 39266
klagsbrun 39266 40794 41252
kaufman 39266 40410 40794
kayle 39266
kirsch 39266 39429 39435 39614 40983
konigsberger 39266
koenigsberger 39266
kops 39270 41212 41409
kleinberger 39270 39694 40229 40508 41409
kravitz 39270
krischer 39270 40255
kreidel 39275
kreisberg 39275
kroller 39278
kleinmunz 39287
kopel 39287 39435 39681 39840 40972 40983 41212 41274
kempe 39312
kartic 39312
karlin 39312
k1 39318
k2 39318
k3 39318
k4 39318 41464 41529
ki 39318 39746
kevinh 39335
knumber 39347 40037 40371
» 39359 39559 39701 39789 40370 40530 40583 40713 40741 40822 40853 40905 41006 41048 41206 41508 41525
k9s 39362
+10 39364 41498
kk 39365
krawczyk 39372
knobs 39373 39930
kiczales 39388 40435
kinetic 39410 40188
+47 39420
+44 39420
ksp 39420
kathy 39429 40750
kreindla 39429
kranz 39429 40709
kreindel 39429 39840 40005 40255 40794 40840 41409
ky 39429 40255 40402 40926
karl 39429 39681 39858 39951 40840 41147
klopstock 39429
kalmann 39429
knopf 39429 39681 39836 40316 41212
koniecpola 39429
krystyna 39429 41239
kalisz 39429 40709
kiev 39429 40658
katz 39429 39655 39681 39739 39840 39870 39889 40549 40658 40731 40840 40983 41239
kaskel 39429
kraus 39429 39945
konovitch 39429
korenstein 39429
karmel 39429 40005
kaminski 39429
kaminska 39429
kamionka 39429
keile 39435 40402 40476 40658 40794 41148 41187
krosno 39435 39840
koplowitz 39435
klapper 39435 40709
kratzer 39435
kelmann 39435
khan 39438
+2 39470 40832 41107 41503
k'uuna 39475
ku 39490 40930
kitchen 39495 39521 40650 40876
ke 39498 39746
knew 39498 40094 40258 40682 41020 41474 41554
koller 39500 39709 41531
kate 39517 40967 41144
kshitij 39527 40930
keynote 39541 39731 39746 39911 40671 40849 41064 41151 41258
kaler 39546 39808
kingdom 39552 39746 40094 40398
keepaway 39574
knots 39589 40644
kuperberg 39589 40228
knot 39589 40644 41543
kahn 39589 39836 39889 40258 40658 40709 40967 40983 41147
kalai 39589
kreveld 39589
kristian 39589
k12 39589
kleitman 39589
kubo 39589
knoxville 39607
katowice 39614 41566
kot 39614
krasse 39614 40967
krynica 39614 40658
kaplan 39614 40152 40255
konin 39614
kinreich 39614
kid 39630 40121 41538
kimball 39635
koch 39635 40825
kermarrec 39635
kernel 39635 39689 39910 40173 40208 40361 40450 40699 40832 41202 41311 41358
kawaguchi 39635
kranich 39635
krogh 39635
klasrup 39635
knutson 39635
kant 39637
kyungbaek 39637
kyle 39637 39719 40255 40709 40866
kalashnikov 39637 40138 40676 40805
keila 39655 40005 40082 40402 40508 40709 40731 40967 41187 41212 41379
kaufler 39655
kolbuszow 39655 40152
kamholz 39655 40082
kagurazaka 39678 40235
kleinman 39681 41274
konitz 39681
kamm 39681
kolber 39681
kariel 39681
kopelik 39681
katrinka 39692
kai 39708 39793 40009 40246 41341
korb 39709 40229
kjaerulff 39709
kanazawa 39709 39746
kusters 39710
kitten 39711 40938
kenrick 39722
kutas 39731 40156 40435 40518
koehne 39731
kalahora 39735
kills=c 39737
kerner 39739
kobsa 39746 39967 40096 40218 40246 41021 41064
kommunikation 39746
koren 39746
kinshuk 39746
kou 39746
knijnenburg 39746
kaczmarek 39746
koenemann 39746
kikuchi 39746
kona 39746
kumar 39746 39930 40180 41531
khanwalkar 39746
katsikas 39746
kotzé 39746
küpper 39746
kruse 39746
klaus 39746
kuhlen 39746
karat 39746
kühme 39746
kognitive 39746
künstliche 39746
künstlichen 39746
konstan 39746
koychev 39746
kutter 39746
kognitionswissenschaft 39746
kognitionsforschung 39746
kognition 39746
kybernetik 39746
kartographischen 39746
kargs 39747
kvatah 39762
kaliva 39762
kosice 39762
kapusany 39762
kislev 39762
kurfurst 39762
kane 39762
klar 39762
kagan 39762
kidney 39762
klefstad 39767 39967 40096 41599
kris 39789
kruthika 39789
kompella 39789
khramtcova 39821
kauffmann 39827
kunstlinger 39836
kopold 39836 40549
kopald 39836
kies 39836
keres 39836
kiskoros 39836
kis 39836
kremler 39840
kramler 39840
kramsk 39840
krivit 39847
kaul 39847 41232
kellner 39847
knox 39847
kentrox 39851
kits 39851
kelly 39858 40983
komei 39858
komaba 39858
k=0 39865
katzner 39870 41187 41239
kubus 39870
kleinhandler 39870
krzyszkowice 39870
keller 39870
kurzman 39870 40229
kdd 39876
kozberg 39882
kiosk 39894
kernelization 39910
kernels 39910 40782 40832
kanduri 39930
khalid 39930
kasra 39930
kholerdi 39930
kirsi 39930
kurdahi 39930
kathan 39930
kameswar 39930
kadeed 39930
kasaeyan 39930
kehoe 39930 39956
kajung 39930
kolerdi 39930
knob 39930
karimi 39930
kunal 39930
kaiyu 39930
karmani 39930
khedhiri 39930
kamali 39930
kiss 39932
kuhnreich 39945
kalwarya 39945 40658 40731 40955 41274
kornhauser 39945
krumholtz 39945
kulessa 39951
karoline 39951 40476
kattowitzp 39951
+1000 39951 41420
krol 39956
kansas 39956 41151
kappa 39958 41346
kibler 39967 40096
kimbrel 39980
kirk 39980 40983
kwon 39986
katy 39997
kill 39997
kendel 40005 40082 41274
kreisler 40005 40658 41239
kathleen 40005 40255 40709
kislik 40005
koslla 40005
karpl+faigl 40005
korall 40005
kushner 40005
karpel 40005 40967
kanar 40005
krzestawice 40005
kanner 40005
krusa 40005 40967 41409
+a2ns 40019
+smoke 40019
+as 40019
k=2 40019
k=log 40019
+m1 40019
+n 40019
+m4 40019
knepper 40026
krupf 40026
keel 40026
kmlo 40027
keldefra 40031
karlkim 40035 40567
kapoor 40052
kh 40059
kx 40059
kb 40059 40188 40681 40699 41245
++k 40059
knoblauch 40082 40152
keisman 40082
kurtzweil 40082
kwadrat 40082 41379
kantor 40082
krzeszowice 40082
ksiel 40082
kreis 40082
keyerror 40085 41546
kalloc 40088
kfree 40088
kao 40094
kingdoms 40094 40456
++x 40100
+++ 40100
+token 40100
+string1 40114
kowalik 40121
krengel 40152
kaizler 40152
kornitzer 40152
klapholz 40152
krechowce 40152
kubovi 40152
kretch 40152
krakowski 40152 40684
katyn 40152
kessler 40152 40402
kehndel 40152 40658
kramer 40156 41274
karmarkar 40156 40435
klemmer 40156
kaitlin 40158
krznaric 40164
korf 40180
kautz 40180
kr'06 40180
kalinin 40180
kambhampati 40180
karger 40180
knapsack 40183
kvm 40188
kills 40208 41358
ko 40208 41358
kowalski 40221
korczyn 40229 40731
korber 40229
kunke 40229
kirsti 40229
kowno 40229
kaya 40229
kolosvar 40229
kunz 40229
kunstler 40229 41274
kempler 40229 40658
kopil 40229
kitty 40233
kleist 40246 40850
khermans 40246
kimberly 40246
kpeppler 40246
kylie 40246
ksalen 40246
ksquire 40246 40807
krendel 40255
kerri 40255
kirsten 40255
kurtz 40255 40658 40967
kamras 40255
kalusniak 40255
kruskal 40258 41543
knoepflmacher 40274
kissell 40274
karp 40290 41274
keryx 40296
kuskov 40300
kalev 40311 41565
kask 40311 41565
kkask 40311
kelp 40325
kkt 40383
kopper 40402
konopka 40402
kpcc 40430
+4 40436
kara 40468
kamil 40476
krseszowitz 40476
krakowic 40476
+x 40498
kalwaria 40508 41239
konskie 40508
krautenfeld 40508
kaili 40508
kiran 40510
kristin 40530 40682
khuerth 40530
krishnamurthi 40538
kreutler 40549
kalmus 40549
kolonowa 40549
krautler 40549
kaczowski 40549
knights 40573
keypoints 40578 41203
keypoint 40578 41203
kabc 40593
+20 40602
kanpur 40623
klagenfurt 40623
knotted 40644
klarmann 40658
kielce 40658
kleszozow 40658
konstantyn 40658
krzeszowic 40658
kaner 40658
konigsberg 40658
kingsburry 40658
koenigsberg 40658
kathryn 40658 41020 41147
kozy 40658
kilo 40663
korail 40671
kapelner 40675
krause 40684
krebs 40694
krakauer 40694
+++++++++++++ 40699
+++++++++ 40699
++++++++++++++++ 40699
++++ 40699
kaminsky 40709
karesh 40709
komin 40709
kornbrod 40709
kent 40709 40983 41212 41239
klarfeld 40709
kwadratstein 40709
kety 40709
kragen 40709
knoxes 40711
kde 40718
kindergarten 40720
kupferwasser 40731
kleiner 40731
kolbuszowa 40731 40967
kock 40731
kristina 40750
kondragunta 40750
kiley 40787 40861 40899 41340 41483
kanreck 40794
knihynicze 40794
koretz 40794
klinghofer 40794
kromolow 40794
kazakstan 40794
kt 40828
++i 40832
+\infty 40832
kotomyja 40840
kolmya 40840
kupermann 40840
karlsbad 40840
kantorow 40840
kocmierzow 40840
kia 40852
kaist 40852
keele 40852
khodabandeh 40854
kotti 40854
kalikimaka 40868
kinks 40878
kindred 40926
konnections 40926
kostitsyna 40930
kohnfelder 40945
kawabata 40952
kendla 40955
klempner 40955
kornfeld 40967
kleinmann 40967
krassa 40967
kantrowicz 40967
kossow 40967
kampf 40967 41274
kolleen 40983
kate69 40983
kensington 40983 41239
kneser 40998
k+1 40998
k5 41007
kinsey 41007
kobsa—whose 41064
keynoting 41064
kv 41065 41294
kw 41065 41294
kernighan 41084
kivy 41085
kicked 41088
klavžar 41092
keystroke 41111
kreutzer 41121
kirshner 41136
kang 41139
kouroshfar 41139
kartus 41147
kimmell 41147
kamber 41147
kreiswirth 41148
kickoff 41151
krone 41187
kkeypoint 41203
ksift 41203
kornreich 41212
kalusz 41212
kimi 41212
kutchinsky 41212
koss 41212
korywola 41212
+year+ 41215
+month+ 41215
+numberofdice+ 41215
+sidesperdie+ 41215
kail 41232
kajl 41232
kotke 41232
koel 41232 41475
kszeshovice 41239
kaye 41239
kozak 41239
koulbesh 41239
kapelanka 41239
keh 41239
kobylany 41239
knobel 41239
koppel 41239
kinesthetic 41245
kasloff 41248
kremer 41248
korcz 41252
kuczer 41252
kresch 41252
korenhauser 41252
kiwa 41252
kurz 41252
krigsfeld 41252
kujawski 41252
kashani 41257
krysia 41274
kolberg 41274
kronberger 41274
kindermann 41291
kotzias 41319
kalisko 41379
kopec 41379
knaresborough 41379
kya 41408
kattapuram 41408
kendrae 41408
kiani 41408
kosminsky 41409
krohnengold 41409
koronski 41409
kraushaar 41409
kayli 41409
kollender 41409
korotcze 41409
kalisch 41409
kepert 41420
kyoungwoo 41435
kyoungwl 41435
kgsa 41435
korean 41435
kgcs 41435
krasnik 41438
+str 41441
+log 41441
kneeling 41461
kth 41474
+length 41474
keirstead 41475
korngut 41509
+6 41512
kamalika 41531
knock 41538
kornbluth 41553
kuppermann 41566
kazimirski 41566
ketchup 41599
kohlmarkt 41603
