jozef 30517 30730 30753 30755 30829 30914 30920 30933 30960 30996 31007 31076 31090 31123 31257 31269 31381 31383 31402 31409 31446 31458 31459 31496 31654 31791 31801 31813 31877 31923 32175 32182 32192 32270 32320 32390 32392 32426 32448 32459 32526 32606 32637 32707 32780 32786 32950 32964 32965 33118 33170 33188 33203 33267 33269
jun 30517 30540 30713 30730 30753 30755 30790 30829 30849 30914 30920 30933 30960 30965 30971 30983 30996 31007 31022 31075 31076 31090 31123 31257 31269 31314 31381 31383 31402 31409 31446 31458 31459 31496 31512 31545 31550 31604 31654 31699 31791 31801 31813 31877 31895 31923 31950 31952 31956 31959 32008 32175 32182 32192 32245 32270 32277 32284 32320 32390 32392 32426 32432 32448 32459 32526 32599 32606 32637 32645 32707 32716 32718 32780 32786 32950 32955 32964 32965 33118 33127 33170 33188 33203 33266 33267 33269 33288
jan 30517 30620 30730 30753 30755 30824 30829 30849 30914 30920 30933 30960 30971 30983 30984 30996 31007 31022 31025 31075 31076 31090 31123 31257 31269 31276 31292 31380 31381 31383 31402 31409 31446 31458 31459 31461 31496 31512 31545 31654 31668 31699 31791 31801 31813 31814 31877 31895 31923 32031 32175 32178 32182 32192 32200 32216 32252 32270 32320 32337 32390 32392 32426 32432 32448 32459 32526 32583 32606 32637 32645 32701 32707 32716 32780 32785 32786 32925 32950 32955 32964 32965 33118 33127 33170 33188 33203 33267 33269
joseph 30517 30657 30829 30861 30864 30914 30933 30971 30996 31007 31022 31075 31076 31105 31123 31257 31292 31381 31393 31402 31446 31459 31512 31699 31791 32170 32182 32192 32392 32485 32545 32583 32606 32780 32955 33007 33066 33118 33188 33267
jennie 30517 30971 31699 32701 32716 32780
jeane 30517
* 30517 30526 30540 30561 30590 30620 30638 30655 30668 30713 30726 30730 30737 30753 30755 30762 30801 30821 30824 30829 30849 30852 30864 30869 30906 30914 30920 30933 30960 30971 30977 30980 30996 31007 31011 31022 31025 31036 31075 31090 31123 31132 31150 31151 31242 31246 31251 31254 31257 31269 31272 31297 31299 31317 31367 31381 31383 31402 31409 31418 31442 31446 31458 31459 31461 31484 31496 31510 31512 31529 31530 31545 31546 31579 31620 31625 31654 31663 31678 31699 31700 31709 31717 31734 31785 31791 31801 31813 31837 31877 31882 31895 31916 31920 31923 31934 31935 31942 31959 31961 32037 32063 32072 32089 32097 32108 32175 32182 32192 32202 32217 32251 32270 32283 32284 32320 32390 32392 32399 32400 32426 32432 32439 32448 32457 32458 32459 32464 32500 32525 32526 32540 32543 32585 32596 32606 32607 32625 32637 32640 32645 32656 32686 32707 32716 32759 32760 32780 32781 32782 32786 32805 32808 32842 32843 32950 32955 32964 32965 33037 33090 33096 33103 33118 33127 33159 33170 33188 33190 33195 33203 33206 33218 33267 33269 33271
jean 30517 30914 30933 30996 31043 31075 31123 31277 31458 31459 31654 31699 32396 32701 32716 32955 33007 33008
zwetel 30517 33118
jakob 30517 30730 30753 30755 30829 30849 30914 30920 30933 30971 30996 31007 31022 31075 31076 31090 31123 31257 31269 31381 31383 31402 31409 31446 31458 31459 31512 31545 31593 31654 31699 31791 31813 31877 32175 32182 32192 32270 32320 32390 32392 32426 32432 32448 32526 32606 32780 32950 32964 32965 33118 33127 33170 33188 33267 33269
jul 30517 30730 30737 30753 30755 30764 30829 30849 30914 30920 30933 30960 30971 30996 31007 31022 31075 31076 31090 31123 31183 31257 31381 31383 31402 31409 31446 31458 31459 31496 31512 31545 31654 31699 31791 31801 31813 31877 31923 31956 32175 32182 32192 32270 32320 32354 32390 32392 32426 32432 32448 32459 32526 32606 32637 32645 32673 32707 32716 32752 32780 32786 32950 32955 32964 32965 33118 33127 33170 33172 33188 33203 33267 33269
zlata 30517 30914 30920 30996 31076 31545 31791 32459 33170 33203
josef 30517 30753 30755 30829 30849 30914 30920 30933 30971 30996 31007 31022 31075 31076 31123 31159 31257 31381 31402 31458 31459 31512 31877 31923 32175 32270 32392 32526 32606 32637 32780 32950 32955 32965 33118 33269
julian 30517 30805 31007 31257 31458 31627 31654 32013 32175 32448 33007 33010 33118 33183 33272
juda 30517 30753 30829 30914 30920 30971 30996 31022 31076 31090 31123 31257 31381 31383 31409 31446 31459 31654 31791 32175 32192 32270 32320 32432 32448 32459 32606 32645 32950 32965 33118 33203 33267 33269
zucker 30517 30753 30914 30920 31076 31123 32175 32390
jozefa 30517 31076 31123
zwierzynice 30517
josé 30523 32200 32955 33090
july 30532 30536 30551 30577 30583 30662 30677 30681 30700 30727 30737 30764 30776 30789 30793 30804 30826 30836 30850 30856 30862 30868 30887 30931 30951 30957 30958 31001 31029 31032 31035 31041 31051 31067 31098 31100 31101 31124 31140 31163 31169 31181 31189 31203 31207 31210 31213 31241 31242 31299 31321 31347 31360 31371 31375 31404 31447 31503 31506 31529 31559 31567 31583 31599 31633 31635 31640 31649 31655 31685 31712 31720 31753 31764 31774 31787 31848 31854 31855 31879 31881 31895 31906 31922 31925 31928 31981 32000 32028 32081 32084 32091 32092 32119 32140 32144 32151 32156 32198 32205 32219 32224 32247 32284 32290 32324 32326 32338 32348 32356 32399 32412 32413 32414 32442 32451 32471 32497 32499 32514 32518 32520 32541 32545 32576 32608 32618 32622 32630 32632 32639 32648 32655 32658 32673 32695 32712 32715 32740 32746 32755 32824 32827 32832 32841 32864 32873 32905 32906 32924 32943 32951 32953 32955 32981 32989 33007 33012 33020 33026 33053 33067 33076 33087 33100 33118 33122 33136 33141 33145 33172 33214 33235 33248 33260 33268 33277
journal 30538 30575 30618 30646 30681 30736 30817 30826 31035 31189 31219 31288 31359 31447 31529 31535 31587 31615 31636 31768 31778 31797 31885 31895 31981 32011 32059 32129 32140 32179 32205 32207 32299 32315 32325 32349 32477 32531 32543 32578 32582 32625 32630 32655 32728 32735 32826 32827 32911 32955 33007 33066 33137 33174 33195
just 30540 30549 30606 30610 30618 30620 30646 30653 30657 30659 30661 30668 30713 30715 30716 30722 30726 30737 30743 30755 30819 30824 30851 30857 30858 30864 30870 30891 30931 30952 30983 31011 31015 31025 31035 31036 31050 31059 31070 31089 31119 31129 31143 31152 31170 31246 31254 31260 31292 31299 31303 31367 31380 31384 31468 31478 31510 31519 31527 31544 31546 31547 31571 31572 31579 31580 31593 31604 31671 31685 31732 31734 31746 31785 31793 31804 31862 31878 31895 31896 31897 31916 31922 31935 31937 31942 31959 31999 32017 32026 32030 32037 32044 32070 32089 32102 32134 32135 32144 32156 32164 32197 32217 32230 32249 32251 32265 32272 32283 32299 32341 32354 32356 32363 32399 32400 32427 32453 32464 32489 32507 32543 32558 32583 32607 32639 32656 32666 32729 32744 32752 32759 32760 32781 32797 32808 32809 32842 32850 32875 32910 32925 32947 32955 32970 32971 32975 32989 33007 33059 33074 33083 33096 33114 33126 33141 33195 33218 33223 33248 33271 33272 33276
june 30548 30570 30585 30587 30604 30612 30640 30643 30647 30655 30657 30671 30676 30681 30685 30722 30757 30761 30767 30781 30784 30792 30802 30819 30829 30833 30848 30858 30877 30896 30922 30925 30954 30972 30988 30998 30999 31013 31014 31032 31033 31035 31036 31047 31051 31055 31094 31096 31115 31124 31129 31159 31161 31165 31186 31189 31193 31222 31224 31228 31244 31285 31288 31352 31371 31388 31414 31416 31421 31427 31436 31448 31450 31460 31499 31503 31509 31523 31526 31535 31546 31568 31574 31583 31590 31592 31593 31638 31650 31664 31665 31668 31753 31761 31764 31766 31769 31771 31773 31780 31794 31834 31835 31836 31868 31895 31913 31922 31926 31932 31933 31935 31982 32014 32050 32056 32078 32099 32109 32114 32118 32128 32135 32144 32159 32173 32179 32188 32190 32197 32205 32209 32213 32227 32232 32247 32249 32332 32369 32374 32385 32416 32418 32430 32472 32476 32494 32544 32571 32584 32597 32603 32606 32616 32620 32630 32639 32691 32701 32715 32717 32756 32761 32764 32771 32774 32784 32789 32791 32807 32827 32841 32855 32866 32893 32895 32908 32909 32915 32931 32940 32955 32959 32973 32983 33006 33007 33011 33017 33027 33041 33049 33050 33063 33065 33066 33070 33076 33105 33109 33118 33130 33141 33151 33168 33192 33195 33234 33239 33246 33252 33256 33270 33284
jobs 30549 30572 30574 30646 30657 30658 30661 30687 30699 30703 30717 30727 30739 30761 30819 30821 30826 30834 30844 30854 30857 30875 30896 30908 30988 31015 31035 31047 31059 31066 31089 31105 31117 31118 31124 31174 31260 31273 31295 31303 31336 31366 31406 31413 31447 31478 31519 31538 31565 31586 31630 31648 31695 31725 31728 31751 31753 31788 31806 31862 31884 31889 31896 31902 31955 31962 32014 32017 32049 32051 32135 32141 32144 32230 32245 32265 32272 32277 32297 32299 32301 32310 32315 32349 32358 32419 32445 32460 32494 32500 32501 32507 32531 32550 32554 32599 32629 32631 32634 32655 32664 32685 32744 32757 32781 32826 32853 32915 32934 32970 32971 33010 33029 33059 33087 33120 33157 33167 33195 33207 33212 33230 33241 33278
january 30549 30556 30581 30593 30607 30658 30716 30814 30854 30858 30863 30882 30927 30931 30937 30984 31035 31036 31189 31260 31270 31292 31295 31434 31440 31474 31475 31484 31527 31544 31546 31583 31606 31619 31668 31695 31697 31764 31819 31825 31863 31942 31954 32017 32026 32037 32086 32088 32105 32125 32177 32210 32245 32252 32283 32284 32314 32389 32454 32493 32562 32580 32599 32621 32624 32649 32715 32841 32846 32867 32935 32977 33007 33076 33087 33116 33129 33137 33141 33167 33187
justice 30549 30739 31538 32017 32164 32583 32599 33007
jeffrey 30549 30996 31303 31409 31458 31459 31512 31791 32192 32545 32716 33023 33118
zippy 30562 30718 31258 31975 32949
janeiro 30570 32179 32200 32374 32630 32955 33192
zoo 30571 30648 30747 31163 31169 31358 31465 31552 31735 31855 31997 32169 32408 32424 32940 32960 33046 33147 33222
zoheb 30575
joshua 30576 30615 30673 30674 30688 30701 30705 30798 30824 30913 30946 30996 31234 31279 31444 31577 31851 31903 31973 32079 32115 32192 32241 32256 32277 32295 32336 32382 32390 32434 32539 32573 32679 32697 32727 32858 32975 32980 32992 33016 33032 33055 33118 33217 33267
jennifer 30588 30616 30657 30711 30971 31341 31381 31459 31654 32192 32390 32464 32545 32701 32844 33013 33118 33267
job 30597 30620 30659 30727 30761 30821 30851 30858 30888 30931 31015 31047 31170 31189 31303 31359 31461 31468 31527 31547 31572 31685 31896 31942 32017 32044 32135 32144 32164 32249 32265 32341 32349 32378 32427 32607 32634 32639 32656 32760 32781 32843 32915 33007 33083 33126 33141 33176 33195 33252 33272
java 30597 30620 30653 30680 30811 30824 30840 30851 30858 30870 30966 31104 31360 31384 31427 31431 31461 31468 31527 31547 31572 31579 31612 31620 31636 31694 31753 31776 31788 31793 31893 31904 31920 31935 31937 31949 32006 32037 32088 32135 32170 32196 32197 32249 32265 32283 32318 32399 32400 32427 32453 32507 32585 32639 32643 32656 32657 32680 32759 32760 32809 32925 33007 33009 33066 33074 33126 33141 33155 33176 33248 33271 33276
junit 30597 31776
zero 30602 30668 30713 30725 30774 30824 30858 30866 30891 30965 31034 31036 31039 31143 31189 31254 31418 31530 31546 31579 31625 31820 31942 31962 32265 32307 32341 32356 32386 32415 32468 32472 32489 32630 32682 32760 32808 32955 32998 33083 33141 33155 33174 33218
jim 30606 30641 30716 30722 30726 30764 30777 30824 30925 31036 31393 31546 31554 31604 31618 31673 31766 31950 31961 32021 32026 32354 32400 32448 32457 32561 32673 32842 32955 33043 33068 33076 33168 33172 33195
justified 30609 31670 32265 32648
jumping 30610 30716 31136 31911 33007 33154 33166
jetbrains 30611
zipped 30611 31937 32507 33141
jilau 30614
judea 30618 30622 31011 32687 32775
javier 30618 31403
joined 30618 30726 30815 30908 31006 31035 31036 31066 31538 31546 31571 32026 32135 32583 32599 32744 32826
jeopardy 30620 33007
john 30620 30690 30713 30810 30824 30826 30914 30965 31011 31035 31036 31075 31123 31409 31512 31527 31538 31546 31572 31654 31685 31694 31709 31734 31791 31876 32105 32151 32164 32182 32192 32200 32252 32301 32545 32606 32639 32701 32716 32766 32771 32955 33007 33010 33041 33052 33096 33118 33195 33267 33272
jones 30620 30824 30931 31180 31535 31636 32151 32277 33195
jtsamplegridexact 30631
junction 30631 30933 31287 32758 33007
jt 30631
jack 30635 30640 30713 30823 31075 31090 31123 31459 31827 31833 31956 32174 32182 32192 32482 32716 32955 33007 33010 33195 33267
joining 30640 30659 30916 30931 31006 31035 31170 31288 31291 31538 31572 31670 32008 32144 32232 32265 32386 32427 32493 32538 32639 32744 32989 33126 33278
z 30640 30655 30668 30737 30743 30939 31007 31036 31076 31192 31458 31544 31546 31547 31556 32011 32179 32341 32439 32489 32567 32760 32808 32955 32962 33083 33096 33195 33218 33272
join 30646 30703 31059 31220 31695 32014 32583 32782 32934 33007 33059 33218 33278
jazz 30646 32451 32618 33007
j 30649 30668 30713 30725 30815 30829 30858 30914 30920 30971 30980 30996 31036 31043 31090 31123 31150 31192 31251 31257 31366 31367 31381 31402 31409 31458 31512 31527 31535 31546 31625 31636 31654 31778 31791 31797 31916 31953 32026 32151 32179 32182 32192 32207 32217 32277 32310 32341 32390 32399 32439 32526 32567 32613 32630 32656 32677 32716 32771 32780 32808 32835 32911 32955 33003 33007 33008 33042 33066 33096 33102 33110 33118 33162 33170 33188 33190 33195 33203 33220 33272
juan 30652 31393 31517 31888 32955 33090
jose 30652 30657 31517 31535 32728 32744 32955 33076
zip 30653 30736 30851 31246 31384 31468 31474 31547 31579 31776 31935 31937 32249 32400 32507 32543 32656 32989 33141 33176 33248 33276
zoom 30655 31963 32217 32900 32975
jai 30657 32200
japan 30657 30824 31535 31587 32582 32630 32750 32771 32955 33007 33066
ziv 30657 30875 31952 32144 32277 32718
zivbase 30657
jacky 30657
jessica 30657 30864 30904 31292 31319 31458 31459 31478 31597 31671 32192 32277 32520 32664 32701 32955 33043 33118
zahrae 30657
jorge 30657 30824
jonathan 30657 30819 30824 30875 30914 30960 30971 30996 31090 31409 31538 31671 31926 32132 32216 32270 32526 32545 32955 33007
jam 30658 31059 31117 31273 31781 31889 33007
jammers 30658
josh 30658 31089 31129 31273 31402 32026 32277
judgment 30659 31170 32356 32427
jacobson 30659 30829 30851 30858 31152 31170 31360 31436 31468 31579 31937 31942 32399 32507 33141 33176 33248
joint 30661 30782 30811 30858 30859 30979 31015 31035 31050 31252 31510 31529 31535 31768 31835 32102 32164 32205 32519 32590 32782 32874 32883 32955 33007 33066 33130 33174 33195 33272
zhu 30681 31105 31176 32630 32955 33288
janos 30681 32221
zhong 30696 30724 30906 30934 30938 31141 31330 31539 31620 31850 33103 33159
zappa 30713
jew 30713 33007
jagged 30713 33007 33195
zf 30713
judgement 30713 33007
jpeg 30716 30726 31911 32467 33162
jfc 30716
jensen 30716 30726 31036 31219 31546 32026 32144 32687 32859 33138
jmiller 30716
jon 30716 30764 30920 31036 31123 31458 31546 33010
jradoff 30716
judith 30716 30726 30829 30971 30996 31036 31123 31381 31458 31459 31546 31554 31618 31791 32175 32182 32192 32448 32701 32786 32853 32965 33076 33168
james 30716 30810 30824 30829 30960 30996 31088 31106 31133 31402 31458 31535 31654 31665 31706 31791 31876 32164 32182 32192 32277 32348 32390 32476 32545 32685 32701 32716 32780 32955 33007 33090 33118 33267 33272
julia 30718 30761 30829 30864 30996 31014 31075 31090 31105 31123 31354 31381 31494 31877 32114 32407 32545 32701 32795 32965 33049 33118 33203 33267
zippered 30722
jump 30722 30743 31303 31911 32135 32205 32439 32583 32640 33007
journalists 30722
jackpot 30722
jane 30726 30920 30971 31007 31036 31546 31654 32182 32192 32701 32716 33007 33118 33267
joe 30726 30824 30858 30931 30996 31413 31640 32021 32227 32785 32955 32989 33007
jane's 30726
joe's 30726
journey 30727 31384 31538 31572 32639 33007 33212
jude 30730
jachet 30730 30753 30829 30849 30914 30971 31076 31123 31381 31383 31402 31409 31446 32192 32320 32432 32459 32606 32637 32780 32950 32964 33118
jenny 30735 30849 31393 31459 31654 32208 32526 32545 32701 32955 33007 33101 33118
jewels 30743
zebra 30747 31660
justyna 30753
judit 30753
jonas 30753 30755 30914 30933 30996 31076 31123 31257 31381 31383 31402 31459 31654 31699 31801 32175 32192 32270 32606 32965 33188 33267
jozef+netla 30753
jacheta 30753 31801 33118
jochenem 30753
zofia 30753 30829 30920 30960 31007 31090 31123 31409 32426 33118 33170 33188
jozua 30753 30933 31076 31090 31654 31813 33269
zvi 30753 30914 30983 31458 31956 32955
jerusalem 30753 31123 32175 32192 32818 33007 33118
zimel 30753
zelig 30753 30920 31076 31159 31257 31269 31409 31428 31446 31654 32270 32606 32910 33269
jakub 30753 31076 31923
jekel 30755 31076 31545
jonasz 30755 31007 31076 31257 31381 31409 33170
joel 30755 31007 31076 31090 31123 31257 31381 31402 31791 31923 32175 32192 32426 32448 32526 33118 33170 33207
joske 30755 30933
zimetbaum 30755 30920 31654
janay 30761 31105
judged 30761
jargon 30765 32386 32497 32538 33007
jointly 30782 31035 31129 31412 32634 32709 33007
jewish 30801 31183 31230 31292 31593 31633 32658 32988 33007
zoids 30805 31600 31627 32013 32997 33183
josiah 30812 30965 32178 32216 32955 33288
jordan 30815 30824 30996 31133 31359 31393 31517 31888 32182 32192 32205 32272 32277 32538 32630 32701 32955 33007 33023 33118 33170
junkyard 30815 30824 30840 31694 32170 32489 33008 33009 33042 33043
jonkoping 30817
jonathanfarnworth 30819
zot 30819 32251 33010
junior 30821 30914 31035 31047 31066 31172 31896 32144 32200 33007 33059 33087
jute 30824 33007
javascript 30824 31384 32062 32141 32400 32577 33087
jr 30824 30971 32583 33087
jasso 30824
zucca 30824 32170
zonohedron 30824
jeff 30824 30954 31778 32016 32170 32179 32283 32325 32545 32808 32911 32955 32989 33007
japanese 30824 30908 33007
jiang 30824 31671 32031
jacob 30824 30829 30971 31075 31076 31257 31292 31409 31446 31458 31459 31545 31791 31803 31896 32233 32284 32291 32426 32526 32716 32964 33007 33118
jill 30824 31123 31791 32170 32182 32390 32701 33007
johnson 30824 31035 31458 31484 31517 31546 31648 31888 32151 32170 32210 32277 32572 32583 32630 32680 32716 32955 33101
jenkins 30824 33272
julie 30824 30829 30920 30996 31188 32109 32192 32545 32701 33118
zonotopes 30824 32143 32955 33174
joyce's 30824
zef 30824
ziegler 30829 32477 32955 33008 33042
janet 30829 30925 30960 30971 31123 31267 31447 31654 32182 32701 33195
judes 30829 31076 31123 31257 31512 31654 32950 33118 33188
jerome 30829 30920 30933 31075 31381 31791 32164 32392 32716 33188 33267
joan 30829 30832 30960 31090 31402 31432 31459 31536 31654 32192 32590 32701 32955 33007 33203 33267
julianne 30829 31791 32701
jordana 30829
jenise 30829
jaffe 30829
jack+annie 30829
jankiel 30829 30914 31076 31123 32175 33269
zalel 30829 31076 31123 31257
joachim 30829 30914 30920 30933 31007 31075 31076 31123 31257 31383 31402 32192 32392 32950 33118 33127 33170 33188 33267 33269
zelda 30829 31075 31076 32182 32270 33118
jonkler 30829 31076 31409 31791 32716
jakob+freidel 30829
zaslaw 30829
jadwiga 30829 30920 31123 31791 32175 33269
jaroslaw 30829 30849 30996 31007 31022 31076 31123 31409 31593 31791 31813 32448
jetel 30829
jeanetta 30829 31123
zielonki 30829 31090
zahava 30829
joshkowiz 30829
jadhav 30834
jawaherul 30842 32955 33101
jutroschin 30849
zimmet 30849 30914 33170
jdk 30851 32265 32809 33176
jre 30851 31776 32265 33176
javac 30851 32399 32427 32656 33176
j2se 30851 33176
zheng 30857 32151 32277 32955
juniors 30857 30864 31893
judges 30857 30952 31413
zinn 30864
jiao 30864
zhang 30870 31035 31189 31949 31981 32458 32735
javid 30870
janice 30875 31538 31654 31695 32545 32701 32970 33195 33267
juho 30876
josiane 30876 32200
zealand 30876 30952 30976 31291 31402 32200 33272
zhaoqi 30889 31051 31835
zussman 30914 31496
jomtow 30914
johanna 30914 31699 32192 32701
jeno 30914
jetty 30914 31007 31123 31496 31654 31791 32182 32526 32716 33007
zweig 30914 30933 32192 32392 32950 33170
zweibrucken 30914
zysla 30914 31076 31409
jefferson 30914 30996 31636 32390 32606 33223
jacobs 30914 31654 32182 32448 32716
jacques 30914 31007 31075 31409 31791 32975
zurich 30914 31035 31529 32170 32175
judas 30914 33007
zygmunt 30914 30920 30933 30996 31123 31230 31257 31409 31458 31496 31877 32175 32182 32270 32426 32448 32707 32716 32780 32965 33118 33170 33188
judel 30914 31076 31257 31654
judessa 30914 31123 31699 31813 32786 33170
juliusz 30914 30971 31409 32175 33118
zuskind 30920
zabierzawie 30920
jacquela 30920
jochan 30920 31076 31654
zilka 30920
zog 30925
zwettel 30933
zena 30933
zeev 30933 32320
judyta 30933 31090 31123
julius 30933 30971 30996 31123 31257 31402 31409 31877 32192 32526 33007 33170 33195
zussel 30933 31075 31269 33170
zoomscroll 30938
zabriskie 30950 32274
jakober 30960 31123
jochwet 30960 31123 31458 31545 31801 33267
zator 30960 31446 32175 32320 32426
jeremy 30965 31194 31654 31791 32192 32216 32780 32955 33118
jms 30966 33015
judka 30971 31076
jay 30971 31096 31123 32192 33007 33188 33272
joanna 30971 30996 31007 31123 31402 31877 32192 32270 32701 33118
zlotorob 30971
zlotorub 30971
jedliczo 30971
zuzka 30975 31824 31847
joy 30985 30996 31458 31459 32701 32715 32837 33007
zalo 30996
joachim+rachel 30996
jekisiel 30996
zanger 30996
zwierzyniec 30996 32426
zygmunr 30996
zabner 30996
jaslo 30996 31007
jesuah 30996
judie 30996
jeanette 30996 31123 32390 32606 32701
jontel 30996
jesse 30996 31413 32545 33007
jerry 30996 32545 32701 33007 33118
jerzy 30996 31090 31257 31877 32182 32780 32965 33170 33267 33269
jena 30996
zloczow 30996
jetti 30996 32426 32786
zabierzowa 30996
jezierzany 30996
jakobsohn 30996 31123 31458
zamdrajs 30996
jedrzejowa 30996
zmigrod 31007 31383 32426
janina 31007 31075 31090 31123 31654 32448 33118 33170 33269
jozefina 31007
jankowic 31007
jalasiny 31007
josephine 31007 31409 31512 31877 32701 33188
jitta 31007
jachetta 31007 31090 31654 32459 33170
zagorska 31007
zalman 31007 31076 31159 31299 32284 32707
jontsche 31007
jeremiasz 31007 31076 31381 32175 32964
juts 31011
javabayes 31011 31061
joann 31022 32701
zbarz 31022
zabowa 31022
jozefow 31022
zuzanna 31022 31123 33170
jed 31035
joins 31035 31295 31962 32782
journals 31035 31911 32567 32955
jin 31035 31106 31949 33007
judy 31035 31685 32277 32457 32545 32701 32842 33007 33118 33168
jannis 31035
zombies 31035
jaguar 31037 31880 33007
jungle 31037 32489 33007 33022
jia 31043
zisserman 31043 32458
jana 31056 32701
zion 31056 31183 32929
jason 31059 31466 31793 32064 32192 32485 32534 32545 32696 32719 32955 33230
jcleaver 31059 33230
zora 31075
joaquim 31075
zelma 31075 32701
juliette 31075 31381 32701
zahn 31075
jackson 31075 32151 32192 32545 33003
jokla 31076
jecki 31076
jocham 31076
joyna 31076
josaia 31076
zlotnik 31076
zusmanowicz 31076
jozefowicz 31076
judesz 31076
zeylek 31076
zundels 31076
zeleka 31076
zures 31076
jakuba 31076
jente 31076 31654
zelika 31076
zelik 31076
jokiel 31076
jechielowicz 31076
jodka 31076
joska 31076 32707
jakiera 31076
jakier 31076
jachymowicz 31076
zyslent 31076
jachym 31076 31801
jocha 31076
jachat 31076
jokiera 31076
jekiel 31076
jentalowicz 31076
jeweler 31076
jakubowicz 31076 31123 31381 31459
jokiele 31076
zlota 31076 31545 32426
jukiel 31076
jokieles 31076
jekieles 31076
jentla 31076
jekiele 31076
jakiel 31076
zanwel 31076
zeszowa 31076
zabelowicz 31076
jakerowicz 31076
jenta 31076 32426 33118
jey 31076
jekle 31076
judkowicz 31076
jekow 31076
zysia 31076
judkiewicz 31076
zeraka 31076
jozya 31076
zanwelowa 31076
jeka 31076
jole 31076 33007
josua 31076 31459 32390 32716 33188
joham 31076
judys 31076
joana 31076
zelka 31076
janasa 31076
joahim 31076
jentle 31076
josel 31076 32707
jozyasz 31076
zlotnik=goldsmith 31076
zulek 31076
zelek 31076
zelmana 31076
jabrama 31076
zamblowicz 31076
zeligman 31076
zawldwzoza 31076
zacharyasz 31076 31123 32950
zawal 31076
zymeles 31076
jankel 31076 31877 32448 32526
zysklewicz 31076
zylla 31076
jokel 31076
zaywel 31076
zala 31076 31496
zimmerman 31076
josefa 31076 32701
zeynwel 31076
zysel 31076
jochnen 31076
jochne 31076
juttel 31076
jurachomawicz 31076
johan 31076
zelde 31076
jules 31076 31292 31458 31685 32526
jecheles 31076
jokele 31076
jego 31076
jentka 31076
zeilik 31076
joelowicz 31076
joentek 31076
jochel 31076
jonkele 31076
zyskind 31076
jona 31076 32448 32637
zisla 31076
johel 31076
zofka 31076
zaun 31076
zelechowicz 31076
jochem 31076
johem 31076
jankl 31076
josek 31076 31090 31123 33170
jeruchem 31076 31654
jamet 31076
jekeles 31076
jawet 31076
zego 31076
jechel 31076
zanvel 31076
jermias 31076
zorochowicz 31076
zorach 31076
jekieli 31076
zusa 31076
jachad 31076
joche 31076 31545
jochym 31076
jing 31089
zussl 31090
jennette 31090
zalin 31090
zalmen 31090
zabierz 31090
jiajin 31091
janelle 31094 32701
joey 31105 33007
journal= 31106
z^2 31119
jachette 31123
jonah 31123 31409 31458 31654 32756 33007 33118
jakob+chawa 31123
zgierz 31123
zylberberg 31123
jutte 31123 32716
jaworzno 31123
jetta 31123 31409
zimendstark 31123
zambrowska 31123
zacharie 31123
zalubincze 31123
jesper 31123 31248 33272
jeanne 31123 31458 32701 33100
jase 31123
zachariasz 31123
zwolen 31123
zbydniowa 31123
jozuy 31123
jakobowski 31123
zortel 31123
jhu 31143
jacov 31159
zare 31180
zurawner 31183
zhuravno 31183
jog 31183 31530 33007
zeros 31187 31251 32030 32217
ziesler 31189
justification 31219 31697 31959 32975 33007 33195
jews 31230 31956
zabytkow 31230
zaczyk 31230
jungleland 31254
jodith 31257
zuckerman 31257
jentel 31257 31512 32950
zbigniew 31257 33118
jehuda 31257
zbaraz 31257 31654 32965
jos 31257 31694
jachwet 31269 31801 32526
jams 31273
judging 31273
jo 31285 31955 32526 32545 32701 33007
jtsamplegrid 31287 32758
jain 31288 32064 32277 32358 32582 32630 32771 32955 33007 33104
zarndt 31291
joesph 31292
jersey 31292 32780 32781 33007 33267
justin 31296 31799 32135 32192 32574 32733
zayde 31299
jatin 31306
jatinm 31306
zeroes 31317 31671 33141
zonohedra 31318 32143 32955 33174
zcomputer 31366 32310
zarki 31366 31443 31483 32277 32709
jth 31367
zoya 31377 31479 33048
jessa 31377 31479 33048
jermiasz 31381
jakobowicz 31381 31459
zones 31384 31413 33195
jha 31393 32200
zinkevich 31393
zilberstein 31393
jojic 31393
jesus 31393 32841 33007
jakkam 31393
jegelka 31393
zuckermann 31402 33127
zirwanda 31402
zorro 31405 33031
jutel 31409 31791
zoe 31409
johns 31409 31587 31885 32477 32955 33110
jaskaran 31413
zack 31425 32082 32213 33050
zlate 31428 32270 32320 33118
zali 31428
zev 31428 31813 32526
juditha 31428
zak 31428
jozue 31446 31458
janethw 31447
jechiel 31458 31791 32182 32716
janis 31458 32701
jolla 31458
jerold 31458 31654
zimmer 31458 32695
zabno 31459 32320
jeann 31459
jacqueline 31459 32701 32915 33118
jagust 31459
jaya 31461
jdbc 31468
jpg 31468
jorg 31483
judesa 31496
zwetschkenstiel 31496
jorgensen 31517 31587 31888 32955
jewelry 31519 31694
jazayeri 31527
jafar 31529
jamshid 31529
jamia 31535
zupan 31535
judgments 31535
justifying 31544 32464
justify 31544 31697 31952 32439 33007 33195 33272
zzyzx 31546
zone 31546
zzz 31546
johnny 31546 32135 33007
jar 31547 32249 33007
z78 31556
jigsaw 31571 31694
jeju 31587 31675 32167 32207 32630 32728 32955
jojo 31590
jichus 31593
zt 31593
jmutts 31597
jmp 31597
jsac 31608
jarecki 31614 32277
jini 31636 32348
javabeans 31636
j2ee 31636 32197
zhou 31636 31717 31981 32011 32205 32694
juric 31636
jazette 31648
zygfryd 31654
zandberg 31654
jeffery 31654
zimmetbaum 31654
zwierzynieckie 31654
zabrze 31654 31801
janaszowic 31654
jamesal1 31665
jj 31671
ji 31671 32205
zyante 31671
javan 31694 33007
jablan 31694
justifiable 31697 33007 33195
joanne 31699 32192 32320 32701 32716 33195 33272
zurawna 31699
jpowell 31706
zou 31751
jea 31778 32630 32911 32955
jamming 31781
zap 31781 32201 33116 33187
joachym 31791 32175
jecheskel 31791
jerachmiel 31791
zina 31791 33269
zins 31791
jerechmiel 31791
jungerwirth 31791 33118
jake 31791 32390 33170
jselinger 31791
jimmy 31796 32273 32545 33007
jabbarvand 31798
jedi 31802 31980
zaworzni 31813
jayapul 31830
jcdl 31835
jcdl07 31835
jug 31843 31993 33007
joaquin 31846 32231 33116
jehan 31850
zyda 31852
jonasan 31877
jaskiewicz 31877
jag 31880 33007
juno 31893 31949 33007
january\or 31895
june\or 31895
july\or 31895
jss 31895
jflow 31908
juxtaposed 31911
julianna 31924
janite 31956
jslein 31961
jdavis 31961 33168
jumped 31962
zhuoqing 31968 32733
jie 31968 32247
jayson 31977
zhaoxia 32011 32277
ziogas 32011
jazzcatsai 32012
janna 32065 32329 32701
√ 32066
zipper 32089
zigzags 32089
zigzag 32089
johannes 32129 33007
zarate 32135
jsp 32135
json 32141
zhao 32144 32277
jacklyn 32144 32701
zhengy 32151
zebras 32169
jaryczow 32175
zine 32175
zawale 32175
zizkov 32175
zawiercie 32175
joslisko 32175
jochebed 32175 33267
jeff's 32179 32477 32955
jarman 32182
joyce 32182 32192 32701 32716 33118 33267
jessie 32182 32701
zegoty 32182
zablocie 32182
zakopane 32182 32910 33118
zipora 32182 32284
zawoja 32182
zlatte 32182
jamaica 32192 33007
jaye 32192
jamie 32192 32701
jull 32192 32950
jodie 32192 32701
jess 32192 33007
juliana 32192 32701
jody 32192 32701
zachary 32192 32780 32955 33003 33118 33267
zagreb 32192
zhendong 32200
juergen 32200
juiz 32200
jarosiewicz 32205
jmlr 32205 32735
jgr 32205
zuffi 32205
jgaa 32207 32630 32822 32911 32955
joret 32207 32630 32955
   32228
zte 32247
zxj10 32247
judess 32270
jides 32270
zoology 32277 32989 33195
jridenou 32283
zipi 32284
zichron 32284
jiandong 32299
zabawa 32320
ziffer 32320
zimerspitz 32320
jiménez 32325 32955
zonta 32358
zach 32386 32531
zbutler 32386
zana 32386
zghaderi 32386
jegou 32390
zwierzynichie 32390
zilz 32392
jetform 32400
jozef+frumet 32432
zero4 32439
jkff 32439
jkff1 32439
j1 32439
jkff2 32439
j2 32439
zabler 32448
zeltner 32448
judis 32448
jung 32453 33126
josuza 32459
judgements 32464
jbig 32467 33162
jbig2 32467
jayant 32467
jeweled 32471
judiciously 32507
zawichost 32526
zehava 32526
ziment 32526
jcg1737 32526
zachklein 32531
jiayu 32538
jiayux 32538
zybook 32538
jeannie 32545 32701
jannite 32545
zenographics 32545
jumps 32564
jcdcg3 32582 32771 32955
janitor 32583 33007
jakubovic 32587
z80 32599
zenn 32606
jehudah 32606
zisel 32606 33269
jutta 32606
jellyfish 32627
ja 32630 32955
junctions 32630 32955
zürich 32630 32955
√n 32630 32955
joao 32636 33119
zajnwel 32637
jossel 32637
jurisdiction 32648 33007
jflex 32656
jaclyn 32664 32701
jvm 32680 32759
jhajj 32694
zuzhi 32694
juanita 32701
jackie 32701
jodi 32701
janie 32701
juana 32701
jeannette 32701
jacquelyn 32701
johnnie 32701
jasmine 32701 33007 33118
jenna 32701
josefina 32701
jaime 32701
jewel 32701 33007
josie 32701
jenifer 32701
janette 32701
jewell 32701
jillian 32701
janine 32701
jocelyn 32701
joni 32701
jolene 32701
jayne 32701
jeanine 32701
jimmie 32701
justine 32701
jeannine 32701
jeri 32701
jami 32701
jeanie 32701
jerri 32701
juliet 32701 33218
jannie 32701
janell 32701
joskowicz 32707
joszkowicz 32707
joskowitz 32707
jozel 32707
zielniker 32707
jars 32715
joyful 32715 33007
jusia 32716
jakob+rose 32716
jolie 32716
jared 32716 33267
jacksonvilee 32716
zanesville 32716
z' 32760
jener 32780
jogging 32781
zale 32786
j8t 32808
jeffe 32808
javal 32809
jafarpour 32814
jf 32818
journaling 32826
journalingkeeping 32826
jhn 32841
js 32842
zeklecin 32910
zvika 32910
javozna 32910
jochene 32950
jour 32955
jocg 32955
jct 32955
jcss 32955
jga 32955
jgt 32955
zhanpeng 32955
jirka 32955
zono 32955
jacm 32955
je 32955
jw 32955
janowitz 32955
jm 32955
jcf 32955
jeonju 32955
jda 32955
july–august 32955
jmitchell 32955
janson 32970
joke 32971 33007
zeroing 32975
jeames 33007
jear 33007
jab 33007
jib 33007
juba 33007
jubate 33007
jibbah 33007
jubbah 33007
jabber 33007
jibber 33007
jobber 33007
jibe 33007
jobe 33007
jube 33007
jabiru 33007
jabot 33007
jacana 33007
jocant 33007
jacare 33007
jacent 33007
jackal 33007
jacket 33007 33247
jockey 33007 33141
jocko 33007
jocose 33007
jocuno 33007
jad 33007
judaic 33007
jade 33007
jodel 33007
judge 33007
judger 33007
jadish 33007
jee 33007
jeer 33007
jiffy 33007
jeg 33007
jig 33007
jugal 33007
jugate 33007
jager 33007
juger 33007
jugful 33007
jagg 33007
jagger 33007
jigger 33007
jigget 33007
jiggle 33007
joggle 33007
juggle 33007
jaggy 33007
jugum 33007
jah 33007
jehad 33007
jihad 33007
jehu 33007
juice 33007
juicy 33007
jail 33007
jailor 33007
joiner 33007
jointy 33007
juise 33007
joist 33007
jujube 33007
jejune 33007
juke 33007
joker 33007
jakes 33007
jokul 33007
jalap 33007
julep 33007
jelick 33007
jell 33007
jillet 33007
jelly 33007
jolly 33007
jilt 33007
jolt 33007
jolter 33007
jolty 33007
jama 33007
jumart 33007
jamb 33007
jumbal 33007
jambee 33007
jumble 33007
jambo 33007
jumbo 33007
jument 33007
jemima 33007
jammy 33007
jemmy 33007
jymold 33007
jimp 33007
jumper 33007
jumpy 33007
juncat 33007
junco 33007
jangle 33007
jingle 33007 33272
jungly 33007
jingo 33007
jink 33007
junk 33007
janker 33007
junker 33007
junket 33007
jinn 33007
jinnee 33007
jennet 33007
jinny 33007
jant 33007
junta 33007
junto 33007
janus 33007
jynx 33007
jap 33007
jupard 33007
jape 33007
jupe 33007
jupon 33007
jural 33007
joram 33007
jurat 33007
jerboa 33007
jarde 33007
jardon 33007
jere 33007
jereed 33007
jarful 33007
jargle 33007
jerid 33007
jurist 33007
jark 33007
jerk 33007
jerker 33007
jerkin 33007
jerky 33007
jarl 33007
juror 33007
jerque 33007
jarrah 33007
jert 33007
jorum 33007
jarvey 33007
jury 33007
jasey 33007
joskin 33007
jasp 33007
jasper 33007
jaspis 33007
joss 33007
jessed 33007
josser 33007
jest 33007
jester 33007
juster 33007
jostle 33007
justle 33007
justly 33007
jesuit 33007
jet 33007
jot 33007
jut 33007
jataka 33007
jitney 33007
jetsam 33007
jetter 33007
jetton 33007
jutty 33007
jeu 33007
jougs 33007
jauk 33007
jouk 33007
joul 33007
joule 33007
jaunce 33007
jounce 33007
jaunt 33007
jaunty 33007
joust 33007
jove 33007
javel 33007
jovial 33007
jovian 33007
jovy 33007
jaw 33007
jawed 33007
jewess 33007
jewis 33007
juwise 33007
jewism 33007
jowl 33007
jowled 33007
jowler 33007
jawn 33007
jewry 33007
jowter 33007
jawy 33007
juxta 33007
joyous 33007
jezail 33007
jangada 33007
jeremiad 33007
jubileal 33007
judicial 33007
jeroboam 33007
jacobean 33007
jacobian 33007
jovinianist 33007
jackanapes 33007
judiciary 33007
jasperated 33007
jagannath 33007
jactitation 33007
jugoslav 33007
jackstay 33007
judicable 33007
jiggumbob 33007
japonic 33007
juridic 33007
japonica 33007
jararaca 33007
jaconace 33007
jactance 33007
jaundice 33007
jaundiced 33007
jimcrack 33007
jerfalcon 33007
justaucorps 33007
jointed 33007
jellied 33007
jeopard 33007
jaspoid 33007
jeopardize 33007
jeopardous 33007
jubilee 33007
judaize 33007
jadeite 33007
jaghire 33007
jalouse 33007
jervine 33007
jussive 33007
joyance 33007
joysome 33007
jollyhead 33007
johannean 33007
jaspidean 33007
jacketed 33007
jolloped 33007
japanned 33007
jesuited 33007
jamboree 33007
jointweed 33007
jargonelle 33007
jenequen 33007
juncaceous 33007
jaspideous 33007
japanner 33007
justicer 33007
jeweller 33007
jewellery 33007
justiceship 33007
jointless 33007
jointress 33007
jesuitess 33007
jaguarete 33007
jobbing 33007
jigging 33007
jarring 33007
jesting 33007
jeropiga 33007
jedburgh 33007
jobbish 33007
jacinth 33007
jiggish 33007
jehovah 33007
jaspachate 33007
jamdani 33007
justiciable 33007
justiciar 33007
justiciary 33007
japhetic 33007
jurassic 33007
jesuitic 33007
jollification 33007
justificative 33007
justificatory 33007
jurisdictive 33007
jalousie 33007
justifier 33007
jardiniere 33007
justicies 33007
johannine 33007
jessamine 33007
jacketing 33007
jockeying 33007
juneating 33007
jenneting 33007
justicing 33007
jactation 33007
jawbation 33007
johannisberger 33007
jansenism 33007
jesuitism 33007
jansenist 33007
jargonist 33007
jovialist 33007
jokesmith 33007
jucundity 33007
jocunoity 33007
juniority 33007
jequirity 33007
joviality 33007
jargonize 33007
jasperize 33007
jesuitize 33007
jovialize 33007
judcock 33007
jejunal 33007
jingall 33007
jonquil 33007
jeofail 33007
jestful 33007
juvenal 33007
jezebel 33007
jargogle 33007
juvenile 33007
jockteleg 33007
journalese 33007
juvenilia 33007
journalism 33007
journalist 33007
journalistic 33007
juvenility 33007
journalize 33007
judaism 33007
jugulum 33007
jahvism 33007
jejunum 33007
jostlement 33007
jeronymite 33007
jackeen 33007
jackman 33007
jacobin 33007
johnian 33007
jalapin 33007
juryman 33007
javelin 33007
juggernaut 33007
jouisance 33007
jacaranda 33007
jaborandi 33007
jaborine 33007
julienne 33007
johnsonese 33007
jointing 33007
johnsonian 33007
jacobinism 33007
jamesonite 33007
jacobinize 33007
jabbernowl 33007
jobbernowl 33007
jubilant 33007
jurament 33007
jazerant 33007
jovicentric 33007
jericho 33007
justico 33007
jobation 33007
jettison 33007
jaguarondi 33007
jurisconsult 33007
jackaroo 33007
juxtapose 33007 33195
juxtaposition 33007 33195
judicious 33007
julaceous 33007
julyflower 33007
jubilar 33007
jacamar 33007
jocular 33007
juggler 33007
jugular 33007
joinder 33007
jointer 33007
jamadar 33007
jemadar 33007
juniper 33007
jupiter 33007
jerquer 33007
jacquard 33007
jointure 33007
juncture 33007 33195
jointuress 33007
jacquerie 33007
jocoserious 33007
jurisprudence 33007
jurisprudent 33007
jurisprudential 33007
jugglery 33007
janglery 33007
janizary 33007
juratory 33007
jesuitry 33007
jealous 33007
jackass 33007
jacobus 33007
juggins 33007
juncous 33007
joyless 33007
juvenescent 33007
japanesery 33007
jockeyship 33007
jingoism 33007
jeffersonian 33007
jeffersonite 33007
justness 33007
jehovist 33007
jealousy 33007
jaconet 33007
joinant 33007
jessant 33007
jesuist 33007
javelot 33007
jubilate 33007
jebusite 33007
jacobite 33007
jaculate 33007
jugulate 33007
jarosite 33007
jobmaster 33007
judgmatic 33007
jubilation 33007
jaculation 33007
judication 33007
jacobitism 33007
judicative 33007
jaculator 33007
joculator 33007
jaculatory 33007
judicatory 33007
judicature 33007
jocosity 33007
jejunity 33007
jambeau 33007
jetteau 33007
jongleur 33007
jackdaw 33007
jubardy 33007
jobbery 33007
jaggery 33007
joinery 33007
jollify 33007
jollily 33007
jollity 33007
jaspery 33007
jessamy 33007
journeyman 33007
jasponyx 33007
jubilize 33007
zometool 33043
jfox 33074
javasoft 33074
jennai 33100
zarlin 33100
zuzana 33104
zauhar 33110
zbignev 33118
zigmund 33118
zigfrid 33118
ziah 33118
zgota 33118
johann 33118
zwia 33118
jasiu 33118
zubsia 33118
zatony 33118
jeb 33118
jacobowitz 33118
joachim+faigli 33127
zips 33141
jaakkola 33152
zvon 33162
zimend 33170
johanes 33170
jacowski 33170
zalcman 33170
jus 33170
judet 33170
znaim 33188
zelinda 33188
jezajas 33188
jette 33188
juxtaposing 33195
zerubavel 33195
zuboff 33195
zaldivar 33207
jozsef 33212
jcapulet 33218
jaffy 33267
jochim 33267
zenajda 33269
zee 33272
zielstorff 33272
jyvaskylassa 33272
jelger 33272
zagoriška 33284
