knowing 44387 44488 44588 44612 44628 44877 45031 45334 45391 45584 45599 45676 45743 45964 46079 46242 46459 46655 46695 46907
[ 44391 44392 44396 44398 44408 44410 44411 44414 44439 44440 44445 44449 44453 44458 44509 44516 44528 44532 44557 44561 44588 44598 44601 44608 44610 44612 44616 44634 44635 44644 44645 44647 44651 44656 44657 44659 44663 44670 44676 44696 44698 44700 44710 44717 44723 44725 44730 44746 44753 44765 44771 44777 44782 44790 44809 44815 44828 44829 44832 44839 44846 44852 44914 44916 44917 44919 44953 44988 45018 45024 45025 45030 45031 45039 45063 45066 45072 45073 45086 45094 45098 45101 45110 45111 45131 45157 45161 45165 45193 45195 45201 45222 45239 45245 45250 45253 45287 45293 45295 45297 45306 45327 45331 45334 45339 45350 45364 45365 45367 45378 45408 45409 45410 45417 45419 45441 45443 45453 45470 45481 45485 45491 45502 45505 45526 45527 45542 45547 45551 45578 45604 45607 45611 45638 45642 45662 45670 45676 45678 45694 45697 45698 45714 45717 45744 45749 45760 45783 45785 45797 45798 45810 45812 45814 45817 45830 45840 45851 45858 45896 45900 45909 45910 45933 45941 45964 45983 46013 46015 46019 46034 46041 46045 46058 46079 46086 46096 46108 46110 46112 46126 46127 46167 46169 46174 46220 46221 46230 46251 46253 46273 46296 46308 46312 46320 46321 46331 46337 46344 46352 46353 46359 46366 46381 46383 46392 46404 46431 46444 46446 46447 46457 46459 46476 46490 46494 46496 46513 46521 46525 46529 46530 46535 46544 46560 46572 46575 46596 46599 46608 46649 46655 46657 46660 46669 46677 46691 46701 46712 46713 46740 46749 46761 46763 46780 46783 46793 46794 46802 46806 46809 46825 46853 46855 46858 46864 46882 46907 46926 46937 46947 46961 46978 46980 46993 46997 47028 47051 47053 47061 47063 47075 47079 47092 47117 47124 47128 47129 47141 47142 47154
know 44391 44392 44410 44436 44445 44449 44476 44488 44508 44516 44539 44550 44557 44573 44578 44588 44612 44624 44626 44628 44635 44670 44684 44700 44725 44757 44766 44808 44810 44846 44852 44904 45031 45072 45098 45101 45118 45142 45219 45262 45267 45271 45287 45295 45309 45321 45334 45346 45350 45367 45417 45427 45454 45481 45493 45526 45527 45560 45570 45581 45584 45594 45599 45613 45659 45676 45678 45699 45720 45743 45830 45840 45842 45865 45915 45934 45964 45966 45998 46015 46056 46060 46079 46085 46093 46225 46230 46242 46306 46320 46321 46322 46336 46344 46356 46397 46399 46459 46469 46494 46649 46653 46659 46660 46695 46712 46740 46744 46761 46767 46809 46841 46877 46886 46888 46907 46943 46991 46997 46999 47018 47029 47063 47106 47112
knowledge 44391 44392 44407 44439 44440 44485 44488 44492 44508 44511 44516 44528 44575 44588 44624 44644 44670 44684 44691 44711 44716 44726 44757 44777 44790 44791 44808 44810 44828 44866 44904 44906 45004 45023 45039 45071 45073 45076 45079 45101 45126 45142 45168 45193 45230 45250 45262 45270 45295 45334 45350 45407 45431 45481 45502 45578 45581 45599 45615 45621 45659 45676 45687 45695 45743 45770 45777 45821 45842 45872 45910 45942 45998 46013 46042 46060 46108 46117 46137 46220 46322 46359 46389 46399 46459 46490 46492 46649 46653 46695 46744 46752 46775 46809 46876 46885 46894 46918 46919 46943 46953 46982 46983 46993 46997 47063 47106
key 44392 44414 44449 44509 44511 44556 44557 44575 44610 44612 44628 44657 44670 44725 44746 44790 44810 44922 45071 45098 45101 45123 45142 45161 45245 45267 45350 45427 45443 45481 45527 45529 45547 45599 45636 45668 45676 45678 45699 45720 45743 45810 45864 45872 45908 45918 45934 45968 46033 46043 46120 46167 46220 46240 46308 46336 46344 46373 46399 46406 46442 46489 46490 46494 46626 46695 46744 46749 46761 46805 46904 46912 46919 46947 46953 46983 46997 47018 47045 47088 47112
korea 44392 44773 44791 45079 45891 45900 46223 46409 46433 46439
kindly 44392 44790 45481 46695
kingpins 44392
{ 44392 44408 44453 44460 44513 44550 44573 44578 44601 44608 44612 44634 44651 44656 44663 44670 44676 44771 44815 44832 44839 44846 44866 44872 44903 44922 44988 45030 45031 45063 45078 45083 45101 45142 45157 45195 45245 45306 45378 45441 45481 45526 45527 45547 45599 45607 45613 45649 45697 45714 45743 45810 45858 46015 46028 46041 46110 46230 46272 46318 46321 46344 46414 46431 46496 46530 46544 46599 46689 46744 46749 46761 46802 46806 46824 46907 46980 46997 47018 47055 47064 47124 47128 47141
kim 44392 44423 44445 44657 44791 45079 45481 45783 45864 45900 45908 45918 46220 46409 46953 46997 47085
kit 44392 44476 44790 45481 46397 46695 46997
kiley 44406 44535 45240 45523 46301 46654
kay 44407 44410 44449 44466 44471 44516 44575 44584 44624 44635 44684 44685 44700 44720 44734 44784 44810 44822 44868 44869 44890 44906 44955 44974 44978 44991 44996 45006 45016 45018 45025 45058 45065 45071 45081 45104 45118 45121 45123 45126 45149 45152 45163 45211 45213 45242 45248 45254 45262 45271 45316 45324 45339 45345 45346 45351 45353 45404 45407 45424 45446 45477 45493 45505 45533 45554 45560 45567 45570 45584 45621 45623 45636 45652 45659 45676 45687 45699 45744 45748 45762 45768 45782 45822 45835 45844 45847 45871 45889 45891 45901 45942 45966 46007 46013 46022 46050 46056 46060 46074 46084 46085 46087 46096 46100 46109 46111 46120 46129 46137 46145 46167 46240 46249 46271 46306 46314 46320 46334 46335 46357 46360 46389 46397 46399 46442 46459 46488 46492 46494 46518 46520 46534 46547 46561 46574 46619 46626 46653 46693 46738 46754 46757 46767 46768 46778 46791 46803 46809 46840 46847 46877 46886 46916 46940 47009 47018 47029 47045 47066 47075 47079 47080 47088 47133 47150 47155
kind 44408 44449 44516 44578 44588 44591 44628 44670 44790 45031 45072 45076 45098 45101 45118 45142 45208 45267 45334 45339 45350 45367 45392 45446 45454 45481 45526 45527 45529 45547 45599 45613 45720 45743 45754 45891 45901 46015 46060 46079 46085 46111 46167 46213 46220 46242 46306 46322 46397 46442 46599 46608 46649 46695 46712 46740 46761 46779 46791 46809 46916 46918 46943 46997 47088 47115
knows 44410 44516 44573 44757 44774 45219 45334 45481 45493 45533 45599 45659 45720 45743 45842 46085 46230 46321 46494 46649 46653 46695 46907 47018
kinds 44410 44449 44588 44612 44628 45014 45031 45072 45118 45250 45284 45334 45350 45392 45481 45527 45529 45547 45599 45613 45720 45743 45840 45891 45964 45998 46048 46220 46308 46667 46695 46712 46761 46809 46841 46888 46907 46997 46999 47018
kappen 44411 47053
kelsey 44413 44590 44619 44633 44665 45002 45007 45021 45258 45479 46021 46054 46098 46427 46690 46967
kher 44414
kate 44414 44698 45365 45481 46567 46751 46955
kong 44423 44657 44698 44791 44814 45133 45908 45919 45994 46352 46904 47040
kern 44425 44455 44534 44698 44725 45150 45678 46404
k 44427 44466 44542 44544 44557 44591 44612 44634 44644 44645 44651 44662 44663 44691 44696 44698 44727 44759 44822 44949 45022 45035 45079 45149 45153 45165 45287 45327 45334 45365 45367 45404 45443 45453 45481 45526 45527 45542 45554 45810 45908 45925 45983 45994 46015 46034 46107 46117 46126 46129 46134 46323 46344 46357 46446 46459 46544 46737 46744 46779 46823 46904 46997 47040 47051 47092
known 44439 44440 44459 44476 44490 44508 44509 44528 44529 44539 44542 44575 44578 44588 44612 44684 44691 44711 44723 44725 44757 44766 44903 44904 45023 45031 45079 45101 45142 45165 45168 45212 45254 45287 45295 45309 45334 45344 45367 45392 45431 45454 45481 45533 45547 45564 45676 45678 45695 45763 45770 45778 45794 45835 45839 45872 45934 45949 45985 45994 45998 46016 46111 46126 46220 46225 46282 46296 46308 46321 46322 46336 46409 46490 46518 46601 46695 46744 46749 46791 46842 46843 46877 46904 46918 46947 46997 47040 47051 47115
krakow 44440 44453 44508 44561 44601 44608 44634 44656 44676 44698 44717 44723 44757 44917 44988 45030 45111 45222 45239 45293 45306 45327 45365 45378 45409 45485 45491 45607 45662 45698 45760 45785 45798 45812 45839 46086 46112 46127 46221 46312 46337 46353 46383 46404 46431 46457 46669 46671 46763 46780 46864 46926 46937 47028 47061 47079 47128 47141
katz 44440 44711 44808 44919 45111 45419 45670 45798 46337 46339 46353 46404 46431 47028 47141
kahn 44440 44539 44578 45321 45419 46339 46997 47028
+10 44442 44563 44690 44701 45421 46387 46429
+ 44445 44449 44453 44459 44539 44557 44561 44573 44578 44601 44608 44612 44634 44651 44656 44663 44670 44676 44691 44698 44717 44774 44791 44797 44815 44834 44872 44916 44917 44988 45030 45031 45063 45066 45072 45079 45098 45101 45111 45130 45222 45239 45267 45293 45306 45327 45331 45350 45365 45378 45408 45409 45419 45443 45451 45481 45485 45491 45493 45527 45529 45547 45593 45607 45613 45642 45662 45668 45670 45694 45698 45743 45754 45760 45785 45798 45810 45812 45838 45858 45872 45957 45994 46015 46079 46086 46112 46127 46167 46221 46230 46308 46312 46321 46336 46337 46344 46353 46383 46404 46431 46446 46457 46513 46544 46599 46601 46655 46660 46665 46667 46669 46678 46689 46695 46744 46761 46763 46780 46794 46824 46856 46861 46864 46926 46937 46972 46991 46997 47028 47040 47061 47079 47119 47128 47141
karel 44445 45334 45481
kurt 44445 45554 46337
+20 44447 44880 46387 46753 47147
keeps 44449 44588 44628 44670 45334 45547 46494 46531 46695 46749
krone 44449
kg 44449
krob 44449
keyword 44449 44574 44670 45350 45527 46079 46550 46761 46841
kyle 44451 45052 45736 45803 46928
klara 44451 44510 44698 45365 45785 46127
kant 44453 44791
kendel 44453 45670
kitchen 44455 45560 45998 46441 46695
kazemi 44458
kavehvash 44458
kavevash 44458
karloff 44459 45212
kalashnikov 44460 44839 46980
keywords 44460 44574 44644 44953 45334 45481 45872 46321 46352 46414 46550 46680 46980
knew 44471 44508 44557 44723 44846 45481 45659 46013 46093 46459 46695 46778 47063
kuperberg 44476 44544 44578 45367 46997 47040 47085
karl 44476 45783 46414 46997
kreminski 44476 46997
knots 44476 44578 46695 46888 46997
kusner 44476 46997
kubo 44476 46997
kissing 44476 46695 46888 46997 47040
keep 44479 44490 44508 44509 44511 44516 44588 44612 44624 44628 44670 44684 44725 44757 44791 44814 44846 44852 44868 44869 45031 45063 45072 45193 45219 45262 45263 45267 45309 45334 45392 45411 45431 45481 45493 45526 45527 45584 45599 45642 45659 45676 45678 45699 45720 45743 45783 45842 45844 45865 45915 45964 45966 46015 46022 46033 46060 46230 46242 46321 46335 46397 46494 46505 46531 46575 46649 46659 46695 46712 46761 46805 46840 46841 46886 46918 46919 46991 47018 47051 47063 47088 47112
kaufmann 44485 44969 45079 45419 45481 45502 45578 45910 46117 47040 47085 47151
keyboard 44490 44575 44670 45284 45334 45350 45417 45481 45560 45872 46768
kindergarten 44490 44508 45998 46459
k12 44490 45287 46997
kiosk 44490 45998 47122
kai 44498 44698 44753 44819 45182 45231 45499 45554 46249 46495
ks 44508 44993
kaufer 44508
kept 44508 44511 44670 44684 44716 44723 45481 46505 46550 46695 46918
kalisz 44508 45327
king 44508 44786 45063 45130 45339 45431 45481 45659 45662 45785 45918 46161 46220 46695 46918 46997 47115
kazimierz 44508 45293 45760 45785 46671 47028
kingdom 44508 44556 45481 45984 46695
keepers 44508 45250
kosciuszko 44508
kolbe 44508
kielce 44508 44561 44717 45698 45785
killed 44508 44723 45195 46695
kravetz 44508
krakauer 44508
krakowski 44508 45365
katzner 44508 45327
keeper 44508 46695
kid 44508 45160 45481 45998
kisvarda 44508
kings 44508 44542 45481
klasno 44508 44561 45378 45698 46127 47028 47128
kleinhaendler 44508
klipper 44508 45481
krakowie 44508
kazimierzu 44508
krakowa 44508
krakowscy 44508
koncu 44508
keter 44508
keeping 44516 44644 44771 44839 45193 45350 45454 45481 45642 45720 45901 45964 46085 46409 46490 46531 46695 46712 46749 46919 47018 47115
kauffman 44528 46997
keith 44534 44725 45560 45662 45678 45918 46321 46531 46716 46997
knoxville 44534 44725 45678
kenji 44534 45803 46716 46928
katie 44537 44570 44991 45047 45217 45327 45333 45393 45554 45669 45692 45852 46179 46389 47029
kinderdijk 44538 44773
kalai 44539 44578 46997
kristian 44539 45173 46997
keller 44539 45327 45419 45798 45918 46431 46435 46997
koch 44539 44578 45918 46220 46997 47061
knighten 44539 46997
krieger 44539 44578 45698 46221 46431 46997 47061
kleitman 44539 44578 46997
karagiorgis 44539 44578 46997
kuo 44542 44544 45677 45994 46126 47040 47085
kite 44542 44544 44661 45543 46997 47040
kites 44542 44544 45994 46997 47040 47051
kostitsyna 44544 46107 47085
kingston 44544 46107
ku 44544 45176 45908 47040 47085
kb 44559 44670 45344 45644
kbs 44559
kernel 44560 44632 44651 44670 44866 45022 45230 45481 45599 45642 45743 45817 46000 46172 46220 46275 46512 46666 46766 46837
kalman 44561 44608 44656 44676 44904 44917 45030 45327 45378 45419 45662 45670 45785 45798 46112 46127 46312 46383 46404 46431 46780 46926 47063 47079 47141
kopel 44561 45222 45293 45670 46086 46926 46937 47079
kurtz 44561 45378 45670
kalwarya 44561
kupferwasser 44561
kleinblatt 44561 47128
klein 44561 44717 45306 45419 45481 45659 45785 45918 46112 46383 46888 46937 46997
kevin 44561 44659 44698 44829 44866 45123 45560 45659 45773 45783 45797 45901 45910 46162 46249 46853 46895 46997 47085 47117
kleinblat 44561 45607
krongold 44561 44601 44717 45419 45662 45670 47028
klipstein 44561
karol 44561 45111 45293 46337 46926
kaili 44561
kestenberg 44561
kornblum 44561 44601 44676 44698 45306
kolbuszowa 44561
kicks 44562 44639 44684 44690 45446 45659 46355 46547
keystroke 44575 44670
keystrokes 44575
keyboards 44575 45481
keypads 44575
keys 44575 44670 44834 45098 45101 45267 45481 45527 45934 46225 46344 46761 46809
kepler 44578 45367 46997
kunkel 44578 46997
kabai's 44578 46997
kepert 44578 46997
ken 44578 44624 45262 45481 45901 46496 46888 46997 47085
komei 44578 46997
krishnamoorthy 44578 46997
kass 44584
kms 44588
+1 44588 44640 44645 44663 45205 45377 45481 45526 45895 46533 46555 46856
kalev 44598 44866 45253 46331 46701
kask 44598 44866 45253 46331 46701
keile 44601 44634 44717 44917 45111 45293 45365 45670 45698 45785 46112 46312 46780 47061 47141
koplik 44601 45670
kahan 44601 44711
kayle 44601 47141
kazmierz 44608
korngold 44608 45306 45785
keynotes 44611 45593 46097 46983
+length 44612
+d 44612 44663
kayla 44615 44868 45007 45091 45917 46418 47047 47141
khare 44626 44725 44846 45678 45895 46649
+= 44628 44771 44872 45072 45098 45350 45527 45714 45810 46079 46318 46544 46907
katherine 44634 44698 44868 44955 45345 45676 46459 46496 46567
kouna 44634
karpf 44634
kroll 44634
kononenko 44644
k=3 44645
k=1 44645 45441
k=100 44645 46446
kernels 44651 44670 45230 46000 46512 46666
klingberg 44656
kirschbaum 44656 45481 45670
kirschenbaum 44656 45419
kwelwasser 44656
kaminer 44656
kwalwasser 44656
karim 44657 46997 47066
konstanz 44657 44691 44791 45079
kwortman 44659
kent 44660 45167 45234 45365 45481 45918 46617 46763 47079
+w 44663
+sum 44663
k==maxiter 44663
kaitlyn 44665
kpage 44670
keila 44676 44717 45023 45698 46127 46864 46926 47028
klefstad 44684 45130 45554 46120 46306 46667
kelly 44684 45570 45918 46997
kids 44684 44720 44800 44835 44868 45334 45373 45551 45570 45590 45672 45880 45998 46056 46088 46239 46306 46378 46399 46415 46459 46762 46911 46931 47088
kraus 44685 45419
kobourov 44691 44925 45079 45287 45773 46953 47040 47072 47085
karlsruhe 44691 45079 46431
kleinberg 44691 44917 45111 45485 45819 46409 46953
kernelization 44691 44759
koral 44698 45670 47028
kohn 44698
krystyna 44698 44717 45111 46127 46997 47028
kimberley 44698
keynes 44698
kujawski 44698
kurz 44698 45607 46107 46926 47085
kalmus 44698 46112 47079
kartagener 44698
kahana 44698
konig 44698
kensington 44698 45785
kirkintilloch 44698
katarzyna 44698 46112 46312
kasia 44698
kyra 44698
klaus 44698 45481
kunice 44698
kenneth 44698 45327 45526 45560 45662
kuh 44698
kathe 44698
koromla 44698
ksawera 44698
kofu 44698
karolina 44698 45365 45378 45760 46127 46926 46937 47028 47061
katharina 44698
krikorian 44700 46320
» 44704 45058 45104 45152 45271 45422 45566 45659 45926 46066 46240 46369 46606 46767 46768 46803 46811 46877 47066
kasalin 44711
kosice 44711 45777 46885
krotowska 44717
kampf 44717
klingenfrau 44717
kuhn 44717 45607 46312
km 44723 45055 45782
krosno 44723
kalter 44723 46090
katwice 44723
kluger 44723 46090 46431
knowledgeable 44723 45118 45334 45985 46740 47063
kolbishuv 44723
kibbutz 44723 47151
kislev 44723 45419
kuf 44723
kew 44723
kaiser 44725 45481 45678 46117 46496
kutis 44726
kuti 44726
+e 44730
klm+97 44746
kramer 44746 45918 45934 46669
kiczales 44746
kiran 44753 46496
kebin 44765 46639
koller 44777 44829 44866 45910 46853 46993
kyoto 44791 45133 47151
krishnamurthi 44791 46840
kiernan 44791
kossmann 44791
kirsch 44791 45023 45760
kersten 44791
kotopoulis 44791
koleth 44791
kohala 44791 45052
khoshafian 44791
kabler 44791
kerschberg 44791
kalash 44791
kleewein 44791
kannan 44791
kirkpatrick 44791 46024
kaul 44791 46669
kwestel 44808
kin 44808
korth 44820
kinesthetic 44825
kohlmarkt 44827
korb 44829 46853
kjaerulff 44829 45910 46853
kanazawa 44829 45910 46853
kosters 44846 44903
kdd 44866
kirshner 44866
knowl 44866
kumar 44866 45321 45908 46496 46953 47151
keator 44866
kuolin 44866
kennamer 44866
kirkby 44866
kording 44866
konrad 44866 45481 46997
kou 44869 46886
kobsa 44869 45130 45554 45584 45676 46022 46496
kanu 44887 45445
kbcs 44900
kill 44903 45350 45481 46496 46695
kronprinzes 44904
kona 44919 45803 46928
keynote 44919 44978 45570 45676 46547 46658 46809 46983
karrer 44919
kruskal 44949 46978 47151
ko 44974
keshav 44975
kluwer 44975 46953 47151
kounavis 44975
kshemkalyani 44975 46882
kshemkalyanit 44975
koh 44975
kubiatowicz 44975
knoblock 44975
kaashoek 44975 45230 46000 46666
kommareddy 44975
krivulev 44975
kurze 44975
klemsy 44975
kunze 44975
kolhary 44988
kantar 44988
kantor 44988
kaner 44988
krengel 44988 45670 46112 46431
kt 44993
kendal 45002
kick 45002 45279 46098 46446 46800
kalmar 45004
kibler 45012 45554 46982
k^7 45022
kanczuga 45023
kupferberg 45023
kleinman 45023 45698 45798
++i 45031 46015
++p 45031
kautz 45039
kr 45039
kambhampati 45039
kabanza 45039
kogge 45052 45736 45803 46928 47090
kasahara 45052 45736 47090
kubota 45052 45803 46928
kyushu 45052 45736 45803 46928
kiyofumi 45052 45803 46928
kazuki 45052 45736 45803 46928 47090
kittens 45054
ke6 45063
kd8 45063
kd6 45063
ke8 45063
k3 45079 45287 45994 47040
k4 45079 45287 46107 47040
kx 45079 47040
λ 45079 46409
kindermann 45079 47072 47085
korkmaz 45079 45278 46107 46585 47085
kawarabayashi 45079
key= 45098
++ 45101 45642 45743 46321 46344
kasper 45111
kaczmarczyk 45111
kowalska 45111
kaila 45111 45306 45662 45698 47061 47141
kielecka 45111 45785
kamionki 45111
klinger 45111
ke 45123 45570 46626
karen 45126 45327 45695 46112
kits 45126
kling 45130 46220
kuang 45133
kaohsiung 45133
kelp 45147
kpeppler 45149 45554
kylie 45149 45554
k+1 45165 45481 46344 46997
koenigsberg 45168
+15 45181 45421 46594
kuskov 45214
keri 45219
kornreich 45222 45695 45698 45785
kohlberg 45222
karlsbad 45222 46937 47028
kinski 45239 46353
kamsler 45239 45785
kashani 45242
keypressed 45245
keyreleased 45245
keytyped 45245
keepaway 45250
+∞ 45267
kn 45287
k8 45287
ka 45287
k1 45287 46275
k2 45287 45994 46134
k5 45287 45901
k6 45287
k=2 45287
k6+c5 45287
kainen 45287
kopelman 45295
kathy 45301 46546 46730 46927
kleinfeld 45306
knol 45306
klagsbrun 45306
klesnia 45306
krusse 45306 47141
krusa 45306
kreindel 45306 46127 46383 46780 46864 46937 47128
kapelusz 45306
kleinmann 45306
kleinitz 45306
kleins 45306
kleiner 45306
kleinst 45306
kriger 45306 46221
kash 45321
katerhue 45327
karoly 45327
kati 45327
kimberly 45327 45365 45554 46312 47085
kistaglas 45327
kunz 45334 46186
knuth 45334 45819 46997
keenest 45334 46695
kernighan 45334 45481 46000 46666
keen 45350 46220 46695
keypress 45350
kardas 45365
kleinberger 45365 46127 46926 46937
klapper 45365
konigel 45365
kiwe 45365 45670 45785
klorcia 45365
karthik 45375 45424 45446 46045
kgajulap 45375 45446
kutas 45377
kristina 45377 45659
keh 45378 46337
kalischer 45409
kohen 45419
kba 45419
korun 45419
kanengiser 45419
kapfelovic 45419
kulik 45419
katzelias 45419
keher 45419
keil 45419 45794
kellen 45419
kesler 45419
kikines 45419
kinderhot 45419
klammer 45419
kleusner 45419
kleuzner 45419
klonomissinai 45419
konengiser 45419
kopflam 45419
kornfeld 45419
kornheizer 45419
kreus 45419
kreutwirt 45419
krois 45419
kipur 45419 46359
kudila 45419
korfel 45419
kile 45419
klonomis 45419
krindl 45419
+30 45421
katrina 45422
kanduri 45430
knobs 45430 45481 46695
klingon 45431 45481
khosravi 45446
kovar 45481
kiss 45481 45599 45743 46695
kontron 45481
karr 45481
knocks 45481
kidneys 45481
kuma 45481
koreth 45481
ka9q 45481
+44 45481
kendell 45481
kke 45481
kodai 45481
kills 45481
kurtzman 45481
konar 45481
knob 45481
khz 45481
+41 45481
kansas 45481
kalevankatu 45481
++++cut 45481
+x 45481
kdmoen 45481
killing 45481 46649 47080
kickstart 45481
kemacs 45481
kjws 45481
kulcs 45481
kdv 45481
katholieke 45481
kyocera 45481
klingons 45481
+s 45481
kuling 45481
+46 45481
+31 45481
kaiserlich 45481
koeniglich 45481
k+2 45481
kluge 45481
kinetics 45481
knet 45481
keypad 45481
kronos 45481
kludge 45481
kolvi 45481
kuusama 45481
kjerte 45481
kgb 45481
k538915 45481
knights 45481 46997
kuleuv 45481
kagedal 45481
kista 45481
kulawiec 45481
kadie 45481
kolkka 45481
kludges 45481
kbsc 45481
kermit 45481
kers 45481
kodaly's 45481
kimmel 45481
keysdo 45481
+possible 45481
keying 45481
keyed 45481 46494
k524911 45481
kane 45481 45918
kkaempf 45481
kaempf 45481
klingenfuss 45481
klningenfuss 45481
koff 45481
krafla 45481
kempf 45481
kuntz 45485
kathi 45485
kimble 45492
+v1 45526
+v2 45526
+v3 45526
+vn 45526
+vn=0 45526
kttl 45526
keenly 45529 46220 46695
kowalik 45533 45844 46050
kallioninen 45535
kleist 45554 46314
khermans 45554
ksalen 45554
ksquire 45554
kaler 45564 46649
kelvin 45570 46997
kenzo 45570
kuehn 45607
kanter 45607
kummer 45607
knobel 45607 45659
katzinger 45607
konowal 45607
kosaraju 45613 45994 46953
kishimoto 45638
kopelowitz 45641
+++++++++++++++++++++++++ 45642
++++++++++++++++++ 45642
+++++++++++++ 45642
++++++++ 45642
+++++++++++++++ 45642
++++ 45642
kissell 45659 46111
kristin 45659 45901 46877
kow 45659 45844
kelley 45659 45918
karan 45659 45901
kindred 45659
kennedy 45662 45918
kuleman 45670
keileh 45670
knauel 45670
krassel 45670
krasnik 45670
kaleman 45670
klempner 45670 46353
karpel 45670 46404
knobl 45670
kunstler 45670
kaile 45670
koszes 45670
kohlhary 45670
kregel 45670
krygiel 45670
knopfler 45670
karpsen 45670 46404
kremler 45670
kreindl 45670
kolpak 45670 47061
keili 45670
kathriel 45670
karmel 45670
krugel 45670
kotke 45670
kloper 45670
kener 45670
kenner 45670 46431
kaldau 45670
kele 45670
krozer 45670
kratzer 45670
knoffel 45670
kopelik 45670
krassa 45670
kruger 45670
knijnenburg 45676
khczuu 45676
​lee 45676
kadhemi 45676
khan 45676 46120 46496
kaluszyn 45698
kerner 45698 45798
kort 45698
kunke 45698 45798
komito 45698
kaufman 45698 45918 46763
kolischer 45698
kaliszewski 45698
klausner 45698 46937
kosches 45698
kauai 45736
keio 45736 47090
kei 45736 47090
kaleidoscope 45742 46511 46997
katey 45744
khobkirk 45744
korall 45760
kamila 45760
kreveld 45773 46126 46409 46997 47085
koésice 45777
kassa 45777
kosic 45777
kovacska 45777
kosiciach 45777
kao 45783 46997
kindel 45783
kolbrom 45785
kiwa 45785
kronfeld 45785
keppler 45785
kielb 45785
katowicach 45785
konczuga 45785
kathleen 45785 45797 46997 47061
kolinski 45785
kronengold 45785
knolwedge 45794
keryx 45796
kasril 45798
kuhlman 45798
kulman 45798
kimura 45803 46928
keiji 45803 46928
kise 45803 46928
koa 45803 46928
kelner 45812
klarita 45812
kojstein 45812
k54 45819
k57 45819
kronprinzgarten 45826
kendall 45830
korolov 45835
kyungbaek 45864
kyungbak 45864
kayaks 45875
kiwi 45878 46984
kabisch 45891
kyoungwoo 45900
kyoungwl 45900
khine 45901
kaplan 45901 46997
kinsey 45901
kj 45908
kd 45908
kw 45908 46744
kingman 45908
kinetic 45908
kistler 45908
koche 45908
kasif 45908 46117
koseki 45908
kamal 45908
kellis 45908
kulbokas 45908
knight 45918 46533 46997
kirk 45918 46117
kirby 45918
kemp 45918
knox 45918 46676 46695
kerr 45918
knapp 45918 46117
kline 45918 46186
kinney 45918
kirkland 45918
kidd 45918
knowles 45918
krannert 45919
k^2 45925
k^2log 45925
kusters 45939
keypoints 45941
keyless 45964
kopinsky 45980
k=0 45994 46904 47040
++j 46015
karpinski 46034
karlin 46048
kayaking 46050
+stack 46079
kcount 46079
kampler 46086
kirschner 46086 46926
kamil 46086
+rivka 46090 47063
+rochel 46090
+bayla 46090
+esther 46090
+sheindel 46090
+nachman 46090
+suchar 46090
+miriam 46090
+chaim 46090
+michael 46090
+sima 46090
+shmuel 46090 47063
+rabbi 46090
+max 46090
+pinchas 46090
+yocheved 46090
+malkeh 46090
+yehoshua 46090
+moshe 46090 47063
+tsivia 46090
+alter 46090
+mendel 46090
+mr 46090
+eliezer 46090
+ela 46090
+benzion 46090
+joseph 46090
+nathan 46090
+helene 46090
+sydney 46090
+agnes 46090
+sylvia 46090
+beulah 46090
+naomi 46090
+david 46090
+vivian 46090
+laura 46090
+joan 46090
+chana 46090
+neil 46090
+estelle 46090
+tema 46090
+jack 46090
+sydelle 46090
+nancy 46090
+ralph 46090
+jennie 46090
+moishe 46090
+avrohom 46090
+efron 46090
keough 46096
kaidan 46108
korpiolek 46112
+bine 46112
karplus 46117
kuchinsky 46117
karp 46117
krishnamachari 46120 46249
kwame 46120
knottedness 46126
kristy 46133
kt9 46134
kt7 46134
kt4 46134
k974 46134
kt8732 46134
k982 46134
k7 46134
k65 46134
kt83 46134
kt64 46134
killer 46171 46227 46909
kemerer 46220
kemerer's 46220
kraut 46220
kintala 46220
kosinski 46220
kidder 46220
kobierzyn 46221
krol 46221
kety 46221 47141
+y+ 46230
+count 46230
kawa 46299
kreger 46300
katrinka 46304
karger 46307
kinase 46308
kemper 46308
kth 46308
ketone 46308
k=l 46308
kinked 46308
karoline 46312 46780
kalwary 46312 46431
ky 46312 46926
+2 46317
kovarik 46321
k\n 46321
++u 46321
++e 46321
kbriggs 46321
kathryn 46322
k=366 46344
knee 46349 46565 46695
konigsberger 46353
kingberry 46353
kriska 46383
kaim 46383
kilbride 46404
kinberg 46404
kerenkrot 46404
klavžar 46409 47040 47085
kehndel 46431
krieser 46431
krishna 46496
kanwal 46496
krishan 46496
kapashi 46496
kabra 46496
khandelwal 46496
knop 46496
kajal 46496
+3 46533 46761
+5 46533 46761
+9 46533
k++ 46544
kismac 46576
key=de5te4545665r65e4ddhkjdkasiudy753sd 46590
kargs 46599 46761
+n 46599
kilian 46619
krissa 46626
kunnemann 46655
kompozer 46658
klarfeld 46669 46926
kahl 46669
krakow+podgorze 46671
kleinwaks 46671
kicked 46672 46695
kickoff 46674
++cur 46689
kasparov 46694
knuckles 46695
kingfisher 46695
knot 46695 46888 46997
kerb 46695
kindling 46695
knock 46695
kiln 46695
knowed 46695
kneeled 46695
knees 46695
kindness 46695
keener 46695
kingsbere 46695
kerchief 46695
kindled 46695
kneeling 46695
knife 46695
kerseymere 46695
kindle 46695
keenly+ 46695
knelt 46695
kissed 46695
knitting 46695
knives 46695
keats 46695
kisses 46695
kneel 46695
knocked 46695
kettles 46695
kinder 46695
know' 46695
kings' 46695
kettle 46695
kazuo 46700
kleifarvatn 46700
kentucky 46744 46997
kv 46744
+t 46761
+4 46761
+acc 46761
+33 46761
kahale 46765
+0000 46766
keras 46775
karola 46780 46926
kornbrod 46780
khuerth 46877
kortenkamp 46888 46997
kaleidoscopic 46888 46997
köln 46888 46997
köllner 46888 46997
kaleidotile 46888 46997
kali 46888 46997
kat 46909
knowingly 46919
kappa 46919
kronenberg 46926
konstatynow 46926
klarman 46926
kalwaria 46926
katia 46926
klooga 46937
kranzler 46937
kraindel 46937
kathleeng22 46937
kokhva 46937
kaitlin 46943
kloss 46953
kedem 46953
kravets 46953
+++ 46972
knapsack 46978 47151
kmp 46978
kuttal 46983
kari 46997
kurchan 46997
kyrmse 46997
kuiper 46997
koebe's 46997
keane 46997
koichi 46997
kovaka 46997
kostant 46997
kerry 46997
kobe 46997
kabon 46997
kato 46997
kobon 46997
kadon 46997
kakeya 46997
kellner 46997
kenyon 46997
kleinian 46997
knotology 46997
knotplot 46997
kolountzakis 46997
kummer's 46997
kurschak's 46997
kurschak 46997
koning 46997
knotwork 46997
kapovich 46997
kicking 46997
khibnik 46997
kokichi 46997
knotted 46997
kaleidoscopes 46997
khalad 46997
knitwear 46997
koszeniew 47028
kolomya 47028
kleines 47028
kazakhstan 47028
kindler 47028 47106
kreidel 47028
kitaj 47028
kolmogorov 47053
krowodrza 47061
kassner 47061
kerbel 47061
kreiswirth 47063
kahlman 47063
kreiswirth's 47063
kreizwirth 47063
+girl 47063
+naftali 47063
+yitta 47063
kallech 47063
+yitzchok 47063
+tzvi 47063
+samuel 47063
kris 47066
kruthika 47066
kompella 47066
+=========================+===================================================+ 47077
kirsty 47079
+1200 47083
kathrin 47085
kshitij 47085
knauer 47085
kira 47085
kittelson 47089
kam 47089
kalantar 47089
kitsuregawa 47090
kahului 47090
kenty 47128
keyla 47141
kamionka 47141
kearns 47151
