loser 36064 36067 36085 36090 36111 36127 36137 36147 36222 36239 36255 36265 36332 36340 36368 36373 36392 36405 36414 36432 36449 36450 36472 36502 36531 36609 36666 36680 36715 36723 36734 36814 36817 36853 36876 36889 36900 36904 36936 36978 36997 37006 37036 37055 37103 37115 37121 37164 37184 37215 37249 37266 37385 37449 37466 37480 37523 37535 37540 37572 37597 37604 37622 37624 37633 37648 37656 37694 37713 37730 37772 37774 37806 37855 37861 37885 37903 37964 37966 37996 38004 38018 38095 38131 38172 38175 38243 38290 38292 38311 38332 38372 38387 38455 38482 38487 38492 38499 38542 38548 38554 38584 38630 38655 38656 38662 38681 38688 38715 38761 38810
lueker 36066 36521 36957 37299 38005 38493
limit 36067 36149 36222 36471 36546 36719 36847 36883 36927 37111 37218 37233 37327 37384 37619 37656 37658 37698 37723 37765 37886 38069 38143 38286 38372 38533 38619
least 36068 36098 36176 36210 36223 36290 36309 36310 36348 36393 36402 36437 36455 36460 36471 36475 36487 36519 36522 36532 36636 36719 36730 36739 36747 36755 36771 36795 36807 36847 36848 36862 36883 36884 36891 36894 36906 36917 36926 36927 36931 36933 37019 37020 37047 37094 37106 37111 37120 37133 37135 37154 37165 37183 37213 37227 37233 37235 37238 37279 37313 37327 37368 37380 37399 37401 37469 37538 37549 37574 37580 37581 37619 37657 37658 37721 37723 37744 37762 37784 37789 37791 37813 37832 37877 37894 37913 37926 37959 37974 37990 38005 38084 38111 38143 38193 38266 38281 38282 38288 38377 38413 38419 38533 38539 38621 38680 38701 38718 38739 38746 38755 38756 38769 38794
locally 36068 36092 36847 36883 36958 37083 37183 37386 37399 37428 37538 37820 37882 37921 38213 38349 38410 38460 38488 38635
lower 36068 36117 36122 36176 36245 36271 36310 36412 36471 36474 36475 36481 36519 36644 36665 36703 36719 36724 36739 36794 36795 36802 36809 36847 36883 36905 36927 36954 37111 37116 37120 37133 37281 37299 37313 37399 37435 37469 37520 37525 37538 37543 37558 37570 37623 37744 37789 37882 37926 37939 37976 38005 38055 38250 38281 38334 38413 38419 38472 38490 38539 38635 38756 38767 38794 38811 38817
listing 36070 36103 36141 36152 36176 36186 36189 36259 36273 36279 36297 36299 36322 36329 36336 36357 36403 36412 36424 36437 36458 36468 36474 36475 36480 36494 36505 36539 36548 36608 36627 36732 36749 36759 36773 36791 36801 36811 36831 36883 36898 36909 36927 36992 37047 37100 37114 37188 37241 37278 37301 37305 37313 37332 37349 37422 37470 37516 37520 37529 37539 37558 37581 37588 37600 37662 37707 37741 37819 37866 37876 37920 37941 37943 37955 37974 38005 38023 38052 38057 38085 38093 38110 38123 38137 38184 38233 38286 38288 38289 38306 38314 38335 38398 38404 38410 38417 38424 38452 38483 38535 38539 38612 38620 38670 38714 38732 38794 38820 38824
laptop 36070 36106 36143 36152 36200 36211 36213 36217 36227 36231 36235 36240 36268 36276 36320 36326 36338 36348 36350 36381 36390 36415 36430 36455 36467 36487 36517 36527 36529 36566 36605 36621 36623 36632 36637 36674 36677 36731 36743 36757 36760 36771 36790 36793 36813 36890 36894 36902 36906 36937 36945 36987 36988 36993 37005 37023 37026 37065 37069 37087 37134 37161 37182 37199 37243 37248 37269 37284 37292 37333 37352 37360 37421 37428 37431 37464 37468 37486 37503 37505 37520 37521 37564 37566 37582 37596 37627 37644 37659 37715 37735 37736 37750 37758 37781 37818 37846 37852 37907 37924 37929 37961 37969 37992 38022 38039 38074 38080 38090 38104 38139 38159 38176 38241 38253 38264 38287 38351 38360 38365 38376 38396 38429 38437 38456 38498 38511 38522 38530 38583 38618 38619 38631 38651 38673 38709 38711 38735 38737 38763 38770 38780 38788 38803
life 36070 36106 36143 36152 36188 36200 36211 36213 36217 36227 36229 36231 36235 36240 36268 36276 36302 36310 36320 36326 36338 36348 36350 36381 36390 36393 36402 36415 36430 36455 36458 36460 36467 36487 36517 36527 36529 36561 36566 36605 36621 36623 36637 36674 36677 36719 36731 36743 36757 36760 36771 36790 36793 36813 36883 36890 36894 36902 36906 36927 36937 36945 36968 36987 36988 36993 37005 37016 37023 37026 37065 37069 37087 37120 37134 37161 37165 37182 37183 37199 37210 37243 37248 37265 37269 37284 37292 37333 37339 37352 37360 37380 37421 37422 37428 37429 37431 37464 37468 37486 37503 37505 37521 37530 37564 37566 37582 37596 37627 37644 37659 37715 37735 37736 37750 37758 37781 37789 37801 37818 37846 37852 37924 37926 37929 37961 37969 37990 37992 38005 38022 38039 38074 38080 38090 38111 38139 38159 38176 38193 38241 38253 38264 38280 38287 38351 38360 38365 38376 38396 38413 38429 38437 38456 38488 38498 38511 38522 38530 38564 38583 38618 38619 38631 38651 38665 38673 38701 38709 38711 38735 38737 38756 38770 38780 38788 38803 38817
leadership 36070 36106 36143 36152 36200 36211 36213 36217 36227 36231 36235 36240 36242 36268 36276 36320 36326 36328 36338 36348 36350 36381 36390 36415 36430 36455 36460 36467 36487 36517 36527 36529 36566 36605 36621 36623 36637 36649 36674 36677 36731 36743 36757 36760 36771 36790 36793 36813 36890 36894 36902 36906 36937 36945 36987 36988 36993 37005 37023 37026 37065 37069 37087 37134 37161 37165 37182 37199 37243 37248 37269 37284 37292 37333 37352 37360 37421 37428 37431 37464 37468 37486 37503 37505 37521 37564 37566 37582 37596 37627 37644 37659 37715 37727 37735 37736 37750 37758 37781 37818 37846 37852 37884 37924 37929 37961 37969 37992 38022 38039 38074 38080 38090 38139 38159 38176 38241 38253 38264 38287 38351 38360 38365 38376 38396 38429 38437 38456 38498 38511 38522 38530 38583 38618 38619 38621 38631 38651 38673 38709 38711 38735 38737 38756 38770 38780 38788 38803
listings 36070 36152 36241 36943 38535 38615
list 36070 36087 36092 36106 36116 36122 36131 36152 36200 36217 36223 36232 36235 36241 36242 36279 36289 36290 36298 36302 36310 36343 36344 36351 36372 36380 36402 36404 36412 36424 36437 36458 36463 36471 36474 36475 36481 36496 36537 36545 36571 36594 36611 36617 36627 36636 36644 36672 36676 36730 36732 36758 36763 36783 36802 36813 36877 36880 36883 36891 36905 36913 36927 36963 36965 36989 37007 37013 37016 37020 37039 37041 37071 37111 37112 37139 37154 37165 37201 37222 37248 37253 37260 37301 37313 37320 37338 37356 37357 37380 37393 37399 37422 37425 37431 37433 37438 37455 37458 37497 37511 37520 37525 37530 37538 37543 37546 37551 37558 37580 37581 37590 37592 37619 37637 37705 37715 37723 37744 37749 37775 37789 37790 37796 37800 37813 37815 37831 37832 37850 37877 37886 37897 37907 37913 37914 37926 37931 37953 37963 37974 37979 37990 38032 38034 38041 38059 38078 38084 38105 38107 38159 38160 38213 38224 38250 38274 38278 38279 38286 38287 38297 38306 38317 38334 38348 38349 38350 38354 38377 38408 38410 38413 38419 38427 38457 38465 38472 38490 38533 38535 38539 38553 38570 38578 38616 38621 38638 38651 38653 38671 38683 38696 38708 38718 38755 38756 38763 38766 38783 38794 38801 38806 38808 38825
level 36070 36092 36112 36118 36142 36152 36176 36177 36207 36257 36279 36289 36402 36424 36441 36471 36523 36545 36625 36644 36652 36719 36726 36730 36735 36739 36743 36748 36847 36883 36905 36923 36925 36927 36943 36945 36950 36979 37016 37017 37020 37067 37111 37134 37159 37177 37210 37233 37281 37357 37368 37386 37399 37409 37422 37455 37479 37501 37563 37564 37623 37659 37660 37688 37723 37748 37789 37813 37832 37851 37864 37882 37907 37926 37939 37959 37974 38005 38019 38022 38049 38090 38111 38158 38187 38193 38250 38280 38286 38410 38427 38429 38443 38488 38490 38513 38652 38763 38767 38775 38783 38794
lab 36070 36081 36106 36116 36143 36152 36192 36200 36211 36213 36217 36223 36227 36231 36235 36240 36268 36271 36276 36290 36320 36326 36338 36342 36348 36350 36379 36381 36390 36412 36415 36430 36437 36455 36458 36460 36467 36474 36481 36487 36495 36517 36524 36527 36529 36542 36545 36561 36566 36605 36617 36621 36623 36632 36636 36637 36674 36677 36716 36719 36730 36731 36743 36755 36757 36760 36771 36783 36790 36793 36795 36813 36841 36851 36890 36894 36902 36906 36920 36937 36945 36948 36987 36988 36993 37000 37005 37023 37026 37039 37041 37065 37069 37087 37134 37161 37165 37182 37199 37233 37238 37243 37248 37269 37284 37292 37308 37320 37329 37333 37343 37352 37356 37357 37360 37370 37386 37421 37428 37431 37464 37468 37469 37486 37503 37505 37520 37521 37530 37543 37558 37564 37566 37581 37582 37596 37623 37627 37644 37659 37661 37684 37715 37735 37736 37744 37750 37755 37758 37762 37781 37784 37789 37791 37813 37818 37824 37832 37846 37852 37877 37921 37924 37926 37929 37942 37961 37969 37992 37999 38005 38022 38034 38039 38055 38074 38080 38090 38104 38105 38116 38128 38136 38139 38159 38176 38193 38199 38241 38253 38264 38281 38284 38287 38321 38334 38350 38351 38360 38365 38376 38396 38410 38419 38429 38437 38456 38460 38465 38485 38490 38495 38498 38511 38522 38527 38530 38539 38550 38583 38618 38619 38631 38635 38644 38651 38664 38673 38680 38709 38711 38718 38735 38737 38756 38770 38780 38788 38803
like 36079 36106 36143 36176 36182 36183 36188 36211 36217 36223 36231 36232 36241 36289 36302 36309 36310 36336 36343 36348 36390 36402 36412 36424 36437 36455 36458 36474 36481 36482 36519 36522 36527 36546 36571 36594 36605 36617 36623 36719 36730 36732 36739 36743 36793 36802 36835 36842 36847 36866 36877 36880 36883 36891 36894 36897 36905 36906 36916 36927 36931 36945 36950 36954 36958 36987 36989 37013 37016 37019 37020 37023 37039 37047 37060 37065 37087 37111 37133 37154 37169 37183 37199 37213 37222 37233 37236 37248 37265 37269 37320 37352 37368 37380 37384 37393 37403 37422 37431 37457 37469 37503 37520 37521 37525 37538 37549 37558 37564 37581 37582 37587 37592 37596 37605 37619 37623 37626 37635 37637 37644 37658 37683 37688 37705 37717 37721 37723 37744 37784 37789 37800 37801 37813 37832 37863 37877 37882 37884 37894 37907 37926 37959 37974 37990 38005 38032 38055 38072 38084 38090 38114 38116 38136 38139 38143 38158 38160 38193 38268 38278 38280 38281 38286 38287 38288 38295 38334 38349 38351 38376 38412 38413 38465 38472 38490 38511 38533 38535 38539 38541 38544 38564 38570 38583 38631 38683 38718 38763 38770 38771 38783 38804 38812
lay 36079 36783 37045
looking 36079 36109 36143 36211 36242 36310 36412 36430 36471 36474 36495 36522 36617 36627 36677 36719 36730 36739 36862 36877 36894 36906 36913 36917 37019 37039 37065 37111 37116 37233 37320 37333 37342 37352 37365 37421 37503 37511 37520 37538 37558 37593 37605 37644 37653 37705 37723 37744 37813 37863 37882 37894 37926 38143 38193 38349 38351 38413 38472 38507 38511 38539 38619
lip 36080 37187 37717
l1 36082 36134 36157 36194 36228 36334 36492 36580 36600 36667 36767 36803 36883 36990 37057 37093 37108 37137 37315 37423 37424 37474 37554 37672 37701 37985 38348 38494 38571 38635 38773 38813
l2 36082 36131 36157 36194 36228 36334 36492 36580 36600 36667 36767 36803 36990 37057 37093 37108 37137 37315 37423 37424 37474 37554 37672 37701 37985 38348 38494 38571 38773 38813
l 36082 36087 36103 36157 36194 36200 36228 36235 36257 36310 36322 36334 36380 36403 36492 36539 36563 36580 36600 36667 36707 36748 36767 36807 36813 36822 36931 36963 36990 37057 37093 37108 37111 37113 37125 37133 37137 37253 37302 37315 37423 37424 37455 37474 37511 37554 37580 37601 37609 37629 37662 37672 37688 37701 37715 37741 37891 37907 37941 37959 37985 38016 38023 38032 38044 38076 38084 38085 38093 38110 38114 38142 38143 38233 38263 38277 38283 38286 38306 38334 38397 38443 38452 38488 38494 38507 38571 38696 38714 38716 38773 38813 38820 38831
line 36082 36087 36093 36131 36134 36147 36157 36170 36194 36210 36223 36228 36236 36242 36254 36289 36290 36310 36323 36334 36343 36360 36380 36393 36402 36457 36458 36471 36474 36478 36492 36495 36519 36521 36526 36537 36580 36600 36605 36617 36621 36644 36667 36676 36719 36722 36730 36732 36739 36755 36763 36767 36783 36794 36803 36807 36808 36822 36842 36847 36869 36883 36897 36905 36913 36927 36933 36943 36945 36954 36990 37007 37020 37057 37066 37071 37083 37093 37099 37108 37111 37113 37128 37137 37169 37183 37213 37229 37233 37235 37253 37263 37281 37286 37315 37355 37368 37380 37386 37399 37404 37413 37423 37424 37425 37460 37466 37474 37520 37538 37544 37551 37554 37597 37601 37628 37658 37669 37672 37678 37684 37688 37701 37744 37757 37762 37768 37789 37790 37813 37827 37832 37888 37891 37894 37897 37907 37913 37914 37921 37931 37976 37985 37992 38005 38016 38040 38053 38055 38134 38136 38143 38148 38178 38187 38250 38266 38268 38277 38278 38279 38281 38286 38288 38311 38320 38334 38348 38350 38378 38407 38412 38413 38419 38460 38472 38488 38490 38494 38533 38539 38546 38571 38680 38683 38696 38703 38716 38718 38746 38763 38766 38773 38800 38813 38817 38818
lowell 36084 36480 37299
loffler 36084
license 36087 36093 36131 36478 36495 36524 36537 36644 36676 36722 36739 36755 36763 36897 36954 37007 37020 37083 37099 37113 37236 37253 37263 37286 37325 37386 37544 37549 37551 37590 37628 37678 37721 37757 37768 37775 37790 37800 37831 37888 37891 37897 37914 37921 37931 37979 38040 38148 38187 38277 38279 38286 38306 38348 38378 38407 38460 38680 38703 38716 38766 38818
local 36087 36092 36093 36106 36131 36188 36329 36336 36460 36471 36473 36478 36495 36537 36563 36571 36601 36644 36662 36672 36676 36697 36722 36755 36763 36835 36847 36883 36897 36927 36945 36958 36965 37007 37020 37023 37024 37031 37083 37099 37111 37113 37153 37165 37213 37253 37260 37263 37286 37352 37360 37380 37386 37399 37439 37476 37538 37544 37551 37565 37567 37609 37614 37628 37635 37658 37670 37678 37749 37757 37768 37790 37815 37820 37888 37891 37897 37907 37913 37914 37921 37931 37950 37976 37992 38005 38033 38040 38044 38059 38111 38148 38187 38224 38277 38279 38286 38288 38306 38330 38348 38349 38351 38359 38378 38407 38409 38410 38413 38441 38460 38472 38488 38490 38583 38619 38631 38658 38680 38703 38716 38756 38766 38771 38783 38818 38831
liop 36087 36093 36131 36478 36495 36537 36644 36676 36722 36755 36763 36897 37007 37020 37083 37099 37113 37253 37263 37286 37386 37544 37551 37628 37678 37757 37768 37790 37888 37891 37897 37914 37921 37931 38040 38148 38187 38277 38279 38348 38378 38407 38460 38680 38703 38716 38766 38818
links 36087 36106 36132 36152 36188 36211 36217 36231 36251 36268 36310 36315 36342 36402 36412 36437 36458 36471 36474 36521 36566 36623 36636 36662 36672 36731 36732 36743 36802 36847 36848 36862 36894 36913 36925 36945 36950 36988 37007 37017 37149 37201 37222 37242 37253 37320 37338 37377 37422 37469 37498 37520 37558 37563 37564 37567 37581 37602 37609 37684 37749 37796 37801 37815 37824 37907 37926 37939 37953 37959 38069 38090 38159 38160 38193 38213 38278 38295 38297 38359 38376 38410 38419 38441 38457 38465 38476 38488 38490 38521 38539 38638 38663 38711 38766 38808
loop 36092 36159 36232 36271 36289 36343 36627 36730 36808 36847 36905 36927 37016 37041 37111 37213 37260 37380 37522 37538 37563 37585 37605 37629 37688 37867 37907 37990 38005 38084 38349 38419 38533 38608 38635 38771
lexical 36092 36730 38306
last 36092 36103 36106 36107 36122 36130 36141 36168 36176 36186 36188 36189 36217 36223 36232 36239 36241 36242 36251 36259 36272 36273 36297 36299 36302 36310 36316 36322 36341 36342 36343 36357 36379 36381 36403 36430 36453 36457 36460 36468 36471 36475 36480 36496 36505 36527 36539 36545 36548 36571 36572 36601 36608 36617 36627 36649 36652 36701 36718 36719 36724 36731 36732 36736 36739 36749 36773 36783 36785 36789 36791 36801 36802 36809 36811 36829 36831 36841 36847 36862 36873 36891 36898 36909 36917 36923 36926 36927 36933 36945 36963 36989 36992 37016 37019 37089 37094 37100 37133 37139 37142 37149 37160 37165 37185 37188 37210 37241 37265 37278 37279 37284 37313 37325 37329 37332 37339 37349 37357 37365 37368 37421 37422 37425 37428 37435 37455 37469 37470 37501 37516 37520 37538 37539 37543 37556 37588 37598 37600 37601 37605 37619 37623 37640 37644 37658 37662 37683 37684 37688 37707 37723 37729 37735 37739 37741 37744 37758 37762 37789 37800 37819 37862 37866 37868 37876 37884 37894 37907 37920 37941 37943 37953 37955 37963 38005 38023 38041 38052 38057 38059 38065 38072 38080 38084 38085 38093 38107 38110 38111 38137 38139 38158 38184 38193 38219 38233 38250 38271 38286 38288 38289 38306 38314 38334 38350 38354 38359 38376 38398 38404 38410 38412 38417 38419 38441 38452 38472 38483 38490 38493 38505 38507 38521 38527 38539 38553 38612 38616 38620 38638 38651 38653 38663 38670 38671 38706 38714 38718 38732 38746 38756 38769 38783 38794 38817 38820 38824
library 36093 36166 36188 36223 36241 36404 36463 36471 36495 36526 36542 36719 36730 36732 36739 36755 36818 36835 36847 36862 36877 36905 36989 37097 37111 37124 37154 37213 37260 37357 37380 37386 37403 37455 37469 37538 37543 37580 37605 37658 37688 37689 37725 37757 37762 37789 37791 37813 37888 37921 37926 38032 38059 38114 38193 38349 38413 38460 38488 38631 38680 38683 38755 38771 38808
logistic 36094 37913 38348 38796
later 36098 36112 36176 36188 36223 36227 36310 36343 36412 36424 36460 36471 36474 36522 36527 36617 36627 36677 36718 36719 36730 36731 36739 36783 36807 36862 36883 36894 36954 36957 36965 37039 37047 37111 37133 37149 37154 37159 37160 37165 37183 37191 37213 37233 37260 37380 37393 37413 37425 37469 37497 37521 37538 37558 37605 37623 37635 37658 37688 37705 37721 37723 37744 37789 37800 37820 37863 37877 37882 37894 37913 37926 38033 38055 38090 38193 38286 38288 38334 38410 38413 38419 38427 38465 38472 38533 38756 38763 38769 38771 38783
let 36098 36143 36182 36223 36289 36310 36343 36402 36412 36424 36437 36457 36458 36474 36475 36522 36566 36617 36627 36694 36718 36739 36802 36807 36847 36862 36883 36891 36894 36905 36923 36926 36927 37016 37019 37045 37133 37154 37183 37213 37233 37265 37313 37320 37356 37368 37380 37384 37393 37421 37425 37458 37469 37511 37520 37525 37538 37545 37558 37581 37623 37658 37688 37697 37723 37744 37789 37886 37907 37922 37926 37948 37990 38084 38143 38153 38187 38193 38287 38288 38295 38334 38350 38419 38441 38462 38465 38472 38490 38539 38577 38578 38652 38663 38739 38771 38794 38808
leads 36098 36310 36343 36522 36732 36805 36883 36891 36961 37047 37142 37182 37213 37380 37384 37421 37476 37658 37723 37882 37926 37990 38005 38139 38193 38280 38354 38533 38635
leaves 36098 36134 36424 36741 36883 36927 36980 37157 37183 37209 37233 37399 37538 37723 38005 38113 38288 38312 38328 38334 38454 38490 38507 38783
location 36101 36106 36109 36112 36188 36242 36266 36310 36393 36460 36611 36662 36663 36732 36756 36794 36835 36933 36945 36954 37067 37105 37118 37165 37168 37260 37380 37413 37422 37425 37469 37476 37530 37564 37601 37605 37635 37658 37688 37721 37723 37762 37775 37793 37800 37832 37882 37907 37939 37976 37990 38005 38055 38059 38069 38178 38274 38410 38413 38472 38490 38616 38754 38756 38824
lipman 36103 36480 36749 36898 37201 37943 38052 38057 38184 38233 38314
london 36103 36310 36322 36403 36678 36739 36880 37200 37241 37332 37352 37399 37662 37707 37819 37941 37955 37958 38023 38090 38093 38208 38268 38289 38314 38351 38431 38483 38488
lillian 36103 36310 36539 37265 37876 37941 38085 38233 38452
louis+sarah 36103
las 36103 36563 36775 36883 37755 38005 38233 38758
lois 36103
lena 36103 36310 36539 37741 38452
levine 36103 36310 36348 37139 37357 37476
louis 36103 36273 36310 36322 36403 36505 36539 36563 36701 36992 37067 37349 37741 38057 38085 38093 38233 38417 38452 38488 38714
laura 36103 36143 36189 36322 36403 36505 36539 36749 36791 37061 37188 37241 37278 37662 37707 37955 38023 38073 38093 38137 38417
larner 36103
lerner 36103 36310 36357 36539 37201 37739 37866 38093 38137 38488
levenson 36103
los 36103 36107 36168 36242 36315 36336 36348 36403 36539 36719 36864 36883 36894 36927 36943 37023 37269 37352 37380 37399 37415 37625 37662 37736 37741 37796 37876 38005 38057 38059 38090 38093 38114 38176 38233 38239 38314 38351 38452 38488 38820
liwaser 36103
leon 36103 36189 36310 36322 36357 36403 36480 36505 36539 36567 36791 36992 37100 37241 37349 37516 37539 37600 37662 37866 37876 37895 37941 38023 38085 38093 38110 38184 38233 38289 38398 38417 38483 38620 38732 38796 38820
lea 36103 36189 36273 36310 36322 36357 36403 36468 36480 36505 36548 36749 36773 36791 36801 36831 37100 37201 37278 37332 37349 37516 37600 37662 37819 37862 37866 37955 38023 38057 38085 38093 38110 38137 38184 38233 38286 38289 38314 38398 38404 38417 38452 38620 38670 38714 38732 38820
lobel 36103 36141 36186 36189 36273 36299 36357 36403 36480 36539 36608 36749 36773 36791 36909 37201 37278 37332 37600 37707 37866 37941 38023 38093 38110 38184 38233 38289 38620 38732 38820
leie 36103 36548 37332 37819 37866 38184 38452 38820
leopold 36103 36141 36186 36189 36322 36357 36403 36749 36791 37278 37707 37866 37941 38085 38110 38137 38233 38820
landau 36103 36259 36273 36322 36357 36403 36539 36749 36791 36898 37201 37241 37279 37332 37349 37662 37707 37941 37955 38023 38085 38093 38110 38184 38417 38483 38820
lemar 36103
liberty 36103 36458 36480 37789
lieba 36103 36322 36357 36403 37278 37470 37862 37866 37955 38057 38093 38137 38289 38398 38417 38483
laja 36103 36259 36299 36403 36468 36480 36505 36539 36548 36898 37241 37332 37349 37516 37539 37741 37943 37955 38110 38137 38233 38404 38417 38670 38732
laufer 36103 36357 36403 36468 37278 37600 38289 38620
lazar 36103 36186 36189 36310 36322 36357 36403 36505 36539 36608 36749 36791 36831 37100 37201 37278 37332 37349 37516 37539 37588 37600 37662 37819 37866 38085 38093 38137 38184 38289 38398 38417 38714 38820
lewis 36103 36273 36310 36458 37188 37241 37941 38078 38093 38404 38488 38714
lubeck 36103
lentzer 36103
levy 36103 36310 36802 37278 37741 37876 38057 38085 38114 38314 38488 38714
lynn 36103 36144 36322 36379 36539 36945 37299 37812 38023
lee 36103 36106 36116 36269 36322 36355 36385 36539 36566 36612 36619 36719 36739 36835 36908 36913 36993 36996 37017 37355 37520 37662 37734 37813 37835 38087 38213 38346 38449 38452 38488 38577 38591 38633 38787 38811
louise 36103 36186 36310 36322 37073 37295 37662 37741 38093
lori 36103 36168 38110
lapaglia 36103
leib 36103 36141 36186 36189 36259 36299 36310 36322 36357 36403 36468 36480 36505 36539 36548 36572 36608 36773 36791 36801 36898 37188 37278 37332 37349 37516 37539 37600 37662 37707 37819 37866 37876 37920 37943 37955 38023 38093 38110 38137 38184 38233 38289 38314 38398 38404 38417 38452 38612 38670 38714 38732 38769 38820
leizer 36103 36297 36322 36357 36505 37100 37201 37516 38093 38732
lottie 36103 36539 36773
lederer 36103
lyn 36103
liebling 36103 36791
“ 36106 36143 36152 36191 36217 36227 36231 36338 36381 36415 36430 36455 36471 36517 36527 36605 36623 36637 36649 36677 36731 36743 36760 36771 36790 36793 36847 36890 36894 36902 36906 36945 36993 37023 37026 37087 37134 37139 37182 37199 37248 37292 37327 37333 37352 37421 37428 37469 37503 37521 37526 37530 37564 37566 37582 37596 37627 37644 37659 37703 37735 37750 37818 37929 37961 37969 37992 38022 38074 38080 38090 38143 38176 38241 38264 38284 38287 38351 38360 38365 38376 38419 38456 38490 38498 38511 38522 38583 38619 38631 38651 38673 38680 38702 38711 38735 38767 38770 38803
linkedin 36106 36841 37174 37524 37606 38413
leader 36106 36894 37026 37320 37421 38019 38241 38583
lucero 36106
latest 36106 36143 36223 36649 36739 36927 36945 36954 37292 37325 37413 37503 37566 37721 37744 37784 37789 37877 37884 37907 37913 38139 38213 38278 38334 38419 38456 38553 38619 38696
labanieh 36106
less 36106 36176 36343 36380 36404 36412 36424 36437 36474 36503 36522 36527 36617 36621 36627 36719 36730 36739 36783 36794 36809 36883 36891 36905 36927 36945 36965 36994 37111 37118 37133 37142 37154 37183 37213 37233 37258 37320 37368 37455 37457 37469 37530 37538 37558 37581 37605 37623 37643 37688 37723 37744 37789 37832 37877 37882 37894 37926 37990 38055 38139 38143 38193 38253 38300 38306 38312 38334 38350 38410 38413 38419 38462 38472 38530 38539 38570 38619 38635 38754 38764 38771 38812
land 36106 36424 36430 36861 37210 37236 37476 37813 38253 38280 38334 38531 38540 38619
lets 36106 37039 37320 37538 37907 38278 38286 38419 38490 38511 38763
lu 36106 36563 36566 36605 36735 36835 37284 38059 38488
law 36106 36241 36336 36372 36420 36424 36538 36880 36906 36989 37024 37039 37236 37239 37431 37530 37549 37566 37619 37913 37959 38005 38022 38090 38111 38286 38317 38488 38701 38767 38769 38796
liu 36106 36316 36566 36835 36841 36847 37520 37543 38005 38488 38835
landmarks 36106 36381
landscape 36106 37813 38045 38090
live 36106 36125 36302 36310 36315 36802 36862 36873 37065 37248 37265 37279 37380 37582 37658 37998 38034 38090 38306 38441 38522 38535 38564 38784
| 36106 36152 36175 36191 36200 36211 36217 36230 36231 36235 36242 36244 36254 36267 36268 36279 36289 36298 36309 36310 36342 36343 36352 36379 36393 36460 36479 36496 36542 36566 36611 36623 36627 36649 36662 36726 36730 36731 36732 36736 36739 36743 36789 36813 36829 36842 36848 36891 36894 36918 36921 36931 36945 36950 36954 36958 36963 36988 37019 37020 37024 37041 37085 37094 37111 37112 37120 37126 37133 37139 37154 37160 37165 37169 37183 37194 37230 37233 37237 37242 37258 37260 37296 37325 37329 37338 37384 37422 37429 37433 37438 37443 37455 37497 37525 37533 37562 37564 37567 37592 37602 37614 37657 37658 37668 37669 37688 37715 37723 37749 37784 37790 37791 37800 37815 37824 37868 37873 37877 37884 37953 37978 37990 38063 38065 38066 38069 38077 38079 38090 38091 38153 38159 38205 38224 38248 38267 38274 38286 38288 38295 38300 38304 38306 38309 38312 38313 38330 38348 38366 38376 38408 38409 38413 38433 38465 38485 38533 38546 38561 38603 38653 38658 38671 38701 38704 38706 38725 38746 38755 38756 38763 38780 38790 38796 38806
languages 36107 36176 36289 36290 36380 36402 36412 36424 36437 36458 36474 36481 36517 36567 36622 36662 36708 36730 36732 36735 36739 36743 36847 36880 36883 36927 37019 37139 37393 37558 37565 37581 37637 37658 37669 37737 37784 37882 38005 38224 38287 38306 38313 38413 38488 38533 38539 38615 38652 38711
linked 36107 36310 36621 36719 36739 36759 37111 37114 37142 37201 37658 37723 37800 37801 37913 37926 37978 38084 38123 38160 38268 38278 38335 38413 38490 38533 38756
limited 36107 36168 36188 36303 36310 36343 36471 36487 36697 36719 36732 36739 37047 37118 37154 37159 37239 37299 37320 37368 37427 37635 37796 37882 37884 37926 38005 38193 38306 38354 38377 38410 38472 38488 38490 38533 38755
levels 36107 36128 36142 36161 36176 36188 36200 36235 36279 36289 36290 36348 36415 36417 36424 36430 36511 36524 36590 36616 36618 36619 36695 36719 36732 36741 36748 36813 36852 36922 36945 36950 36983 36996 37032 37050 37067 37111 37125 37139 37210 37233 37273 37335 37357 37368 37428 37441 37463 37506 37534 37565 37566 37623 37635 37715 37717 37796 37811 37846 37850 37882 37883 37908 38014 38019 38076 38121 38142 38189 38193 38194 38213 38242 38250 38259 38283 38346 38360 38364 38368 38410 38435 38443 38477 38488 38535 38543 38590 38597 38605 38660 38698 38721 38746 38775 38787
< 36109 36130 36131 36143 36166 36168 36173 36197 36227 36276 36310 36320 36323 36338 36343 36377 36381 36390 36415 36430 36438 36455 36457 36493 36517 36527 36529 36571 36605 36627 36636 36637 36644 36674 36677 36730 36732 36739 36755 36758 36760 36764 36771 36790 36793 36802 36825 36862 36869 36877 36890 36902 36906 36917 36923 36927 36965 36993 37019 37087 37111 37116 37133 37134 37142 37182 37183 37199 37213 37265 37269 37292 37333 37352 37357 37360 37368 37421 37422 37428 37464 37486 37501 37503 37505 37521 37525 37538 37562 37563 37566 37580 37582 37596 37605 37627 37629 37635 37644 37658 37659 37678 37688 37729 37735 37737 37739 37750 37781 37818 37864 37897 37907 37914 37921 37926 37931 37948 37953 37961 37963 37969 37981 37992 38016 38022 38032 38034 38055 38074 38080 38105 38107 38114 38153 38158 38176 38240 38241 38253 38264 38284 38287 38288 38295 38306 38320 38349 38351 38360 38365 38378 38396 38407 38410 38413 38433 38456 38462 38465 38472 38498 38507 38511 38522 38530 38533 38544 38546 38550 38577 38583 38618 38619 38631 38651 38663 38669 38673 38680 38711 38735 38737 38739 38746 38754 38763 38803 38812 38818
light 36109 36140 36315 36424 36490 36605 36610 36623 36741 36757 36894 36927 36945 37085 37120 37142 37160 37213 37236 37363 37549 37644 37680 37775 37813 37926 37970 38055 38114 38287 38360 38367 38490 38552 38674
leveraged 36112
logs 36112 36460 37165 38490 38756
lasantha 36116
lin 36116 36563 36735 36796 36835 37372 37520 37734 37870
lectures 36117 36342 36402 36412 36424 36437 36453 36460 36481 36743 36847 36920 36945 37039 37165 37455 37469 37497 37538 37543 37581 37762 37791 37824 37832 37894 37926 38114 38178 38350 38459 38539 38756
lecture 36117 36134 36188 36191 36242 36267 36271 36289 36298 36342 36344 36380 36393 36412 36437 36453 36458 36460 36471 36474 36479 36481 36494 36522 36561 36567 36611 36627 36641 36665 36731 36735 36783 36847 36883 36891 36905 36935 36939 36977 37031 37041 37061 37112 37116 37126 37133 37154 37165 37169 37211 37213 37229 37235 37356 37368 37399 37438 37455 37462 37469 37476 37520 37529 37530 37538 37543 37558 37581 37605 37668 37669 37670 37688 37705 37749 37762 37784 37791 37829 37832 37868 37894 37926 37939 37976 37990 38005 38033 38219 38274 38286 38287 38288 38312 38350 38413 38419 38462 38465 38472 38476 38490 38533 38539 38601 38615 38616 38635 38696 38704 38756 38770 38783 38800 38803 38806 38817
long 36117 36188 36217 36227 36231 36310 36343 36348 36402 36412 36455 36458 36460 36471 36474 36475 36480 36481 36522 36539 36571 36627 36636 36665 36739 36743 36760 36822 36847 36873 36883 36891 36905 36945 36987 37002 37013 37016 37019 37054 37061 37111 37124 37134 37142 37165 37183 37213 37233 37248 37260 37308 37313 37325 37344 37357 37368 37380 37393 37413 37435 37464 37469 37486 37503 37520 37525 37538 37543 37558 37565 37574 37605 37623 37629 37658 37662 37683 37688 37723 37765 37789 37800 37882 37907 37913 37926 37948 37953 37990 38022 38031 38055 38084 38085 38090 38139 38143 38160 38193 38287 38288 38306 38312 38334 38376 38410 38419 38441 38490 38533 38535 38539 38619 38638 38660 38680 38714 38746 38756 38770 38794 38825
late 36117 36188 36278 36310 36412 36437 36460 36467 36474 36567 36719 36743 36847 36862 36927 36945 36993 37120 37165 37265 37421 37520 37530 37538 37558 37581 37784 37801 37886 37894 37926 37953 38074 38090 38116 38136 38193 38287 38350 38419 38539 38736 38756 38796
lowest 36117 36176 36309 36471 36496 36783 36847 36866 36870 36905 36923 37111 37530 37538 37894 37939 38271 38334 38350 38527 38652 38653 38671 38746
linear 36117 36134 36149 36290 36398 36424 36519 36532 36537 36617 36665 36703 36719 36739 36758 36783 36807 36809 36847 36883 36933 36939 36944 36958 37083 37160 37258 37299 37301 37399 37476 37511 37525 37543 37565 37592 37698 37722 37723 37762 37793 37813 37820 37832 37939 37976 38005 38113 38178 38250 38268 38300 38410 38412 38460 38476 38488 38507 38601 38635 38665 38708 38796 38817
longest 36117 36730 37019 37789
lightning 36118 36318 36525 37623 37748 37892 38133 38755
\lfloor 36122
\theta 36122
lists 36122 36257 36289 36309 36310 36343 36404 36412 36437 36474 36615 36627 36732 36765 36818 36880 36891 36905 36927 37239 37329 37344 37356 37357 37380 37422 37520 37521 37526 37543 37558 37581 37623 37688 37705 37723 37829 37863 37926 37990 37992 38160 38250 38306 38334 38349 38413 38457 38488 38490 38533 38703 38763 38767 38783
\lceil 36122
\text 36122 36755
\rceil 36122
large 36125 36143 36159 36176 36188 36241 36276 36303 36310 36329 36343 36348 36390 36424 36430 36460 36471 36483 36494 36563 36605 36611 36625 36627 36708 36719 36732 36735 36739 36758 36822 36847 36848 36883 36890 36905 36925 36926 36927 36931 36945 36965 36989 37019 37026 37047 37061 37111 37124 37134 37142 37154 37160 37165 37169 37183 37201 37233 37325 37357 37368 37399 37425 37428 37433 37497 37565 37566 37585 37592 37611 37629 37658 37688 37723 37750 37800 37813 37882 37913 37926 37931 37948 37953 37990 37991 37998 38005 38039 38040 38125 38143 38193 38263 38280 38306 38354 38391 38410 38413 38419 38424 38441 38472 38488 38490 38570 38633 38635 38696 38702 38718 38756 38771
left 36128 36176 36188 36232 36310 36343 36381 36406 36415 36522 36527 36617 36627 36719 36730 36739 36794 36807 36809 36862 36873 36883 36929 36948 36954 37019 37032 37111 37149 37183 37210 37233 37260 37279 37281 37333 37365 37368 37396 37399 37413 37422 37425 37503 37530 37538 37545 37592 37605 37658 37680 37688 37723 37744 37800 37864 37882 37922 37948 37953 37992 38040 38055 38090 38143 38148 38156 38206 38241 38247 38250 38288 38319 38413 38472 38490 38507 38522 38533 38635 38696 38718 38722 38754 38815 38824
laguna 36129 36292 36317 36389 36427 36760 37408 37783 38799
lowered 36130
larynx 36132
leukemia 36132
lung 36132 36945
logodds 36132
lattices 36134 36883 37657 38055 38635
lines 36134 36176 36188 36295 36402 36412 36424 36458 36474 36519 36719 36732 36739 36794 36803 36807 36883 36905 36927 36933 36965 37111 37183 37210 37260 37344 37368 37380 37399 37413 37433 37520 37558 37580 37586 37605 37637 37688 37789 37813 37907 37976 38016 38143 38178 38193 38266 38334 38413 38419 38472 38488 38533 38635 38696 38746 38800 38817
löffler 36134 36935 37163 37229 37399 37976 38005 38424
lombardi 36134 36883 37229 37399 38005
lengths 36134 36271 36343 36883 37047 37380 37399 37525 37538 37562 37592 37705 37813 38005 38533 38635
lubiw 36134 36532 37156 37229 37358 37399 38005 38414 38729 38768
lang 36134 36802 37183
larger 36134 36143 36181 36214 36270 36290 36329 36424 36426 36431 36456 36462 36475 36494 36519 36522 36547 36560 36581 36585 36610 36613 36682 36685 36694 36732 36739 36747 36772 36794 36809 36883 36894 36913 36921 37019 37043 37059 37067 37079 37109 37123 37133 37148 37183 37216 37308 37313 37325 37366 37368 37369 37376 37397 37451 37487 37488 37492 37503 37525 37532 37603 37636 37657 37723 37740 37789 37796 37813 37837 37906 37907 37926 37938 37948 37959 37968 38005 38025 38045 38106 38119 38122 38193 38209 38215 38225 38234 38250 38280 38288 38298 38344 38349 38413 38426 38462 38472 38484 38501 38533 38582 38593 38645 38678 38734 38771
legos 36138 38268
labor 36140 36188 36527 37333 38160 38368 38422 38443 38676
leibel 36141 36186 36259 36299 36322 36357 36480 36539 36791 37201 37332 37349 37539 37600 37662 37741 37819 37866 37920 37941 37943 37955 38057 38085 38093 38184 38233 38398 38404 38417 38483 38670 38714 38732 38769 38820
lebel 36141 36403 36773 36898 37201 37278 37539 37876 37955 38820
lobel+debora 36141
ldap 36142
lookup 36142 37380 37723 37959 38412 38472 38488
leach 36142 36242 37422 38306
lumps 36142
lots 36142 36412 36437 36474 36802 36862 37111 37183 37213 37476 37520 37538 37558 37566 37581 37605 37688 37926
lives 36143 36217 36310 36351 36457 36731 36802 36862 37082 37265 37365 37431 37564 37608 37720 37723 37884 37926 37961 38090 38091 38139 38241 38531 38631 38769
leading 36143 36188 36342 36348 36625 36719 36771 36883 36916 36923 36925 36945 37026 37047 37182 37197 37281 37333 37399 37431 37658 37688 37813 37824 37907 37926 38022 38078 38090 38241 38441 38619 38673 38755 38811 38812
learning 36143 36176 36188 36191 36253 36268 36290 36298 36310 36315 36316 36344 36372 36402 36412 36424 36430 36455 36458 36471 36474 36475 36481 36485 36537 36563 36605 36617 36677 36731 36743 36793 36835 36841 36847 36880 36883 36924 36925 36945 37026 37054 37099 37102 37134 37161 37174 37213 37299 37313 37333 37374 37395 37399 37431 37471 37503 37520 37524 37530 37565 37566 37619 37623 37627 37644 37659 37688 37749 37762 37815 37832 37846 37924 37926 37950 37992 38005 38039 38154 38193 38224 38287 38317 38321 38348 38376 38396 38413 38488 38530 38533 38583 38603 38618 38631 38633 38635 38663 38709 38711 38794 38796 38806 38831
likely 36143 36191 36223 36310 36329 36348 36424 36471 36522 36627 36703 36719 36732 36783 36847 36877 36883 36905 37024 37111 37133 37149 37159 37165 37190 37201 37213 37239 37356 37368 37380 37413 37422 37469 37497 37526 37658 37723 37800 37882 37894 37939 37974 38055 38090 38143 38193 38272 38288 38312 38334 38413 38490 38507 38533 38556 38564 38621 38701 38718 38739 38812
leverage 36143 36303 36517 36578 37012 37142 37207 37325 37422 37846 38080 38313 38472
learned 36143 36188 36217 36310 36348 36381 36402 36424 36460 36495 36611 36623 36719 36743 36894 36905 37002 37026 37041 37165 37357 37521 37538 37592 37619 37623 37658 37688 37784 37789 37791 37801 37926 38090 38376 38490 38583 38755 38756 38783 38808 38820
love 36143 36273 36310 36739 36802 36862 36894 36986 37002 37333 37521 37644 37659 37688 37734 37789 37813 38246 38287 38564 38570
lie 36143 36188 36336 36719 36807 36945 37236 37723 37948 38288 38359 38767 38771
loud 36143 36966 37619 38490
labs 36143 36192 36412 36424 36437 36460 36474 36481 36542 36617 36636 36719 36730 36743 36783 36847 36945 37165 37425 37469 37520 37558 37581 37623 37744 37762 37789 37791 37832 37877 37926 38034 38136 38193 38284 38321 38334 38350 38375 38419 38427 38490 38495 38527 38533 38539 38550 38756 38780 38831
launch 36143 36223 36954 37233 37800 38080 38139 38456 38490 38651
ll 36143 36217 36415 36527 36743 37099 37469 37525 37992 38306 38490
lead 36143 36289 36424 36430 36475 36481 36522 36621 36719 36732 36743 36790 36793 36860 36883 36927 36987 36989 37111 37139 37183 37213 37233 37313 37464 37623 37642 37643 37658 37659 37723 37775 37831 37832 37882 37926 37950 37992 38005 38022 38080 38103 38160 38193 38711 38737 38794
lily 36145 37197 37469
lathrop 36151 36471 36563 36656 36847 36884 37174 37243 37524 37993 38039
look 36152 36188 36206 36211 36223 36241 36272 36289 36309 36310 36329 36424 36455 36460 36519 36527 36550 36563 36586 36625 36627 36649 36719 36730 36739 36743 36771 36783 36793 36802 36809 36847 36877 36894 36905 36917 36925 36945 36954 36963 36965 36989 37019 37039 37111 37133 37134 37154 37165 37213 37222 37233 37254 37260 37265 37320 37329 37352 37380 37384 37388 37403 37455 37462 37469 37497 37511 37520 37538 37582 37623 37658 37684 37688 37698 37705 37723 37762 37789 37800 37813 37882 37884 37894 37907 37926 37990 38066 38084 38143 38160 38193 38286 38334 38351 38413 38456 38472 38490 38550 38756 38763 38780 38783
lining 36153 36757
low 36153 36216 36219 36257 36309 36360 36412 36417 36437 36458 36474 36475 36481 36558 36590 36619 36627 36695 36707 36714 36726 36730 36739 36794 36848 36860 36883 36983 36994 36996 37111 37170 37213 37225 37229 37241 37302 37313 37356 37399 37476 37506 37509 37520 37525 37558 37565 37580 37581 37623 37653 37697 37723 37726 37809 37883 37953 38003 38005 38023 38160 38238 38306 38364 38410 38413 38421 38435 38443 38477 38488 38539 38566 38698 38758 38767 38787 38794 38804 38820
lack 36159 36176 36227 36251 36310 36343 36497 36561 36945 36989 37047 37087 37201 37239 37565 37627 37866 37882 38022 38287 38375 38539 38718 38825
lore 36159 36873 37149
language 36159 36176 36188 36232 36242 36253 36257 36276 36289 36290 36307 36310 36343 36348 36393 36402 36412 36421 36424 36460 36474 36481 36496 36545 36567 36568 36571 36621 36624 36677 36708 36730 36735 36736 36739 36848 36880 36927 36945 37019 37047 37102 37111 37139 37154 37159 37165 37174 37277 37296 37357 37393 37399 37422 37433 37469 37477 37501 37503 37524 37538 37626 37627 37658 37688 37729 37784 37789 37791 37801 37813 37829 37832 37882 37894 37907 37926 37990 38111 38193 38213 38224 38278 38287 38288 38410 38413 38419 38441 38472 38488 38533 38539 38621 38653 38671 38680 38706 38756 38767
libraries 36159 36303 36463 36719 36793 36891 36954 37024 37153 37213 37260 37338 37357 37403 37580 37689 37726 37829 37877 37882 37899 37913 37926 38032 38136 38253 38441 38459 38513 38533 38683 38831
loops 36159 36289 36343 36380 36424 36627 36735 36905 36927 37016 37041 37154 37433 37538 37563 37658 37688 37990 38349 38488 38533 38718
leah 36161 36292 36310 36403 36572 36688 37201 37241 37278 37332 38233 38417 38670 38769 38799
ljubljana 36162 36327 38308
lum 36162 36942 36988 37383 37548 37742 38529
logseed 36166
log 36166 36201 36271 36290 36343 36412 36437 36458 36460 36474 36475 36493 36494 36519 36599 36644 36665 36701 36775 36809 36883 36892 37116 37118 37133 37157 37165 37296 37313 37338 37380 37399 37460 37469 37520 37525 37558 37580 37581 37611 37684 37723 37817 37886 37953 38005 38134 38136 38250 38271 38419 38462 38471 38490 38507 38539 38541 38615 38708 38756 38794 38817
lognoseed 36166
lament 36176
leave 36176 36217 36241 36310 36471 36545 36808 36847 36873 36954 36989 37016 37133 37213 37260 37329 37425 37658 37723 37744 37789 37882 37907 37926 38005 38080 38090 38284 38350 38410 38419 38490 38495
lacks 36176 36732 37882 38193 38533
largely 36176 36227 36424 36719 36739 36883 37325 37386 37888 38090
longer 36176 36290 36309 36343 36348 36412 36437 36455 36458 36474 36481 36617 36732 36739 36809 36847 36883 36894 36905 37017 37111 37133 37139 37154 37233 37329 37422 37435 37469 37520 37538 37558 37581 37619 37635 37658 37705 37723 37749 37894 37913 37948 38005 38111 38139 38159 38329 38410 38419 38490 38521 38533 38539 38615 38635 38794 38817
learn 36176 36188 36211 36223 36268 36272 36303 36310 36343 36348 36402 36412 36415 36424 36430 36437 36458 36460 36471 36474 36475 36481 36537 36563 36566 36617 36623 36672 36676 36677 36724 36757 36793 36847 36894 36945 37023 37054 37082 37154 37159 37165 37213 37248 37292 37308 37313 37320 37380 37422 37468 37469 37471 37520 37538 37558 37563 37581 37605 37608 37623 37644 37658 37659 37683 37688 37705 37723 37737 37744 37815 37832 37894 37907 37926 37990 37992 38090 38114 38139 38281 38287 38306 38334 38348 38349 38365 38410 38413 38419 38441 38490 38511 38531 38533 38631 38737 38756 38783 38794 38796
lego 36176 37393 37813 38268
letter 36176 36310 36336 36412 36424 36457 36458 36471 36474 36475 36611 36617 36730 36739 36802 36847 36862 36883 36927 37159 37248 37313 37329 37365 37422 37520 37530 37609 37688 37789 37894 37926 37929 38114 38130 38274 38334 38397 38413 38419 38490 38616 38621 38746 38755 38794
logical 36176 36279 36351 36473 36730 36732 36987 37159 37236 37314 37330 37422 37538 37549 37801 38055 38143 38193 38282 38286 38457 38488 38633 38696 38771
linearly 36176 36883 36927 37399 37921
lighthouse 36177 37008 37555 38096 38426
lubomir 36182
looks 36183 36241 36310 36458 36471 36522 36730 36739 36747 36927 36989 37019 37111 37133 37213 37233 37320 37393 37457 37538 37562 37605 37688 38090 38143 38465 38708 38771 38783
lola 36186 36403 36791 37241 37278 38233
laulicht 36186
lifcze 36186
liwcia 36186
lams 36186
lancut 36186 36357 36403 37279 37332 38093 38714 38769
lili 36186
lwow 36186 36259 36403 36480 36791 36909 36992 37278 37349 37600 37819 37866 37941 37943 37955 38023 38059 38184 38289 38483 38670 38820
leichter 36186 37201 38110
leuchter 36186
liebe 36186 36259 36322 36357 36505 36548 37188 37201 37332 37349 37600 37662 37707 37862 38085 38233 38398 38483 38620 38714
leonora 36186 36357 36791 37516 37866 38023 38417 38620 38732
laboratory 36188 36348 36424 36623 36719 36793 36937 36945 37174 37182 37431 37524 37608 38055 38278 38284 38488
length 36188 36343 36404 36627 36641 36657 36732 36739 36809 36851 36883 36891 36905 36931 36944 37019 37047 37118 37128 37183 37190 37229 37263 37316 37380 37393 37399 37458 37511 37530 37538 37580 37592 37605 37629 37688 37705 37723 37757 37789 37793 37813 37948 37953 38005 38125 38143 38288 38306 38334 38412 38413 38419 38462 38488 38539 38615 38635 38683 38696 38755 38783
likelihood 36188 36191 36495 36644 36719 37047 37099 37280 37592 37969 38334 38603 38756 38796
listed 36188 36223 36295 36310 36322 36336 36342 36393 36412 36437 36460 36474 36487 36566 36730 36735 36818 36847 36862 36913 36927 36989 37047 37154 37165 37201 37320 37332 37357 37368 37425 37497 37520 37558 37581 37592 37619 37688 37762 37813 37824 37849 37894 38055 38268 38287 38288 38413 38490 38495 38513 38535 38539 38577 38651 38703 38746 38756
licensed 36188 37469 37590 37775 37831 37979 38241
listen 36188 36927 37882 38490
largest 36188 36348 36739 36755 36883 36926 36927 36945 37133 37538 37758 38090 38143 38268 38271 38282 38533 38652 38770
laboratories 36188 36719 37357 38488
logically 36188 37236 37422 37549 37801 38354
loss 36188 36537 36739 36906 36927 37024 37210 37233 37253 37368 37913 37926 38348
lucasfilms 36188
legacy 36188 36793 36927 37801 38040 38354 38410
lewy 36189 37278 37662 38184 38620
lustbader 36189 37941
lemler 36189 37201 37955
leona 36189 36259
leibisch 36189 36273 36357 37278 37470 37516 37600 38093 38233
leybel 36189 36259 36357 36831 37188 37201 37349 37707 37955 38052 38057 38093 38184 38404 38670 38820
located 36192 36310 36467 36571 36945 36954 37099 37243 37260 37325 37658 37736 37757 37882 38111 38143 38278 38410 38490 38635 38746
lindsay 36196 36566 36695 37640 37892 38001 38641 38721 38757
\n 36197 36493 36537 36730 37099 37538 37580 37605 37688 37953 38306 38412 38683
leaders 36200 36227 36235 36268 36731 36813 36847 37210 37521 37715 38090 38456
learningbiomedical 36200 37715 37924 38709
lausd2 36205
link 36206 36223 36227 36241 36266 36288 36310 36435 36458 36460 36485 36586 36636 36651 36730 36732 36735 36795 36802 36847 36873 36891 36950 36954 36989 37061 37111 37120 37165 37198 37201 37233 37235 37320 37357 37380 37413 37422 37455 37520 37568 37623 37684 37762 37784 37796 37800 37829 37832 37894 37926 37948 37959 38069 38136 38160 38193 38278 38284 38350 38389 38410 38413 38441 38457 38465 38472 38490 38533 38568 38659 38713 38718 38756 38763 38796 38812 38831
ls35 36207 37441
latex 36210 37590 37635 37775 37831 37979
\newif\ifdraft 36210
\draftfalse 36210
\newcommand 36210 37590 37775 37831 37979 38815
\draftonly 36210
\ifdraft 36210
\fi 36210 37590 37775 37979
\newif\ifpreprint 36210
\preprintfalse 36210
\preprintonly 36210
\ifpreprint 36210
\newif\iftechreport 36210
\techreportfalse 36210
\techreportonly 36210
\iftechreport 36210
\pdftrue 36210
\wwwtrue 36210
\ifpdf 36210
\newif\ifpdf 36210
\pdffalse 36210
\newif\ifwww 36210
\wwwfalse 36210
\com 36210
\small\em\textbf 36210
\em 36210
\emph 36210
\xcite 36210
\lbrack 36210
\rbrack 36210
\else\cite 36210
\note 36210
\todo 36210
\xxx 36210
\referee 36210
\small\em 36210
\textbf 36210
\advice 36210
\outline 36210
\textsc 36210
\itshape 36210
\ignore 36210
\autoref 36210
\mbox'ed 36210
\hbox 36210 37590 37979 38815
linebreaks 36210
\chapterautorefname 36210
\mbox 36210
\sectionautorefname 36210
\subsectionautorefname 36210
\subsubsectionautorefname 36210
\figureautorefname 36210
\subfigureautorefname 36210
\tableautorefname 36210
\appendixautorefname 36210
\itemautorefname 36210
\defterm 36210
\urlbreaks 36210
\file 36210
\begingroup 36210 37590 37979
\def\urlbreaks 36210
\url 36210
\fileext 36210
\texttt 36210 38632
\filefont 36210
\char 36210
\program 36210 36223 37260 37800
\ld 36210
ld 36210 37953
\gcc 36210
\acronym 36210
\lowercase 36210
\tcp 36210
levoratoassociate 36213
learningnetworks 36213
levorato 36213 36542 37134 38039 38831
la 36215 36295 36372 36408 36482 36539 36770 36847 36883 36927 36933 36988 37067 37355 37738 37813 37876 37882 38005 38059 38114 38317 38356 38452 38570
legendary 36217 36731
lecturer 36217 36235 36415 36529 36566 36677 36731 36793 36945 37139 37333 37355 37659 37736 37832 38090 38429 38619 38711 38770
lifetime 36217 36227 36343 36381 37102 37154 37521 37582 37592 38090 38241 38348 38488 38770
little 36217 36223 36251 36310 36330 36343 36424 36460 36471 36475 36522 36563 36627 36628 36719 36739 36743 36802 36847 36878 36905 37035 37111 37118 37127 37154 37165 37169 37183 37271 37313 37334 37380 37520 37605 37635 37640 37658 37683 37688 37723 37741 37784 37789 37812 37813 37816 37827 37876 37894 37926 37953 37969 37990 38084 38130 38160 38193 38268 38281 38288 38312 38338 38413 38465 38472 38488 38546 38564 38570 38594 38631 38680 38746 38756 38794
loksa 36217
linux 36223 36241 36730 36954 36989 37260 37325 37565 37829 37877 37907 37926 38193 38286 38306 38413 38441 38533 38680 38763
\eclipse 36223
logo 36223 36623
leysia 36227 38090 38577
lauds 36227 36649 38090
laurels 36227 36649 38090
logging 36229 36320 37801 38078 38159 38490
lexer 36230 36730
lit 36231 36927 37813
lm 36231 37762
lecturerresearch 36235 36813
londonresearch 36240
lawyers 36241 36989 37503
legal 36241 36290 36310 36412 36424 36458 36474 36627 36730 36739 36880 36906 36927 36989 37024 37213 37357 37422 37431 37538 37558 37605 37657 37688 37784 37864 37913 37926 38055 38078 38090 38111 38288 38472 38701 38746 38783
legislation 36241 36336 36989 37024 38111 38701
lexis 36241 36989
liberties 36241 36989 37431
larry 36241 36421 36768 36913 36989 37384 37422 37813 37959 38023 38282 38334 38354 38410 38560 38638 38820 38824
lessig 36241 36989
lantagne 36241
licenses 36241 36793 36989 38143 38306
liability 36241 36945 36989 38111 38472
loquitur 36241 36989
locators 36241 37422 38410 38812
lasprogata 36241
litigation 36241
llc 36241 36989 37139
lieu 36242 36289 36719 36731 38472
lanka 36243
localsystem 36244
load 36244 36730 36835 36873 36905 37111 37296 37498 37538 37592 37723 37828 37882 38005 38160 38533
lock 36244 36279 37016 37047 37111 37160 37357 37422 37541 37658 38037 38306 38312 38354 38410 38546 38606
logan 36249 36663 37503 38421 38777 38797
literature 36251 36336 36529 36563 36732 36735 36848 37067 37239 37357 37644 37729 37735 37813 37882 38090 38427 38616 38673
limbo 36252
liebchen 36254
lucas 36254 36945
larsen 36254 36563 38090 38143 38241
layout 36254 36360 36475 36571 36739 36794 36807 37313 37320 37399 37412 37791 37849 37907 37976 38005 38148 38286 38488 38490 38708 38817
leakage 36254 36257 36735 38702
lai 36259 36539 36566 36791 36835 37100 37470 37516 37741 37866 37955 38398
ludwika 36259 36403 37349 37866 38057 38085 38137 38184
laia 36259 36310 36357 36505 36539 36548 36791 36801 37241 37278 37332 37349 37707 37943 37955 38110 38137 38404 38417 38483 38670 38714 38820
latner 36259
ls15 36261 36510 36664 37288 37307 37311 37350 37550 37871 38293 38563 38693 38697
labeling 36262 36424 36847 36883 36931 36954 37413 37566 38143
labels 36262 36493 36676 36732 36807 36931 37592 37605 38013 38040 38348
label 36262 36537 36539 36676 36732 36807 36841 36883 36931 37233 37236 37305 37549 37563 37590 37979 38286 38348 38472 38490 38493
lectureindex 36264 36859 37102 37277
laureates 36268
loma 36268
leibel+gitla 36273
lebl 36273 36297 36831 37201
lidia 36273
li 36276 36605 36835 36858 36945 36965 37355 37428 37498 37566 37625 37726 37961 38263 38488 38522 38530 38631 38633 38702
launched 36276 38376
lisg 36279
loadobjects 36279
loads 36279 36954 37111 37260 37538
losing 36279 36467 36475 36522 37013 37047 37111 37178 37313 37882 38139 38153 38546 38794
lum25 36284 36832 38572 38650
lightness 36286
logarithmic 36290 36398 36883 36913 37045 37229 37399 37939 38005 38488
lossless 36290 36774 36880
lossy 36290 36880
login 36290 36460 36880 37165 37260 37469 38159 38490 38756
\users\sandyirani\desktop\ics 36291 37879 37956 38395 38463 38506 38510 38537
leys 36295 36913
le 36295 36496 36566 36760 36933
lebzeltner 36297 37201
lemberger 36297 36322 36898
logic 36298 36326 36336 36344 36351 36471 36481 36566 36672 36783 36818 36847 37015 37112 37230 37233 37236 37314 37330 37399 37438 37462 37549 37563 37657 37658 37723 37737 37791 37815 37864 37894 37926 37990 38005 38055 38060 38143 38224 38282 38313 38340 38366 38444 38488 38513 38696 38718 38806
lorentz 36299 38093
lorenz 36299
lights 36300 36333 36451 36673 36737 36878 37380 37947 38119 38436 38580 38587 38617 38826
lake 36305 36310 36330 36607 36648 37073 37295 38059 38488 38566
lot 36309 36310 36320 36348 36415 36421 36430 36460 36605 36617 36627 36739 36743 36793 36802 36862 36877 36891 36894 37019 37111 37154 37165 37169 37213 37233 37333 37469 37497 37538 37566 37644 37658 37723 37747 37813 37816 37926 37948 38005 38073 38114 38160 38193 38263 38287 38288 38306 38337 38354 38376 38413 38511 38564 38583 38663 38718 38735 38756 38796 38824
lost 36309 36310 36412 36437 36458 36471 36474 36481 36760 36802 36835 36847 36858 36862 37111 37183 37357 37469 37520 37558 37564 37581 37658 37723 37850 37882 38306 38410 38490 38527 38539 38794
lived 36310 36457 36572 36802 36862 36906 37149 37279 37598 38583 38769
lomza 36310 38059
lithuania 36310 37941 38670
landed 36310 36793 37134 38334
lieb 36310
labe 36310
levi 36310 37241
limmer 36310
liz 36310
ller 36310
lineage 36310 37265
luck 36310 36793 36965 37233 37365 37723
living 36310 36862 36906 37393 37448 37478 37658 37758 37837 37974 38139 38488 38591 38631 38701
lakewood 36310
lehitraot 36310
lapidus 36310
ltcol 36310
latter 36310 36883 37258 37635 38078 38111 38288 38472 38533 38680
leo 36310 36322 36480 36539 36566 36749 36773 38057 38184
looked 36310 36739 36862 36883 36927 37016 37019 37368 37380 37717 37723 38022 38143 38360 38365
lenartov 36310
lauer 36310 37600 38488
levites 36310
lockheed 36310
lucky 36310 37613 37907 37927 38564
locations 36310 36460 36883 37067 37165 37233 37239 37344 37380 37469 37476 37526 37605 37658 37824 38005 38069 38193 38350 38427 38490 38696 38756 38767 38770 38824
lippa 36310
led 36310 36315 36471 36517 36529 36719 36732 36743 36847 36927 36945 37002 37545 37850 37992 38022 38139 38160 38284 38631 38633 38711
liberated 36310 36927
lorber 36310
leiberman 36310
leeds 36310 36403 38023 38488
levy1 36310
lichtenberg 36310
lillie 36310
leifer 36310
lane 36310 38380
l'shana 36310 36457
liskins 36310
lev 36310 38547 38564
lvov 36310
lemberg 36310 37866 38314
lends 36310
landmanschaft 36310
lazer 36310 37201 37941
likelyhood 36310
levin 36310 37201 37278 37349 38114 38488
latvian 36310 38111 38547
leann 36310
lapsed 36310
longmeadow 36310
lone 36310
leaving 36310 36343 36730 37160 37165 37210 37233 37329 37538 37658 37723 37800 37926 38074 38162 38288 38756
lapayowker 36310
langley 36310 38488
lipschitz 36310
l948 36310
len 36310 36343 36807 37041 37688 37705 37990 38288 38349
limelight 36310
ligedit 36310
laurel 36313
link1 36315
link2 36315
letnick 36322
lednicer 36322 37201 38820
lak 36322 38137
lacko 36322 36791 38023
lippman 36322 38093
lina 36322 38404
laye 36322 38398
latvia 36322 38111
leonard 36322 36480 36505 37941 38085 38670
liekin 36322
leikin 36322
lucy 36322 37284
lynne 36322 37476
link32 36323 36869 38320
lecturerdegree 36326
ls25 36328 36375 36388 36602 36912 37944 38130 38163
locality 36329 36883 37882
lattice 36329 36883 36913 37281 37301 37399 37476 37976 38005 38488
liquids 36329 37476
legislator 36336
letters 36336 36617 36730 36739 36883 37002 37087 37120 37154 37688 37744 37789 38330 38334 38413 38419 38429 38472 38488 38696 38701 38755
locks 36339 37047 37111 37160 37317 37422 37658 38354 38410
luckily 36343 36743 37455 38287
literal 36343 36730 36732 37277 37538 37688 37737 38055 38288 38419 38488 38680 38771
logged 36343 38490
locales 36348 37469 37801
liquid 36348 36913
laser 36348 37201 37849 38260 38268 38427
lankford 36348
lhc 36348
longevities 36348
linda 36348 36403 36481 36539 37681 37734 37941
loose 36348 37183 37213 37882 38552 38769
layer 36348 36890 36927 36945 37111 37210 37399 37698 37750 37882 38312 38334 38354 38377 38441 38472 38488 38507 38546 38767
lajke 36357
leia 36357 36403 36505 37241 37332 37866
lezajska 36357
lezajski 36357
lezajsk 36357 36862 37955 38059
lewek 36357 36480 36791 37349 37866 38093 38110 38233 38452
layouts 36360 36883 37399 37412 37976 38005 38272 38488
lawrence 36374 36539 36945 37299 37558 37621 37734 38184 38215 38488 38633
lindsey 36379 37127 37741 38573
linking 36379 36460 36526 36697 36732 37165 37813 37829 38410 38459 38472 38756
luci 36379 36945 37431
likewise 36380 36412 36424 36474 36545 36905 37133 37213 37380 37471 37520 37538 37558 37605 37882 38281 38349
longtime 36381
linksys 36390
lum50 36399 38599
legitmate 36402 36412 36474 37520 37558
ludwig 36403
laus 36403
loos 36403
lionel 36403
labin 36403 36749
lipnik 36403 36749
lowy 36403 37662
ling 36403 36835
leavitt 36403
ludwik 36403 36992 38184 38417 38483 38732
lind 36403
lodz 36403 36480 36791 37941 38059 38233 38483
lipszyc 36403
lancashire 36403 37332 37662 37955
lieblich 36403 37876 38820
lester 36403 36539 37662
luzian 36403
liana 36403 36992
lucien 36403 38023 38093 38184
leclerq 36403
lyliane 36403
luzer 36403 37278 38769
louisa 36403
lancs 36403
list1 36404
list2 36404
list3 36404
liaison 36415 38044
lamp 36419 37813 38217
laws 36420 37236 37239 37549 37913 38005 38090 38111 38282 38419 38472 38808
lisp 36424 36883 36943 37538 38005 38287 38488
laterendnotes 36424
learns 36424 36471 36847 37521 37913 38488
luddite 36424
lessons 36424 36719 36735 36793 36883 37047 37292 37357 37791 37801 38005 38522 38755
lesson 36424 38193
langerman 36425
leveraging 36430 37566 38090 38441 38465
lined 36430 36522 36527 37320 37799 37821 38583
lime 36431 36564 37810 37826 38196
lengthy 36437 36793 36905 37019 37199 37469 37581 38490
lambda 36437 36537 36905 37581 38348 38349
ls50 36454 36769 36826 36879 37446 37583 37700 37982 38230 38239 38414 38611 38760
lasting 36455 37421 37884 38055
langsam 36457 36802 36873 36917 37149 37186 37265 37279 37365
lspring 36458
legitimate 36458 37469 37894 38419
ledeen 36458
lecturing 36460 36793 37165 38756 38796
lose 36467 36522 36847 36954 37183 37368 37684 37688 38136 38419 38490 38718 38794
limitations 36471 36563 36730 36847 37047 37233 37320 37380 37658 37882 38533
letterhead 36471 36847
linescorecalculator 36472 37523
listens 36475 37313 37882 38049 38794
letting 36475 37065 37313 37393 38284 38288 38794
lorance 36480
leblang 36480
litzky 36480
lenore 36480 36539
luftig 36480
lindenberg 36480
lauderdale 36480 36539 38184
likier 36480 37201 38093
lhgiang 36481
\log 36483 36495 36701 37793 38652
lifted 36485 38313
latin 36487 36532 37031 37229 37670 38005 38033
laude 36487 36567 36988 37950 38044
lam 36494 36703 36808 37150 37299 37570 38005 38125
landmark 36494 38005
\ 36495 36537 36604 36732 36755 36923 37020 37133 37183 37605 37775 37831 37867 37953 38069 38348 38488 38490 38652 38789
\bx\ 36495 36537 38348
\bx'\ 36495
\bx|\theta 36495
\theta\ 36495
\hat\phi 36495
\bx 36495
\sim 36495
\phi 36495
\langle 36495 38348
\rangle 36495 38348
\bx'|\theta 36495
|| 36496 37099 37296 37538 37605 37953 38069 38306 38653 38671
\r\n 36496 36730 38653 38671
\0 36496 38488 38653 38671
\tctrl+o 36496
\tctrl+p 36496
ltext 36496 38653 38671
legalcopyright 36496 38653 38671
legaltrademarks 36496 38653 38671
leftmargin 36496 38653 38671
ls100 36498 36837 37727 38192 38418
liba 36505 38732
lennon 36508 36832
les 36517 36674 37019 38577
luca 36517 38831
luther 36517 37939
labeled 36519 36807 36927 37549 37605 37894 38060
ladies 36523 38648
legoland 36523 37851 38500
linker 36526 37111 37907
lunch 36527 36793 36932 37120 37326 37450 37481 38090
lamb 36527 37199 38488 38577
\mathsf 36532
liotta 36532 37229 37399 38005
lens 36534 36552 36907 37101 37107 37513 37874 38005 38109 38140 38145 38164 38416 38515 38589 38598 38736 38819
\bw\ 36537 38348
\bw 36537 38348
\leftarrow 36537 36755
\alpha 36537
\bw^\top 36537 38348
labellabel 36537 38348
\delta\alpha\ 36537 38348
labelsample 36537 38348
litwok 36539
lewka 36539 36791
lucille 36539 37662
lorman 36539
loretta 36539
lauderhill 36539
lutz 36539 37926
libby 36539
lila 36539 37349 37741 38184
lichtenstein 36539 37941 38093
lucile 36539
lora 36539 38085
leland 36539
lisa 36539 36749 36837 37016 37667 37934 38014 38023 38110 38244 38306 38535 38577 38788 38820
lauren 36539 36749 38233
lyon 36539 36563
langer 36539 36791 38093 38417
liviette 36539
lesley 36539
lacma 36547
liebeskind 36548 36909 37741 37866 38732
luecke 36563
lv 36563
luo 36563 36965
lo 36563 36862 36993 37602 37990 38059
livingston 36563
learnability 36563
littlejohn 36563
lutze 36566
limousine 36566
liking 36566
lucaskam 36566
labyrinth 36566 37556 38448
lwin 36566
lifecycle 36567 36735 37974 38090 38631
limits 36571 36719 36739 36848 36906 36927 37047 37134 37277 37565 37684 38472 38619
lan 36571 36795 36847 36916 38488 38490
leiber 36572 38769
linzer 36572 38233
leibniz 36599 36883 37399 38005
lipics 36599 36883 37399 38005
lease 36601
\begin 36604 37590 37831 37979 38789 38815
\pyg 36604 38789
l+m+mi 36604
\end 36604 37590 37831 37979 38789 38815
launches 36605
liang 36605 37788 38488 38633 38758 38796
luke 36605
listening 36605 37791 38490 38564
logistics 36611 36719 37016 37061 37530 38274 38616
lab1 36617 38321
logout 36617 38490
l=12 36617
laytext 36617
linearalgebra 36617
l+i+n+e+a+r+a+l+g+e+b+r+a 36617
latency 36621 36920 36927 37111 37565 37829 37882 38263 38284 38472
latencies 36621 36803 37829
lajeunesse 36623
lyakov 36623
leadoff 36642
layers 36645 36739 36927 36945 37174 37183 37524 37698 37882 38377 38450 38488 38767
lion 36649 37271 37448 37765 38707
lobster 36654 37904 38594
lrm 36672 37563 37592 37737
lbp 36676 36763 37083 37790 38460
lowe 36676
lecturers 36677 36793 37644 37926 38429
\log^2n 36701
\log^2c 36701
leverages 36708 36945 37134 37142 37325 37565
lies 36719 36906 37183 37384 37658 37723 37796 37846 37948 38644 38652 38771
lays 36719 36989
lineup 36720 37586
leung 36724 36988 37299
lexicographic 36724
lars 36726 36866 37183 38419 38670
lexemes 36730
lexeme 36730
lineterminator 36730
\r 36730
\t\f 36730
lex 36730 37729 38553
lowercase 36730 38136 38419
\opt\ics142 36730
loaded 36730 36905 36918 37160 37689 37926 38032 38490 38683
literals 36730 37277 37538 37705 37737
lookahead 36730
lifelong 36731 37884
lobbied 36731
loving 36731
locate 36732 36954 37926 38278
lagoze 36732
lasher 36732
largeness 36732
limiting 36732 36883 37233 38619
linkname 36732
linkvalue 36732
link's 36732
literary 36732 37357 38111 38701
lightweight 36735 38296
larse 36735
lemos 36735
μdroid 36735
luciano 36735
litoiu 36735
lopes 36735 36945 38577
ladan 36735
leipzig 36735 36791 37139 37241 37332
lettering 36739 37849
letterspacing 36739
logos 36739 36794
letterforms 36739
leg 36739 37380
liam 36739
lorp 36739
laurence 36739 37241 38023
ligature 36739
linotype 36739
laurence's 36739
lemon 36739
liable 36739 36858 37339 37435 38663
linguistics 36739 36883 37503 38488
letterspace 36739
liked 36743 36793
levity 36743
likes 36743 36878 37016 37183
loved 36743 38583
leinkram 36749 36791 37588 37943
lauber 36749 37332 38110
lemann 36749
lasar 36749 38093 38483
\in 36755
\mathbb 36755
\bar 36755
\qquad 36755
\leq 36755
\geq 36755
\boxed 36755
\hat 36755
￼ 36758
lara 36760
lynaugh 36760
leiden 36772 37513 38145 38234 38416 38819
lewkowicz 36773 37588
lei 36791 37564 38328 38714
ledermann 36791
lieberman 36791 38488 38714
liebenheimer 36791
lehrfeld 36791
lauder 36791
lermer 36791
lichtig 36791 37201 37539 37876 38085
littauer 36791
lumsdaine 36793 38619
lean 36793 37708 38531 38755
lowermost 36794
lubiczek 36801
levav 36801
langenbruck 36801
liberec 36801
lya 36802
librarian 36802
langhn 36802
lia 36802
lemma 36807 37439 38739
leaf 36807 36809 36883 37399 37544 37959 38005 38507 38635
labelling 36807
lookups 36809 37723 38507
loglog 36809
lucrative 36822
lakshmipriyadarshini 36835
￼distributed 36835
lingxi 36835
locator 36835 38472
leak 36835 37538 37658
linkfeedsys 36835
liushan 36835
lavaniya 36835
lou 36841
ligang 36841
layered 36847 37344 37357 37399 37882 38268 38377 38507 38767
lifting 36847 37658
locomotion 36847 38427
lenat 36847 38488
lausd1 36849
limitation 36858 37882
leisten 36862 37332
lejansk 36862
licht 36862 38417
lesanjsk 36862
lesser 36862 37662
lezansk 36862
lilli 36862
לכבוד 36862
למייל 36862
לאה 36862
ל 36862
לשמוע 36862
lopez 36877
lett 36883 36933 37301
log2 36883 37039 37133 37157 37538
lightest 36883
leftover 36883
lying 36883
labelings 36883
learner 36883
loading 36886 37111 37592 37829 38032 38410 38459 38533
literacy 36890 36945 37750 37832 38711
lidar 36894
linesep 36905
looping 36905 37041 37538 37688
lambdas 36905 37433 37926
lakes 36906
lancaster 36906
lerchenfeld 36909
langsams 36917
lien 36917
ltd 36923 37562 38380
literally 36927 38139 38472
laundry 36927
ladder 36927 37372
lapsley 36927
lightly 36927
laid 36927 37233 37592 37913 38055
linguistic 36927 37199 38488 38755
listgroup 36927
|nnn 36927
|l 36931
lms 36933 38488
loan 36933 37658 38080
levcopoulos 36933
linkage 36933 37813 38005 38633
lequel 36933
lazy 36939 37789 37882 38462 38533
libre 36939
latoza 36945
lindtner 36945
logics 36945 37961
liver 36945
launcher 36954 37260 37413
\users\ 36954 37260
\users\pattis\appdata\local\programs\python\python37 36954 37413
lasers 36960 36981 37887 38260
lodging 36965
leagues 36966
llike=log 36973
llike 36973
latanska 36988
law—general 36989
lawsuit 36989
liban 36992 38417
lieban 36992
lipschutz 36992 37089 37241 37278 37941 38093 38110 38769
libanski 36992
luster 36992
lászló 36994
learners 37002 38711
loses 37019 37811 38804
|notice 37019
|family 37019
|one 37019
|second 37019
lenc 37020
lastoctave 37020 37253
\sigma 37020
lord 37024 38701
laureate 37026
locking 37047 37317 37357 37422 37473 37482 38037 38354 38410 38459 38546 38638
lurking 37047
locked 37047 37422 37469 38410 38413 38490 38546
leslie 37061 38085
legislature 37061
lottery 37061
landro 37061
lookout 37065
limerick 37067 37399 37502 37813 38122 38504
lisle 37067
list0 37071
lodge 37072 37295
lloyd 37083 37551 38488
larkin 37085
\n\n 37099
luxner 37100 38110
lorie 37100 37332 37941
luksner 37100
lida 37100
liszki 37100
loader 37111
lib 37111 37689 37721 38032 38683
lowering 37111
logarithms 37112 37438
\tim\ics199\connectfinaljava\fullsource\connectview 37128
\tim\ics199\connectfinaljava\fullsource\aboutdialog 37128
\tim\ics199\connectfinaljava\fullsource\quitdialog 37128
\tim\ics199\connectfinaljava\fullsource\options 37128
\tim\ics199\connectfinaljava\fullsource\connectk 37128
\tim\ics199\connectfinaljava\fullsource\pboard 37128
logarithm 37133 37538
lifelogging 37134
lifestyle 37134
landlords 37136 37975 38786
lsoe 37139
leyna 37139
lifetimes 37142
lowers 37142
localize 37154
loudness 37159
latent 37174 37524
lepro 37183
|x| 37183
|\ 37183
\| 37183
landesman 37188
leyla 37188
lebron 37201
lemel 37201
lemmel 37201
loblin 37201
lichtstern 37201
leiser 37201 37278 37866 38417 38452 38670 38769 38820
lederberger 37201 37349 38093 38184 38314 38417 38714
lesar 37201
liebman 37201
lieber 37201 37955 38110 38233 38483
leb 37201
liepman 37201
liepmann 37201
lamed 37201
leblin 37201
leser 37201 37241
liberlecz 37201
lezer 37201 37941
lipmann 37201
leibl 37201
lindwank 37201
liebmann 37201 38233
lebus 37201
laizar 37201
lebusch 37201
lipke 37201 38093
langweil 37201 38314
lewi 37201 38820
lebele 37201
libelle 37201
lebelle 37201
leweck 37201
lustman 37201
leinzeig 37201 38289
lezar 37201
lewenfeld 37201
luzar 37201
lustig 37201
leiblowicz 37201
langwal 37201
lieby 37201
liberowitz 37201
lipski 37201
lithosphere 37210
ls10 37211 37910
longhorn 37224
logicalconstant 37230 37314 37330 37797 38366
logicalvariable 37230 37314 37330 37797 38366
lastly 37233 37425 37800
¬ 37236 37549
¬p 37236 37549 38282
¬q 37236 37549
¬r 37236
¬¬p 37236 37549
lisek 37241
liora 37241
langdon 37241 38488
lednitzer 37241 38093 38184 38820
loew 37241
lite 37242 37815
laplacianscalescore 37253
lappeakthreshold 37253
luna 37260 38488
\workspace 37260
launching 37260 37333 38174
langsam~spira 37265
lenora 37278 37332
lotty 37278
librowicz 37278
lizzy 37284
luis 37288 37565
leonardo 37292 37556 37813
log= 37296
|tr 37296
larmore 37299
lelewer 37299
\sqrt 37305
litmus 37327
lipa 37332
lipka 37332
ludwyka 37332
libbi 37332
libman 37332
libmann 37332
leja 37332 37955
laje 37332 37600 38110 38417 38820
letowe 37332
limanowa 37332 38137
lustgarten 37332 38233
livestreaming 37333
livestreamers 37333
loosely 37355 37512
ludwin 37355
leat 37356
libwww 37357
livelink 37357
leggett 37357 38114
lynch 37358 38452 38488 38768
linkedlist 37380
lazard 37399
leveled 37399 37412
lozzo 37399 38005
lübbenau 37399 38005
leash 37403
lifeguard 37408
linkresult 37422
linksearch 37422
linksearchmethod 37422
linksearchsuffix 37422
linkprefix 37422
linkprefixsuffix 37422
lockinformation 37422
lockbody 37422
locktoken 37422
lws 37422
lockeffect 37422
locktype 37422
lockresponse 37422
lockowners 37422
lacking 37422 37882 38419
looped 37422
lldb 37425
llvm 37425
liquidamber 37436
lovász 37439
leiserson 37455 37543 37832 37939
|total 37457
lax 37462
laleh 37469 38527
lalehj 37469
lengthwise 37469
lobzower 37470
liebstein 37470
leibus 37470 37941
ladak 37476
lange 37476
landing 37495 37776
leizer+reizel 37516
luftmann 37516
luftman 37516
lipe 37516
ljubomir 37520
lca 37525 38271 38507 38652
lh+x 37525
llhh 37525
log^ 37525
life… 37530
labelled 37538 37605 37913
lmn 37538
lengthatleast 37538
lifo 37538
logicians 37538
loo 37538
leichtag 37539
lebenheim 37539 38483
lucrezia 37548
lunar 37549 38488
¬w 37549 38282
¬a 37549 38282
labyrinths 37556
loopfor 37563
loopwhile 37563
labell 37563
lucinda 37564
lim 37564 37734
leovonchiong 37564
larrosa 37570
logd 37580
loghigh 37580
loglow 37580
lognormal 37580 38488
logd~g 37580
lowf 37580
lowf=50 37580
\\mydocuments\\bayes\\linearregression\\codeanddata 37580
lwd=3 37580
lty=2 37580
lty=3 37580
line=3 37580
legend 37580 37744
lwd=c 37580
\needstexformat 37590 37775 37831 37979
latex2e 37590 37775 37831 37979
\providespackage 37590 37775 37831 37979 38815
\requirepackage 37590 37775 37831 37979
\pgfkeys 37590 37775 37831 37979
\metropolis 37590 37775 37831 37979
\setbeamertemplate 37590 37979 38815
\paperheight 37590 37979
\textwidth 37590 37979
\ifx\inserttitlegraphic\ 37590 37979
\vfill 37590 37979
\ifx\inserttitle\ 37590 37979
\ifx\insertsubtitle\ 37590 37979
\usebeamertemplate 37590 37775 37979
\ifx\beamer 37590 37979
\ifx\insertdate\ 37590 37979
\ifx\insertinstitute\ 37590 37979
\vspace 37590 37831 37979 38815
\def\maketitle 37590 37979
\ifbeamer 37590 37979
\titlepage 37590 37979
\else 37590 37775 37979
\frame 37590 37979
\def\titlepage 37590 37979
\vbox 37590 37979 38815
\inserttitlegraphic 37590 37979
\nointerlineskip 37590 37979 38815
\raggedright 37590 37979
\linespread 37590 37979
\inserttitle 37590 37979
\par 37590 37979 38815
\insertsubtitle 37590 37979
\newlength 37590 37979
linewidth 37590 37979
\setlength 37590 37979
\fill 37590 37979
\insertauthor 37590 37979 38815
\insertdate 37590 37979
\insertinstitute 37590 37979
\defbeamertemplate 37590 37979
\usebeamercolor 37590 37979
\usebeamerfont 37590 37979 38815
\insertsectionhead\par 37590 37979
\ifx\insertsubsectionhead\ 37590 37979
\insertsubsectionhead 37590 37979
\centering 37590 37979
\insertsectionhead\\ 37590 37979
\baselineskip 37590 37979
\atbeginsection 37590 37979
\sectionpage 37590 37979
\atbeginsubsection 37590 37979
\subsectionpage 37590 37979
\ratio 37590 37979
\insertframenumber 37590 37979 38815
\inserttotalframenumber 37590 37979
\def\inserttotalframenumber 37590 37979
\providecommand 37590 37979
\vphantom 37590 37979
\par\vskip\medskipamount 37590 37979
\parskip 37590 37979
\ifbeamercolorempty 37590 37979
leftskip=\metropolis 37590 37979
\insertblocktitle 37590 37979
\textbullet 37590 37979
\parindent 37590 37979
\hfil\insertfootnotemark 37590 37979
\insertfootnotetext\par 37590 37979
\define 37590 37979
\beamer 37590 37775 37979
\def\beamer 37590 37979
\providebool 37590 37979
\booltrue 37590 37979
\setkeys 37590 37979
\setbeamercolor 37590 37979 38815
\apptocmd 37590 37979
\ifbool 37590 37979
\endgroup 37590 37979
\boolfalse 37590 37979
\processpgfpackageoptions 37590 37775 37979
\endinput 37590 37775 37831 37979
lexi 37591
latitude 37592 38055 38410
longitude 37592
listmodels 37592 37791
lhood 37592
longitudinal 37592 38669 38711
lds 37598 38059
lutomiersk 37600 38059
lobl 37600 38184
libe 37600 38398
|ncwit 37602
lipika 37602
listeners 37605 37926
laughing 37613 37927
leprechauns 37613 37927
lobbyist 37619
lobbying 37619
lobbyists 37619
loner 37623 38193
laurie 37623
level—there 37623
lihue 37635
luminaries 37644
leaks 37658
leaking 37658
loaned 37658
loaning 37658
lader 37662
larson 37662
loewi 37662
lowi 37662
laury 37662
liverpool 37662 37707 38488
lillard 37662
lolly 37662
leibel+yentl 37662
lisadu 37667
lepage 37680
|count 37688
|'m'| 37688
|a|b|c|d|e| 37688
\n' 37688
ls 37688 37882 38069 38658 38763
lstrip 37688
layering 37698 38354
lublin 37707 38059 38085
lviv 37707
lte 37711
lau 37711
literasls 37737
loveman 37741
litle 37741
lenczycki 37741
lizabeth 37741
loeb 37741
lenox 37741
lisbon 37755
linz 37755
lift 37758
\ifboolexpr 37775
luatex 37775
\passoptionstopackage 37775
\newcounter 37775
\checkfont 37775
\suppressfontnotfounderror=1 37775
\font\x 37775
\selectfont 37775 38815
\ifx\x\nullfont 37775
\stepcounter 37775
\suppressfontnotfounderror=0 37775
\iffontsavailable 37775
\setcounter 37775
\expandafter\forcsvlist\expandafter 37775
\checkfont\expandafter 37775
\ifnum\value 37775
\setsansfont 37775
\packagewarning 37775 37831
\setmonofont 37775
\atbeginenvironment 37775
\addfontfeature 37775
lualatex 37775
\setbeamerfont 37775 37831 38815
\let\metropolis 37775 37831
\def\metropolis 37775 37831
\patchcmd 37775
\def\inserttitle 37775
\packageerror 37775
\def\insertsubtitle 37775
\sectionentry 37775
\def\insertsectionhead 37775
\hyperlink 37775
\protected 37775
\noexpand\hyperlink 37775
\noexpand\metropolis 37775
\if 37775
\def\insertsubsectionhead 37775
\gdef\insertframetitle 37775
\space 37775
\gdef\beamer 37775
\ifnum 37775
lilies 37785
lepe 37789 38334
\log\log 37793
\python33 37800
\windows 37800
\windows\system32\wbem 37800
\python33\scripts 37800
\python32 37800
likeliest 37800
leymann 37801
lifelike 37813
leaper 37813
linkages 37813 38005
loy's 37813
locus 37813
longtin 37813
lambert 37813
lumiere 37815
lauritzen 37815
\useinnertheme 37831
\useoutertheme 37831
\usecolortheme 37831
\usefonttheme 37831
\atendpreamble 37831
\metroset 37831
\plain 37831
\mreducelistspacing 37831
\processpgfoptions 37831
lizard 37839 38050 38643
logins 37850
liber 37862 38820
ludwinow 37866
leontine 37866
laizer 37866 38820
leni 37866
liomanowa 37866
lcs 37882
lc 37882
lcs+c 37882
lcodc 37882
lumping 37882
lecures 37894
laptops 37894 38193 38321
ldflags= 37907
ldflags 37907
ld\n 37907
legality 37913
lodged 37913
lat 37913 38547
league 37922 38338 38456 38651
lingual 37926
liberally 37926
larc 37926 38419
langrok 37941
langrock 37941
ledec 37941
langrod 37941
lucjan 37941
lucja 37941 38184
leissner 37941
lilie 37941
lubling 37941
lucie 37943 38233
luks 37943
lovely 37948
\037\235 37953
lint 37953
\tnot 37953
\tcompression 37953
\tlargest 37953
lmask 37953
\nchange 37953
|= 37953 38306
lowenthal 37955
levinthal 37955
levintal 37955 38110
langberg 37955
lew 37955
litewski 37955
landesdorfer 37955
ls75 37958 38208
locale 37959
laborers 37961
librarians 37961
lasts 37974 38495
langford 37978
left4914688 37996
left5709543 37996
left6473595 37996
left6157079 37996
left6152051 37996
left6005177 37996
left6928955 37996
left6783481 37996
left6614817 37996
left7208247 37996
left6499580 37996
left6539389 37996
left6828321 37996
left6471018 37996
left6711758 37996
left6681029 37996
left7157970 37996
left6781808 37996
left6912971 37996
left6321564 37996
left6396011 37996
left6572919 37996
left6743751 37996
left6696747 37996
left6377509 37996
left6792221 37996
left6310114 37996
left6213314 37996
left6022022 37996
left6692278 37996
left6799135 37996
left7009636 37996
left6796621 37996
left7102594 37996
lokshtanov 38005
langenauer 38023
lizette 38023
lebensfeld 38023
lrogers19 38023
leonore 38023
lomnitz 38023
larisa 38023
listin 38032
listout 38032
linnea 38042 38670
landaln 38055
lautocal 38055
lazarus 38057
lw 38059
lodzki 38059
lawry 38059
lzbica 38059
lubelski 38059
ladek 38059
lasin 38059
lask 38059
laszczow 38059
latowicz 38059
lebork 38059
leczna 38059
leczyca 38059
legnica 38059
lelow 38059
lesnica 38059
lewin 38059
lipsko 38059
lisow 38059
lomazy 38059
losice 38059
lowicz 38059
lozdzieje 38059
lubartow 38059
lubliniec 38059
lukow 38059
lwowek 38059
lubelskie 38059
ls= 38069
link= 38069
|egrep 38069
lymphoid 38078
ly 38078
latour 38078
l' 38084
\omega 38084
lehman 38085
longboat 38085
lindenbaum 38085 38714
lefkowitz 38085 38488
leora 38085
llp 38090
lewek+feigel 38093
landy 38093
liebke 38093
lichtenstern 38093
lorien 38093
lazinsky 38093
lezinsky 38093
lindem 38093
leszek 38093
liska 38093
ludmila 38110
lowenstein 38110 38820
lederberg 38110
lacloche 38110
lawful 38111
lawfully 38111
legally 38111 38472 38812
latvijas 38111
losses 38111 38348
layman 38114
lasker 38114
laslie 38114
leibel+feigel 38137
leib+rachel 38137
libacz 38137
laze 38137
leather 38143
|m—m| 38143
lafayette 38158
limitless 38160
latinos 38176
lydia 38181
lejbel 38184
lesegeld 38184 38398 38714 38820
lockerbie 38184
lend 38184
loeffelholz 38184
lunzer 38184
lobetto 38184
langier 38184
lecker 38184
logistical 38193 38281
lighter 38193
lastest 38213
looseness 38224
loren 38233 38452 38758
lindenberger 38233
leddy 38233
lubewitz 38233
luisa 38233
lavernia 38241
lippert 38244 38535
log^2 38250 38507
logutils 38258
lumsmo 38261
lipson 38268
lisbeth 38268
lashings 38268
longlife 38280
l128 38280
lifes 38280
leeway 38281
ljmp 38286
lapicinit 38286
lincoln 38287
latte 38288
laub 38289
lajb 38289
lexicographically 38306 38533
lexically 38306
leap 38306
lastname 38312
lab2 38321
lab3 38321
lec 38321
lab6 38321
lab4 38321
likelier 38334
leraning 38348
labelstraining 38348
lambdaregularizer 38348
losstype 38348
lifer 38376
linn 38380
lad 38380
lettuce 38402
laszlo 38404
lassila 38410
lingo 38413 38472
loslan 38417
liplani 38417
libiaz 38417
lella 38417
lab—if 38419
latombe 38427
localization 38427
levelage 38441
lorraine 38452
lubritz 38452
lemay 38452
loraine 38452
leaky 38468
lounging 38472
lakeside 38472
loopback 38472
localhost 38472
looms 38472
lampson 38472
longevity 38472
leje 38483
laie 38483 38714
leiner 38483
lorje 38483
lennig 38488
lazowska 38488
\fiautopoiesis 38488
lepagnol 38488
liblong 38488
\fiieee 38488
lipkie 38488
landauer 38488
lemke 38488
\fipattern 38488
lowrance 38488
lesk 38488
lucasiewicz 38488
lansky 38488
lenhert 38488
luk 38488
ladner 38488
linde 38488
lxvi 38488
lxxviii 38488
lxxvi 38488
linie 38488
levinson 38488
lomow 38488
\fielectronics 38488
letters\fp 38488
literate 38488
latremouille 38488
lebowitz 38488
lochovsky 38488
lefebvre 38488
lehar 38488
lehnert 38488
lemer 38488
lempel 38488
linington 38488
ljolje 38488
\fiwithin\fp 38488
lpc 38488
\ficrypt\fp 38488
lebesgue 38488
laserwriter 38488
lund 38488
lakehead 38488
\fic 38488
\fi19\fr 38488
\fisquanderella\fp 38488
\fidigital 38488
\fitwenty 38488
lans 38490
logon 38490
\temp 38490
\45jworkspace 38490
lab0 38490
laski 38493
location0 38499
location2 38499
lagoon 38519
\haskell\examples 38533
listlength 38533
largest2 38533
larger3 38533
largest3 38533
lazily 38533
lisal 38535
losers 38541
ltl 38547
lithuanian 38547
litas 38547
lvl 38547
leu 38547
lira 38547
left4759096 38554
left6237830 38554
left5605085 38554
left5829416 38554
left6227092 38554
left6252798 38554
left7270308 38554
left6889472 38554
left6711872 38554
left6180882 38554
left7110810 38554
left6753372 38554
leonid 38564
lately 38564
learnt 38564
luxilon 38564
lutters 38577
lector 38583
lighting 38594 38692
log2n 38601
lappeenranta 38619
leibel+riwka 38620
lukszer 38620
lucya 38620
lotti 38620
lending 38631
lounge 38631
\h 38632
lenzerini 38633
luebbers 38633
legends 38651
lemieux 38651
loc 38651
\mathrm 38652
leaderboard 38663
lubovna 38670
likef 38670
leontyna 38670
lancet 38670
larsson 38670
lennart 38670
levisohn 38670
leontina 38670
lindroth 38670
ljusne 38670
lindgren 38670
ludvig 38670
lp64 38680
llp64 38680
locatin 38696
lords 38701
labour 38701
lasek 38714
liberman 38714
lenkowicz 38714
linkedlists 38718
lap 38718
laps 38718
line—and 38718
lr 38723
leitsche 38732
lilienthal 38732
lsb 38746
luthra 38758
lsy238p 38763
|grep 38763
|wc 38763
üngör 38764
litigated 38767
labiva 38769
labowa 38769
lytchu 38769
legb 38783
ladawn 38788
lstieler 38788
\pygzsh 38789
l+m+mh 38789
linesman 38804
\makeatletter 38815
\footlinea 38815
\leavevmode 38815
\hspace 38815
\includegraphics 38815
\textsf 38815
\fontsize 38815
\insertshorttitle 38815
\newline 38815
\insertshortinstitute 38815
\hfill 38815
\vskip0pt 38815
\footlineb 38815
\footlinec 38815
\titlepageblue 38815
\huge\inserttitle\par 38815
\bigskip 38815
\normalsize\insertauthor\par 38815
\smallskip 38815
\normalsize\insertinstitute\par 38815
\insertdate\par 38815
\titlepagewhite 38815
\bullet 38815
\blackslide 38815
\sectionheaderwhite 38815
\huge 38815
\hskip1ex 38815
\insertframetitle 38815
\large 38815
\strut\insertframesubtitle\strut 38815
\sectionheaderskin 38815
\sectionheadergreen 38815
\makeatother 38815
lebwohl 38820
liebschutz 38820
lachter 38820
labush 38820
laliberte 38824
lagrange 38831
linnaeus 38831
