jobs 38837 38863 38864 38898 38911 38927 38948 38958 38988 38998 39009 39013 39021 39029 39037 39039 39045 39051 39067 39116 39181 39251 39343 39345 39355 39359 39388 39389 39436 39498 39559 39567 39583 39601 39605 39608 39612 39618 39701 39730 39736 39774 39789 39816 39818 39882 39890 39893 39900 39911 39949 39953 39967 39978 39980 39986 39988 39997 40016 40068 40086 40096 40121 40129 40167 40238 40246 40274 40278 40310 40321 40322 40353 40370 40430 40434 40467 40485 40513 40515 40523 40530 40534 40551 40568 40570 40634 40656 40670 40671 40673 40682 40702 40741 40776 40807 40816 40822 40849 40853 40878 40884 40888 40891 40952 40999 41007 41020 41021 41033 41040 41048 41064 41075 41108 41111 41133 41158 41233 41237 41257 41258 41266 41288 41346 41382 41408 41456 41459 41508 41525 41554 41574 41588 41599
joni 38837
just 38837 38841 38845 38849 38858 38864 38885 38888 38898 38948 38949 38958 38997 38998 39007 39013 39017 39027 39108 39120 39123 39128 39136 39152 39169 39255 39258 39281 39290 39318 39333 39355 39420 39446 39498 39513 39546 39551 39553 39563 39589 39607 39608 39612 39613 39627 39630 39635 39652 39654 39703 39718 39722 39729 39741 39747 39748 39760 39790 39814 39842 39867 39910 39911 39986 39987 40027 40085 40093 40094 40100 40161 40173 40192 40247 40254 40258 40274 40278 40297 40298 40299 40323 40347 40353 40358 40366 40380 40423 40424 40434 40468 40485 40522 40525 40528 40538 40540 40562 40570 40596 40599 40605 40663 40671 40682 40699 40702 40723 40798 40804 40842 40859 40878 40888 40903 40917 40931 40980 40996 41012 41052 41065 41084 41108 41152 41215 41237 41257 41278 41288 41294 41319 41368 41376 41406 41408 41420 41473 41474 41476 41491 41500 41502 41510 41535 41538 41546 41599
job 38837 38858 38898 38998 39025 39051 39136 39195 39251 39373 39424 39498 39553 39559 39612 39630 39722 39729 39747 39767 39900 39911 39926 39930 39980 39987 39997 40085 40093 40100 40180 40228 40254 40321 40380 40485 40528 40540 40596 40634 40665 40697 40917 40996 41012 41064 41065 41111 41152 41215 41237 41248 41265 41294 41459 41510 41517 41525
james 38837 38991 39041 39116 39123 39258 39290 39360 39405 39429 39607 39847 39975 39995 40005 40082 40152 40167 40229 40246 40255 40481 40623 40658 40709 40750 40849 41018 41147 41148 41212 41239 41408
* 38839 38841 38845 38871 38895 38922 38938 38958 38960 38993 38997 39007 39021 39025 39031 39033 39041 39058 39085 39090 39108 39115 39120 39139 39145 39218 39240 39266 39268 39270 39275 39281 39287 39299 39347 39359 39365 39399 39420 39429 39435 39507 39546 39549 39577 39587 39600 39614 39644 39655 39681 39694 39701 39703 39719 39735 39739 39741 39747 39748 39782 39785 39789 39825 39827 39835 39836 39840 39847 39858 39863 39870 39941 39945 39956 39987 40005 40019 40037 40059 40082 40085 40087 40088 40100 40152 40169 40173 40206 40208 40229 40254 40255 40258 40285 40287 40290 40316 40368 40371 40383 40402 40410 40432 40456 40476 40478 40508 40538 40548 40549 40570 40578 40601 40605 40644 40658 40675 40684 40694 40699 40709 40723 40731 40741 40755 40773 40794 40798 40825 40832 40840 40842 40852 40854 40887 40926 40949 40955 40967 40970 40972 40983 40996 41084 41107 41132 41147 41148 41152 41187 41190 41203 41212 41215 41232 41239 41245 41252 41265 41274 41303 41315 41358 41368 41379 41388 41406 41409 41438 41441 41442 41508 41509 41510 41517 41542 41553 41560 41566
jozef 38839 38895 38938 38960 39041 39058 39145 39240 39266 39270 39275 39399 39429 39435 39614 39655 39681 39694 39735 39739 39836 39847 39870 39945 40005 40082 40152 40229 40255 40287 40316 40402 40476 40549 40658 40675 40684 40694 40709 40731 40794 40825 40840 40852 40955 40967 40972 40983 41147 41148 41187 41212 41232 41239 41252 41274 41379 41409 41509 41553
jachet 38839 38960 39429 39614 39655 39694 39945 40005 40229 40508 40709 40825 40840 41187 41212 41252 41409 41509
jaroslaw 38839 39240 39266 39270 39275 39429 39681 40694 40709 40972 41252
jun 38839 38855 38873 38895 38938 38960 38998 39031 39033 39041 39058 39120 39139 39145 39148 39240 39266 39270 39275 39281 39287 39365 39429 39435 39507 39614 39655 39681 39694 39739 39836 39840 39842 39847 39870 39945 40005 40082 40112 40152 40182 40229 40255 40316 40402 40476 40508 40522 40549 40658 40675 40684 40694 40709 40731 40794 40825 40840 40842 40955 40967 40972 40983 41028 41147 41148 41187 41210 41212 41232 41239 41248 41252 41274 41379 41409 41438 41509 41542 41553 41566
jul 38839 38895 38938 38960 39041 39058 39120 39128 39139 39145 39240 39266 39270 39275 39399 39429 39435 39507 39614 39655 39681 39694 39735 39739 39836 39840 39847 39870 39945 39951 40005 40082 40112 40152 40229 40255 40287 40316 40402 40476 40508 40549 40658 40675 40684 40694 40709 40731 40794 40825 40840 40955 40967 40972 40983 41147 41148 41187 41212 41232 41239 41248 41252 41274 41379 41409 41420 41438 41509 41553 41566
zarki 38839 39201 39270 39275 40031 40794 41327
jakob 38839 38895 38960 39041 39058 39139 39145 39240 39266 39270 39275 39429 39435 39507 39614 39681 39694 39735 39739 39836 39847 39870 39945 40005 40082 40152 40229 40255 40287 40316 40402 40476 40508 40549 40658 40675 40684 40694 40709 40731 40779 40794 40825 40840 40955 40967 40972 40983 41147 41148 41212 41232 41239 41252 41274 41379 41409 41438 41509 41542 41553 41566
juda 38839 38960 39240 39275 39399 39429 39435 39614 39681 39694 39739 39836 39870 39945 40005 40082 40229 40287 40402 40476 40549 40658 40709 40794 40967 40972 41187 41212 41239 41252 41379 41409 41509 41553 41566
jan 38839 38844 38895 38938 38960 39015 39041 39058 39128 39139 39145 39151 39240 39266 39270 39275 39287 39288 39399 39410 39429 39430 39435 39444 39507 39578 39589 39614 39635 39655 39673 39681 39694 39735 39739 39762 39836 39840 39847 39870 39945 40005 40082 40086 40138 40152 40174 40229 40255 40287 40316 40384 40397 40402 40476 40478 40508 40549 40560 40658 40675 40684 40694 40709 40731 40751 40794 40825 40840 40926 40955 40967 40972 40983 41145 41147 41148 41187 41212 41232 41239 41248 41252 41274 41379 41409 41438 41509 41542 41553 41566
jetty 38839 38895 39145 39270 39614 40082 40152 40794 41187 41239 41252
jone 38839
jorge 38839
jakub 38839
java 38841 38849 38855 38885 38922 38958 38980 39012 39027 39054 39085 39108 39120 39136 39152 39258 39268 39373 39493 39513 39541 39549 39589 39630 39648 39650 39703 39741 39785 39950 40033 40100 40169 40174 40208 40254 40346 40368 40374 40380 40400 40481 40485 40525 40528 40540 40596 40605 40623 40663 40723 40798 40815 40917 40922 41028 41065 41084 41132 41215 41237 41294 41314 41358 41502 41538
javadoc 38841 38958 39268 39549 39785 40100 41215 41226
jut 38841 41215
jensen 38845 39493 39607 39635 39709 40180 40208 40639 41196 41358 41405
july 38845 38858 38864 38866 38867 38869 38871 38889 38891 38892 38898 38903 38913 38917 38932 38939 38947 38955 38957 38962 38973 38991 39017 39035 39042 39067 39068 39069 39072 39101 39120 39146 39160 39192 39193 39197 39201 39221 39250 39254 39277 39312 39316 39325 39326 39340 39372 39411 39427 39432 39439 39460 39493 39517 39521 39537 39548 39581 39604 39607 39613 39624 39635 39685 39704 39717 39749 39750 39762 39768 39770 39779 39808 39844 39851 39933 39947 39951 39956 39959 39975 39977 39986 39994 39995 40023 40047 40056 40089 40097 40104 40110 40129 40159 40162 40163 40177 40208 40233 40273 40340 40341 40351 40366 40387 40395 40409 40438 40467 40500 40535 40566 40592 40593 40610 40615 40617 40639 40649 40661 40713 40747 40762 40801 40814 40836 40843 40897 40904 40915 40941 40944 40960 40961 40998 41027 41041 41054 41060 41064 41070 41075 41094 41101 41106 41139 41144 41170 41182 41196 41205 41207 41209 41215 41235 41260 41295 41301 41328 41337 41358 41361 41408 41412 41414 41422 41424 41444 41497 41510 41511 41515 41523 41526 41527 41533 41538 41568 41603
january 38845 38878 38885 38899 38906 38911 38916 38922 38948 38980 39017 39098 39115 39128 39249 39263 39288 39311 39362 39420 39427 39450 39497 39545 39552 39563 39583 39607 39646 39660 39673 39679 39696 39703 39762 39794 39851 39900 39901 39994 39995 40004 40068 40087 40093 40097 40127 40188 40236 40252 40300 40397 40456 40468 40532 40551 40585 40697 40702 40748 40779 40837 40845 40854 40917 40970 41014 41067 41118 41132 41144 41185 41215 41238 41288 41309 41474 41607
jim 38845 38928 38936 38948 39033 39123 39169 39251 39420 39523 39546 39589 39607 39778 39808 39842 39941 40247 40304 40522 40828 41007 41012 41023 41111 41147 41196 41332 41370 41405 41442 41455 41531 41554
joined 38845 38962 39037 39123 39372 39607 40208 40211 40274 40430 40903 40952 40999 41266 41358
johnson 38845 38906 39030 39031 39034 39083 39263 39268 39343 39420 39454 39635 40081 40156 40180 40238 40435 40756 40854 41464 41529
zero 38845 38922 39013 39037 39136 39150 39276 39318 39361 39553 39630 39712 39760 39785 39924 40049 40278 40498 40525 40605 40699 40832 41065 41084 41121 41132 41203 41215 41237 41294 41303 41380 41425 41464 41510 41609
zzyzx 38845 39420
zone 38845 39420 39613 40269 40527
z 38845 38888 39087 39353 39420 39461 39522 39627 39630 39648 39785 39835 40100 40191 40228 40258 40347 40525 40723 40804 40832 40998 41139 41203 41215 41303 41335 41406 41441 41502 41503 41544
zzz 38845
jane 38845 38938 39420 39429 39552 39785 39847 40005 40255 40709 41147 41148 41212 41239 41409
jon 38845 39041 39420 39607 39876 40750
judith 38845 39041 39116 39123 39145 39420 39607 39614 39847 39945 40005 40152 40658 40731 40967 40983 41148 41187 41212 41239 41274 41438
john 38845 38871 38906 38938 38948 38991 38996 39015 39089 39115 39120 39139 39201 39245 39312 39388 39408 39420 39551 39552 39563 39574 39583 39589 39608 39635 39650 39743 39746 39824 39827 39847 39911 39975 39980 39995 40005 40094 40129 40229 40254 40255 40274 40370 40585 40599 40709 40732 40852 40967 40983 41064 41196 41212 41239 41247 41573
j 38845 38906 38933 38938 38948 38970 39034 39041 39083 39115 39136 39139 39145 39200 39208 39334 39343 39344 39347 39429 39515 39522 39605 39614 39635 39648 39746 39835 39837 39847 39851 39967 40005 40056 40059 40096 40100 40152 40221 40229 40246 40255 40257 40258 40658 40709 40723 40747 40794 40804 40832 40852 40967 40983 40998 41013 41092 41147 41148 41158 41212 41239 41274 41379 41409 41475 41544 41596
june 38845 38852 38862 38864 38879 38881 38898 38926 38929 38969 38989 38991 38995 38996 39002 39017 39024 39031 39047 39064 39082 39088 39093 39120 39138 39161 39183 39184 39196 39201 39214 39217 39226 39228 39256 39261 39278 39286 39312 39332 39354 39356 39358 39360 39372 39388 39391 39402 39407 39421 39427 39431 39476 39503 39518 39569 39572 39580 39585 39591 39592 39593 39597 39634 39637 39659 39690 39692 39711 39728 39762 39776 39777 39783 39792 39808 39809 39847 39850 39851 39864 39894 39896 39911 39932 39936 39940 39953 39956 39961 39963 39965 39969 39971 39975 39979 39994 39995 39996 39998 39999 40027 40032 40071 40097 40100 40120 40136 40139 40155 40156 40158 40194 40208 40212 40214 40220 40238 40250 40255 40257 40270 40291 40294 40305 40313 40346 40365 40366 40381 40383 40399 40408 40418 40435 40446 40466 40487 40494 40516 40521 40547 40550 40558 40569 40572 40574 40577 40608 40623 40652 40666 40667 40679 40712 40723 40725 40744 40783 40816 40821 40822 40834 40857 40872 40876 40881 40888 40892 40898 40905 40907 40917 40934 40938 40947 40949 40957 40968 40969 40975 40983 40984 40999 41034 41037 41045 41059 41061 41065 41072 41096 41099 41112 41134 41139 41149 41192 41215 41233 41239 41250 41254 41261 41262 41283 41284 41289 41294 41306 41316 41334 41340 41358 41370 41381 41383 41392 41397 41405 41427 41431 41434 41451 41459 41460 41472 41478 41490 41510 41522 41526 41563 41579
jie 38849
jdk 38849 40100 40481 40596 40917
ziv 38855 38873 38998 39148 39440 40211 40246 40297 41028 41064
journey 38858 39120 39498
joining 38858 38962 39001 39635 39722 39851 40523 40623 40903 41021 41064 41237 41319
journal 38863 38871 38906 38944 38948 38963 38991 39017 39083 39091 39116 39200 39201 39231 39305 39312 39323 39372 39522 39635 39637 39709 39746 39814 39851 39930 39956 39958 39975 40011 40035 40056 40121 40208 40257 40280 40567 40623 40660 40702 40747 40852 40905 41018 41021 41064 41092 41108 41139 41159 41202 41346 41358
zohar 38871
jair 38871
joris 38871
jaakola 38871
jaakkola 38871
jianbo 38871
zoubin 38871
jordan 38871 38987 39116 39145 39284 39814 40109 40304 40709 40976 41120 41408 41409 41529 41531 41543
zabih 38871
janis 38871 39847 40255
joshua 38871 39016 39059 39073 39110 39190 39201 39232 39294 39429 39481 39554 39614 39638 39793 39881 39891 39913 39946 39952 40179 40205 40246 40336 40484 40582 40618 40634 40676 40695 40719 40731 40758 40802 40874 40895 40983 40989 41019 41069 41139 41147 41213 41274 41369 41408 41571
ju 38871
jit 38875 40541 41271
zoo 38877 39186 39229 39291 39671 39685 39745 39954 40404 40592 40720 40893 41604
zones 38879 39116 40527
zoids 38883 39187 39206 39369 39403 39533 39935 40600 41374 41417
jonathan 38884 39015 39021 39116 39268 39889 40005 40182 40353 40476 40731 40732 40967 41064 41212 41379 41408
zobrist 38888 39083
jade 38890 38971 39589
jumping 38890 39123 39607 40185 40247 40491 40584 41309
zelinger 38895 40840
zolynia 38895
joel 38895 39041 39145 39270 39275 39429 39614 40005 40082 40152 40229 40255 40402 40623 40709 40983 41187 41212 41248 41379 41408 41409 41553 41566
josef 38895 38960 39041 39145 39266 39275 39435 39614 39681 39746 39945 40005 40082 40229 40287 40508 40549 40658 40684 40794 40840 40983 41148 41187 41212 41252 41274 41438 41566
jozua 38895 39655 39681 39870 40229 40287 40508 40658 40731 40794 40972 41252 41409 41509
jeremiasz 38895 39739 39836 40229 41542
zielonki 38895 39614
josua 38895 39275 39870 40152 40731 41438
zakopane 38895 39275 40005
zygfryd 38895 40082 40658
janeiro 38895 39836 40957 41159
join 38898 39037 39054 39436 39454 39499 39625 39762 39785 39816 40033 40173 40225 40583 40623 40903 40998 41258 41314 41388
jose 38906 38991 39154 39637 39847 39851 39930 39975 40750 41092 41151 41212
jazzar 38906
jam 38911 39559 39890 40321 41065 41105 41294
jammers 38911 39890
josh 38911 39116 39649 39890 41257 41288
junior 38911 39017 40724 40999
javac 38922 39630 40254 40368 40917
zuid 38926
zijsweg 38926 39278
jennifer 38937 39037 39387 39412 40005 40014 40060 40123 40124 40140 40255 40277 40622 40709 40750 41029 41239 41364 41372 41505 41556 41572
jacques 38938 39614 40152 40476 41379
jacob 38938 38960 39128 39139 39145 39429 39435 39614 39735 39736 39739 39870 40005 40130 40152 40229 40255 40450 40549 40658 40694 40709 40760 40794 40943 40983 41007 41020 41147 41187 41212 41239 41248 41253 41274
zachary 38938 41274
josephine 38938 39429 39847 40152 40983
janet 38938 39041 40005 40255 41379
julia 38938 38982 39257 39312 39429 39657 39681 39708 39840 39879 39945 40005 40229 40255 40274 40549 40666 40709 40781 41409 41426
justin 38938 39471 39541 39872 40180 40321 40349 40709 40750 41212
jitm 38948
japan 38948 38991 39420 39613 39681 39746 39858 39975 40623 41137 41139
joint 38948 39083 39151 39154 39172 39249 39372 39746 39851 39930 40121 40356 40375 40697 40756 40976 41064 41070 41151 41502
zephyr 38948 40152
jay 38948 39041 39429 39655 39788 41020 41274 41379
jarvenpaa 38948
jeong 38948 39372 39930
zlata 38960 39275 39614 39681 40476 40658 40840 40967 41187 41239 41379 41409
jadwiga 38960 39270 39429 39614 39836 40549 40967 41239
jankiel 38960 39655 40082 40955 41542
zollman 38960
zygmunt 38960 39041 39275 39429 39435 39614 39655 39840 39847 39870 39945 40005 40229 40402 40508 40658 40684 40709 40731 40794 40840 40967 40972 41212 41239 41252 41274 41409
jordanow 38960 40005
julian 38960 39116 39187 39240 39429 39690 39746 39870 39935 40005 40152 40246 40402 40658 41111 41232 41374 41417 41574
jozefina 38960 40549
zussla 38960 39145 40731 41212
zealand 38960 39746 40152
joseph 38960 39041 39128 39158 39275 39429 39614 39655 39836 39847 39858 39870 40005 40082 40152 40182 40229 40255 40549 40658 40709 40731 40794 40840 40955 40967 40983 41147 41212 41239 41252 41376 41379 41531
zlota 38960 39681 41553
zofia 38960 39145 39266 39614 39870 39945 40005 40229 40402 40476 40549 40694 40709 40794 40840 41212 41232 41239 41252 41409
janina 38960 39240 39614 39836 40005 40082 40967 40983 41212
jonasz 38960 39429 40967 40983 41274
zakliczyn 38960
jaczlowiec 38960
jetta 38960 39429 39614 40082 41212
jonas 38960 39041 39270 39435 39507 39836 40082 40152 40229 40402 40549 40840 41147 41148 41475
jeanette 38960 39139 39681 40794 41409
jpeg 38961 39123 39218 39607 41245 41319
zhong 38968 39625 39835 40203 40815 41090 41578
jaguar 38971 41555
jewish 38973 39128 39762 40104 40397 40662 40926
joan 38978 39041 39050 39312 39655 40005 40152 40255 40658 40955 41007 41147 41239 41274
zippy 38982 39202 39415 39641 40490 40781
zhang 38991 39637 39746 39975 41007 41463
jpl 38991 39612 39975 41151
javid 38991 39975 40182
jiming 38991 39975
jergus 38991 39975
juan 38991 39154 39975 40257 40756 41531
junction 38993
jt 38993
juggle 38998
joe 39012 39041 39083 39410 39589 39858 41007 41145
jacobson 39012 39760 40174 40596 40697 40917 41065 41294 41502 41538
josiah 39015 39151 39872 40206
zheng 39015 39182 39930 40246 41463
jeremy 39015 39836 40229 40255 40521 41212 41541
zap 39016 39179 40602 40618 41446 41498
jeffrey 39021 39041 39139 39429 39836 40229 40255 40623 40709 40983 41239 41274
jesse 39021 40468 40955 41148
jordaniel 39021
zhuomin 39021
jabbarvand 39025 39608 41139 41517
jabbarvr 39025 41517
jenny 39031 39263 39410 39429 40255 40694 41145 41531
jersey 39037 39155 39956 41554
juniors 39039
juttel 39041 39614 41438
jechiel 39041 39429 39435 40709 40794
joann 39041
jason 39041 39225 39429 39546 40208 40321 40358 40709 40930 40967 40983 41012 41358 41379
joseph+mary 39041
zygelberg 39041
zofie 39041
zawor 39041
judymiller411 39041
jennie 39041 39139 39429 39847 40082 40709 41239
julius 39041 39429 39614 39655 40152 40255 40658 40709 40983 41147 41239 41274
jessica 39041 39128 39343 39412 39736 39743 39847 39930 40014 40229 40312 40476 40568 40671 40678 40709 41018 41046 41364 41408
jerome 39041 39139 39266 39847 39945 40005 40229 40255 40658 40709 41147 41409
zeif 39041
zimmerman 39041
jule 39041
jar 39054 39738 40033 40169 40481 40540 41538
zip 39054 39108 39630 39738 39950 40033 40093 40254 40347 40539 40540 40605 40917 40996 41215 41538
jochomen 39058
judel 39058 39275 39655 39836 40005 40402 41379 41566
jana 39065 39707
zack 39078 39190 39385 40695
jespersen 39083
jameson 39083 39746
jamet75 39083
jamet 39083
jansen93 39083
jansen 39083
joe86 39083
joe89 39083
joe90 39083
joe91 39083
joe91b 39083
jones 39083 40246 40435 40623 40955
zubair 39083
zienkiewicz 39083
zerlegung 39083
zhu 39083 39522 40045 40180
zvi 39091 39128 40152 40229 41252
jean 39105 39429 39710 39847 40180 40255 40658 40955 41274
zisserman 39105
zerodivisionerror 39108
japanese 39116 39746 40952 41510
julie 39116 39136 39847 40229 40255 40658 40709 40750 41147 41239
zafar 39116
zaman 39116
zaid 39116
jump 39120 39251 39290 39556 39587 39630 40321
july2016 39120
jeopardize 39120
jury 39120
jeopardy 39120
janken 39120
judea 39120 39500 39574 39709 40755 41379
zipped 39120 39615 39760 40100
jmiller 39123 39420 39607
jog 39126
jogathon 39126 40385
judy 39128 39546 39608 39762 39911 40246 40892 41012 41064 41196 41599
jcampf 39128
jugoslavia 39128
zoebethnj 39128
jack 39128 39145 39365 39429 39817 39847 40005 40229 40276 40709 40983 40994 41024 41038 41145 41187 41212 41239 41541 41594
jehoshua 39128
jerusalem 39128 39681 39762 39956 40152 40229 40599 40794
zacavica 39128
junit 39136 39630 39924 39950 41215
joke 39136 40274 41084
zelinski 39136
jankel 39139 39655 40082 40508
jeak 39139
jimmy 39139 40619
jaydevbhai 39139
jenta 39139 39614 41252
jontel 39139 39266
zangen 39145 40402 40508
zipe 39145
zelig 39145 39266 39275 39614 39870 40152 40229 40658 40794 40840 40983 41212 41239 41274 41379 41409 41566
jakubi 39145
jakober 39145 40967
zinger 39145
zynger 39145
zanger 39145
jiangsu 39170
jarecki 39172 39372 40254 40633
zion 39187 39403 39533 40787
jobmanager 39195
jeju 39200 39680 40056 40747
jens 39201
‚ 39201
jsac 39201
julianna 39213
jpg 39218 41593
jpe 39218
ji 39225 39637 39930 40180
zhile 39225
jake 39225
zyante 39228 41451
zebra 39229 40957
jaume 39232
jayson 39237 40062
jentli 39240
zucker 39240 39266 39429 39694 40082 40152 40476 40709 40794 40967 41542
jerzy 39240 39270 39429 39870 40005 40229 40402 40658 40709 41212 41274
zuckerman 39240 40229
zablocie 39240 40508 40840
jaslo 39240 39614 40229
jekiel 39240
zuzka 39242 39565
jamesal1 39258
joanna 39266 39870 40549 40825 41239
zimmerspitz 39266 40229 40955
janczalek 39266 40967
zessel 39266
zussel 39266 39945 41212
jentla 39266 39681 41553
jentel 39266 39681 39836 39847 40082 40825 41212
jachym 39266 40229
jung 39266 40750
καὶ 39268
justification 39268 39363 40208 40254 41358
janik 39268
zyskind 39270 39870
judes 39270 39275 39614 39655 39681 40082 40402 40972
zalipie 39270
zbar 39270
jona 39270 39614
zabno 39270 41542
jonah 39270 40967
joachim 39270 39275 39435 39614 39681 39945 40005 40229 40316 40476 40731 40794 40825 40840 40967 41212 41239 41252 41274 41409 41438
zydaak 39270
jellyfish 39274
jacheta 39275 40967
jochwet 39275 39614 39655 39681 40658 40709 40731 41187 41239 41566
zipper 39275 39645
judessa 39275 39614 40255 40840 41212 41274 41409 41438
zigmund 39275
zisel 39275
joachym 39275 40476 40840
jachetta 39275 39435 40152 40316 40684 41232 41409
joskowicz 39275
jecheskel 39275 39614 41438 41566
zeller 39275
jurowitz 39287
ziegler 39287 39589
jingle 39290
junkyard 39318 39589 39782 39858 40304 40789 40889 40903 41420
zcomputer 39343 39605 39967 40096 40246 41158
jutts 39343
zhaoxia 39343 41583
j1 39347 39746
j2 39347 39746
j1index 39347
j2second 39347
jihye 39372 40633
joc'06 39372
jakobsson 39372
joc'00 39372
journals 39372 39637 39746 41092
zygmund 39399 41409
z= 39420
jeanpa 39420
jayhawk 39420
jak 39420
johnny 39420 39683 40463 41408
janice 39429 39608 39762 39847 39978 40884 41064 41147
jacob+ida 39429
jasliska 39429
jurkowicz 39429 40549
jacob+sarah 39429
zawierzbin 39429
jochbet 39429
zloty 39429 41252
zvihersch+chava 39429
johannesburg 39429 40229
zbikowic 39429
zacharyasz 39429 39655 41252 41438
jerry 39429
jacqueline 39429 39870 40229 40255 40983
jerrold 39429 40229
jungerwirth 39429
joyce 39429 39847 40005 40229 40955 41274
juliusz 39429 40005 40508 40658 40840 41239 41566
zuzanna 39429
jaworow 39429
jaworzno 39429 39614 40082 41187 41274 41509
jeshaia 39435
zator 39435 40005 40794 40967 41379
juke 39435
jain 39436 39527 39608 39746 39988 40027 40280 40776 40930 41007
zhao 39436 39637 39774 40398 41408 41463
jungleboat 39450
jin 39454 39746
julien 39454
javabayes 39465 39574 39815
jojo 39476
zúñiga 39484
jaccard 39491 39832
zijia 39498
juncture 39499
jasmin 39507
zanwel 39507 40255 40967 41239 41409
zeng 39522
juno 39541 40350
zebrafish 39552
jazz 39562 39995 41568
zhenhua 39572
zhai 39572
jingyu 39572
jouffe 39574
ztilde 39577
ztinv 39577
johns 39583 39858 40290
zonohedron 39589
zare 39589
zome 39589
jcta 39589
zonohedra 39589 41092
zonotopes 39589 41092
jfc 39607
jradoff 39607
joins 39608 39635 39850 41064
jet 39612 40121
javascript 39612 40208 41233 41271 41358
jekele 39614
zwierzynca 39614
zelda 39614 40082 41239
zeldalandau80 39614
zdroj 39614
jaworzna 39614
zagan 39614
jo 39618
jumps 39630
jumped 39630
justify 39635 39690 40254 40434 40634
zelkowitz 39635
jamison 39635
zhijing 39637
jalali 39637 41502
zoombiecam 39637
zoom 39637 41132
jrtip 39637
jehan 39637
zacharyas 39655
jachwett 39655
jozef+rachel 39681
jachwet 39681 39836 40316 40731 41239
zipora 39681
zwickau 39681
zeev 39681 40152
zeisler 39681
jits 39690 41271
johanna 39694 39951 40508 41232
jeff 39703 39719 39858 40257 40862
jridenou 39703
j2se 39703 40917
zagoriška 39711 40725 40857 40938 41059
zeros 39729 40281 40578 41111 41121
zalel 39735 40402 40709 41542
zimmer 39736
journalists 39736
jakobsohn 39739 39847 40675 40967 41566
judka 39739 41274
jutka 39739
zhou 39746 40180 40750
jannach 39746
j39 39746
j38 39746
j37 39746
j36 39746
j35 39746
j34 39746
j33 39746
j32 39746
j31 39746
j30 39746
j29 39746
jannie 39746
j28 39746
j27 39746
j26 39746
j25 39746
j24 39746
j23 39746
j22 39746
j21 39746
j20 39746
j19 39746
j18 39746
j17 39746
j16 39746
j15 39746
j14 39746
j13 39746
j12 39746
j11 39746
j10 39746
j9 39746
j8 39746
j7 39746
j6 39746
j5 39746
j4 39746
j3 39746
zum 39746
joshi 39746
zurich 39746 40434 40623 40852
zancanaro 39746
johnstown 39746
zielhierarchie 39746
zur 39746
justifications 39746
zugang 39746
zu 39746
jaceniak 39746
juarez 39746
juels 39746
jörg 39746
zugangssystem 39746
judged 39747 40208 40358 41358
joey 39762
zborov 39762
jews 39762 40926
z∈s 39785
z≤x 39785
z∈p 39785
joaquin 39813 40236 40687 40837 41386
jussi 39827
jachwetta 39836
jochebed 39836
zittau 39836
zsani 39836
zbaszyn 39840
jag 39841
jetti 39847 40152 40955 41187 41566
jill 39847 41147
joy 39847 40005 41084 41288 41554
zd 39851
jasper 39855 41326
jeffe 39858
zürich 39858 40056 40747
zhuravno 39861
jasio 39870
zabierzow 39870
jaffe 39870
zeidman 39870
zuskind 39870 41212
zobel 39872
joanne 39882 41274
jaime 39890 41007
judges 39911 40321 40353 41007
jdbc 39916
zabriskie 39922 40488
jürgo 39930
jantsch 39930
jiang 39930 41475
juhász 39930
zadeh 39930
johannes 39930 40955
jouni 39930
juha 39930
johan 39930 41553
zainalabedin 39930
zatt 39930
janne 39930
juhasz 39930
joão 39930
zhuo 39930
zou 39930 41463
zamani 39930
jailhouse 39932
zilbermintz 39945
zwierz 39945
zwierzyniecki 39945
jozef+anna 39945
jre 39950 40917
zen 39956 41018
jackpot 39987 41476
jesus 39995 40599 41408 41531
zarzecki 40005
zarnecki 40005
zarnecka 40005
zbigniew 40005
juer 40005
zaks 40005
jakub+ruchel 40005
zev 40005 40152
jordana 40005
ziesli 40005
jokiel 40005
ze'ev 40026
jorg 40031
jewett 40061
jacm 40079
jonkler 40082 40229 40658 41212
zyssel 40082 41409
zmigrod 40082 40229 40731 41438
zussli 40082 40229
justly 40097
jerky 40100
jorgensen 40109 40976
jajorgen 40109
zx 40121
zawichost 40152
zacharia 40152
joel+jentla 40152
jami 40152
jehudas 40152
zalman 40152 40967 41379
zale 40152
jar= 40169
jinbo 40180
joerg 40180
juang 40180
jennings 40180
zshani 40180
josie 40208 41358
jase 40208 41358
jsp 40208 41358
jointly 40213
junkyu 40225
jutel 40229 41379
jono 40229
jablonski 40229
jutrzenka 40229
johann 40229
jrafelski 40229
jessie 40229
zahorik 40229
jpd 40246
jfeldman 40246
joshug4 40246
jajones 40246
jsolson 40246
zhengkai 40246
janker 40255
jakob+feigel 40255
jacobs 40255
jamie 40255
jackie 40255 40468 40750
jennete 40255
jr 40255 40297 41147
jupiter 40255 41252
ja 40257 40660
jea 40257 41092
josep 40261
jed 40274
zala 40287
zalaczgeszeg 40287
zosia 40287
jai 40295 40700
jrs 40297
zeta 40304
justifying 40304
judicial 40310
jochan 40316
zhipeng 40326
jewishgen 40397 40926
jules 40402
zilly 40402
junk 40456 40725
jame 40466 40983 41149
zwettel 40476 40731
jirka 40478
javabeans 40481
jardin 40481
judis 40508
jozefa 40508 40709 40955
zissel 40508
jurowicz 40508
ziffer 40508
judkiewicz 40508
jovial 40528
jokes 40528
jurassic 40532
junkies 40534
zeroes 40538 40699 40832
jvm 40540
judyta 40549
zukerman 40549
jug 40594 41161
zipwith 40605
jacket 40617
jacek 40623
javanmardi 40623
jaipur 40623
jmin 40627
jmax 40627
jessa 40649
zoya 40649
jahr 40658
zagorki 40658
zimmentstark 40658
jutte 40658
zorn 40658
jente 40658
jachweta 40658
zetta 40663
zepto 40663
judicious 40663
jama 40673
juttla 40675
zausia 40675
jakobson 40684
zauger 40694
justyna 40694
zeroing 40699
zeroed 40699
jehuda 40709
jared 40709
jortner 40709
zachariasz 40709
zackery 40709
jedediah 40709
joseph+julia 40709
juliet 40709 41409
jarad 40709
junius 40709
jakobeliasz+sara 40709
juliette 40709
zelinda 40709
zydaczow 40709
zahaczewska 40709
zahaczewski 40709
jojne 40731
jull 40731
jaker 40731
junger 40731 41252
jutla 40731 41542
zilbersztajn 40731
jovel 40750
jahnavi 40750
jae 40750
jeconiah 40760
jot 40779
josue 40794
jezua 40794
jehosuah 40794
zawircie 40794
zawiercie 40794
zadok 40794
janner 40794
josepf 40794
zwierzyniec 40794 41274
zimbler 40825
jeanne 40836 40983
jaryczower 40840
zeinwel 40840
jueta 40840
zawiercia 40840
zabierzo 40840
justifiable 40842
zuzana 40850
zurfluh 40852
jurisdiction 40876
javafx 40917
jri 40926
jefferson 40926
jackson 40926 41139
jewry 40926
jakobowicz 40955
zindel 40955
julczi 40955
zlate 40967
jozue 40967 41274
zalo 40967
juil 40967
zeiwel 40967
judesse 40967
jakob+sory 40972
zaiden 40983
jayme 40983
zisla 40983
jeanatte 40983
jeffsh47 40983
jacquette 40983
z\ 40998
z\not 40998
z\in 40998
jilla 41007 41111
jinelle 41007
zhiyong 41007
ziv97 41028
jumpin 41038
jenkins 41040
jams 41065 41294
jamboree 41065 41294
july–august 41092
joret 41092
juban 41129
jframe 41132
jss 41139
zach 41145 41257
zelinsky 41147
jeffery 41147
zaun 41147
jarunf 41148
ziwje 41148
jayne 41156
jelewis 41156
jughandle 41161
jucker 41187 41379
zedda 41187
zauman 41187
jochy 41212
zelma 41212
zelman 41212
jaworowo 41212
jozefowicz 41212
zysman 41212
jillian 41212
zara 41212
ziskind 41212
jicin 41212
javdoc 41215
jdk1 41215
jungle 41234
judgment 41237
jewell 41239 41408
jattka 41239
jimmie 41239
zahler 41239
jochanan 41239
zakrzorek 41239
zastow 41239
zdizislaw 41239
januar 41239
jarmark 41248
jenner 41252
zloczow 41252
zuckerberg 41258
zwierzynieckie 41274
zysla 41274
zusman 41274
zena 41298
zinitial 41303
jazzcatsai 41304
zoomscroll 41314
zahra 41319
zmontaze 41319
zhe 41319
zwang15 41319
zybook 41319
jargon 41319
jochenen 41379
zelichowa 41379
jaffa 41379
zusla 41379
jia 41388
z' 41406
javon 41408
jonghyun 41408
jolie 41408
zaragoza 41408
judit 41409
josefthal 41409
josefsthal 41409
jekel 41409
zusel 41409
judki+zysli 41409
john+eleanor 41409
zysel 41409
jeruchem 41409 41438
jetski 41412
joongang 41435
zot 41435
zeughauser 41438
jewels 41446
zwick 41474
jarek 41475
zollikofer 41475
zy 41503
z+ 41503
jpy 41510
jha 41531
zinkevich 41531
zilberstein 41531
jojic 41531
jakkam 41531
jegelka 41531
jars 41538
jakob+malka 41553
zacharias 41566
jozef+chana 41566
joystick 41599
