kayla 33292 33982 34107 34561 34867 35140 35399 35802 35840 35883
kaitlyn 33292 35127 35617 35788
kat 33299
kay 33299 33317 33322 33323 33324 33334 33351 33358 33386 33410 33414 33431 33435 33446 33461 33469 33482 33486 33493 33519 33539 33540 33559 33567 33589 33593 33616 33666 33667 33683 33691 33727 33755 33758 33766 33775 33781 33812 33813 33835 33858 33865 33888 33892 33897 33899 33913 33914 33924 33926 33930 33931 33988 34033 34091 34101 34120 34124 34133 34145 34152 34158 34163 34180 34198 34202 34203 34208 34225 34232 34245 34256 34257 34292 34298 34306 34331 34346 34352 34360 34380 34399 34412 34444 34447 34455 34461 34470 34480 34491 34504 34505 34511 34518 34525 34544 34547 34586 34587 34611 34629 34680 34696 34703 34712 34725 34732 34735 34748 34777 34779 34783 34799 34806 34822 34909 34919 34933 34938 34960 34978 34994 34998 35038 35045 35056 35057 35070 35075 35126 35127 35152 35155 35174 35176 35177 35199 35215 35219 35224 35232 35236 35246 35267 35292 35294 35300 35317 35362 35419 35431 35441 35470 35499 35514 35524 35543 35564 35577 35586 35593 35613 35628 35629 35630 35639 35679 35689 35700 35713 35737 35739 35746 35781 35785 35787 35789 35855 35918 35926 35927 35961 35980 35998 36002 36048
kaufmann 33302 33962 34304 34595 34793 34921 35426 35708 35836 35973
+ 33305 33312 33317 33325 33364 33382 33421 33429 33460 33486 33504 33517 33532 33545 33552 33571 33581 33613 33629 33717 33728 33732 33741 33748 33796 33810 33845 33884 33889 33944 33987 34003 34010 34024 34089 34140 34153 34182 34205 34211 34257 34265 34270 34279 34299 34316 34324 34366 34377 34391 34412 34430 34453 34522 34524 34525 34581 34586 34591 34622 34647 34658 34665 34809 34863 34867 34887 34973 34983 35000 35003 35012 35046 35063 35082 35091 35111 35153 35160 35164 35197 35204 35228 35229 35275 35287 35300 35324 35333 35343 35345 35347 35415 35424 35426 35444 35446 35451 35480 35516 35525 35559 35637 35670 35675 35676 35689 35695 35714 35717 35726 35740 35748 35771 35804 35821 35828 35859 35869 35882 35901 35944 35988 35992 35996 36024 36056
krakow 33305 33325 33364 33382 33421 33629 33717 33728 33796 33810 33845 33889 33944 33987 34010 34024 34089 34140 34211 34265 34299 34316 34366 34453 34472 34522 34581 34586 34658 34665 34758 34867 34973 35003 35012 35063 35091 35141 35160 35197 35204 35275 35333 35343 35345 35415 35426 35525 35559 35670 35675 35695 35714 35717 35771 35828 35859 35882 35901 35944 35992 36024 36056
kleinberger 33305 34595 34973 36056
kasiel 33305
[ 33305 33312 33313 33317 33325 33351 33363 33364 33373 33374 33382 33392 33410 33421 33429 33446 33448 33460 33471 33472 33473 33479 33504 33506 33517 33539 33542 33549 33552 33559 33564 33578 33585 33589 33614 33617 33629 33639 33651 33652 33680 33690 33714 33717 33721 33728 33731 33732 33738 33741 33761 33770 33782 33791 33796 33810 33824 33826 33827 33845 33854 33860 33883 33889 33896 33920 33928 33944 33962 33967 33974 33987 34003 34010 34013 34023 34024 34035 34055 34057 34063 34069 34089 34090 34094 34114 34127 34131 34133 34136 34140 34145 34175 34182 34205 34211 34230 34237 34257 34259 34263 34265 34282 34299 34302 34304 34316 34319 34320 34337 34366 34369 34377 34383 34400 34412 34444 34453 34455 34462 34471 34481 34508 34513 34519 34522 34524 34530 34540 34554 34556 34559 34565 34572 34580 34581 34586 34631 34638 34646 34648 34658 34665 34666 34671 34676 34701 34707 34712 34720 34728 34748 34758 34781 34785 34800 34802 34807 34809 34855 34864 34867 34873 34887 34921 34925 34973 35000 35003 35012 35043 35044 35046 35047 35057 35062 35063 35081 35082 35091 35101 35111 35127 35130 35150 35153 35158 35160 35164 35166 35197 35204 35219 35228 35229 35232 35246 35268 35275 35282 35300 35302 35329 35333 35343 35345 35347 35371 35415 35423 35424 35426 35444 35446 35451 35452 35463 35471 35479 35480 35511 35525 35540 35559 35564 35604 35607 35621 35626 35636 35637 35639 35643 35656 35667 35670 35675 35681 35686 35687 35695 35707 35714 35717 35726 35740 35746 35748 35757 35771 35780 35786 35804 35821 35828 35836 35845 35852 35859 35874 35882 35901 35904 35905 35918 35921 35940 35944 35954 35963 35973 35990 35992 36000 36010 36020 36024 36038 36056 36058 36062
kevin 33308 33667 34014 34091 34198 34400 34455 34579 34734 34982 34998 35000 35452 35553 35626 35678 35700 35702 36027
kind 33312 33446 33472 33532 33559 33560 33585 33741 33771 33813 33822 33854 33983 34013 34101 34133 34158 34182 34208 34283 34329 34332 34346 34375 34412 34430 34444 34480 34504 34524 34540 34591 34622 34671 34707 34799 34802 34873 34983 35046 35082 35169 35219 35232 35297 35443 35621 35679 35689 35707 35748 35789 35957
kinds 33312 33439 33460 33532 33564 33771 34082 34260 34329 34384 34412 34591 34707 34738 34807 34851 34873 34919 35046 35152 35169 35189 35446 35451 35621 35681 35700 35748 35789 35858 35946
keys 33312 33504 33585 33683 33721 33771 34017 34082 34405 34444 34484 34634 35043 35046 35279 35287 35324 35352 35574 35603 35725
keeping 33312 33479 33502 33771 34120 34182 34375 34412 34444 34806 34983 35082 35287 35443 35689 35823 35946
know 33312 33358 33430 33439 33446 33460 33500 33502 33519 33532 33564 33567 33585 33602 33617 33636 33667 33680 33732 33741 33771 33782 33813 33835 33884 33926 34001 34063 34082 34101 34110 34120 34133 34180 34182 34184 34191 34194 34232 34256 34257 34259 34260 34320 34329 34331 34375 34399 34412 34424 34430 34436 34444 34455 34461 34484 34511 34524 34525 34540 34547 34554 34591 34608 34622 34638 34671 34684 34691 34707 34724 34738 34746 34758 34806 34807 34809 34822 34832 34839 34873 34935 34945 34958 34960 34978 34983 35000 35030 35045 35046 35073 35081 35082 35134 35136 35169 35228 35268 35280 35300 35329 35352 35357 35443 35451 35543 35593 35613 35621 35689 35699 35740 35748 35751 35757 35781 35789 35805 35829 35858 35878 35882 35906 35918 35946 35980 35998 36041 36051
{ 33312 33374 33429 33439 33500 33545 33629 33651 33717 33736 33741 33771 33796 33824 33845 33884 33896 33944 33987 34063 34082 34085 34094 34110 34146 34153 34205 34257 34263 34279 34287 34299 34337 34377 34412 34450 34508 34524 34546 34580 34591 34626 34638 34665 34689 34701 34723 34781 34849 34863 34925 35012 35043 35046 35081 35082 35088 35111 35204 35228 35300 35302 35342 35345 35347 35359 35423 35451 35471 35480 35511 35538 35559 35597 35621 35636 35637 35643 35656 35675 35676 35687 35711 35726 35740 35821 35901 35904 35954 36026 36056
++ 33312 33517 34257 35300 35347 35444
keep 33312 33313 33410 33472 33493 33502 33539 33540 33585 33602 33667 33732 33741 33771 33782 33813 33830 33865 33926 34110 34133 34182 34232 34259 34331 34375 34377 34399 34400 34412 34436 34444 34484 34554 34591 34611 34622 34638 34691 34712 34749 34758 34800 34802 34806 34835 34839 34873 34914 34919 34977 35000 35045 35073 35082 35088 35123 35136 35169 35224 35232 35268 35287 35292 35317 35357 35362 35443 35451 35689 35727 35748 35781 35921 35961 36004
key 33313 33409 33448 33461 33496 33504 33538 33559 33584 33585 33636 33721 33771 33801 33854 33913 34013 34017 34077 34082 34090 34131 34141 34160 34180 34182 34192 34257 34259 34272 34383 34405 34444 34554 34634 34638 34663 34674 34707 34738 34835 34839 34873 34914 34934 34935 34938 34960 35015 35046 35069 35081 35082 35114 35123 35134 35136 35228 35229 35287 35300 35324 35352 35413 35430 35511 35574 35626 35673 35681 35689 35700 35748 35781 35789 35793 35835 35868 35961 35996 36004 36050
kms 33313
knowledge 33313 33318 33353 33460 33473 33482 33494 33532 33540 33552 33585 33593 33617 33771 33854 33926 33928 33943 33962 33986 34013 34055 34090 34091 34101 34120 34174 34180 34182 34232 34248 34254 34282 34304 34306 34352 34424 34505 34608 34632 34634 34638 34648 34691 34707 34712 34724 34732 34793 34798 34832 34842 34873 34921 34960 34982 35045 35155 35156 35169 35223 35228 35443 35516 35553 35607 35626 35668 35677 35689 35700 35742 35748 35804 35836 35882 35906 35912 35963 35973 36027 36045
kings 33318
knapsack 33320 35805
kowalik 33323 33435 33540 35292
kitty 33324 34089 34453 35554
kielce 33325 33944
kohn 33325 34867 35197
karol 33325 34581 35714
katarzyna 33325
kamioner 33325
krotowski 33325
krotowska 33325
kempinska 33325
kornelia 33325
klara 33325 33332 33364 33717 33810 35828
kwiatkowski 33325
korea 33329 34055 34793 34865 34908 35470 35878 36023
knights 33344 36001
kopita 33353
known 33353 33373 33392 33399 33410 33494 33519 33564 33580 33680 33721 33760 33770 33817 33926 33928 33967 34001 34033 34039 34090 34127 34145 34174 34194 34259 34260 34287 34302 34320 34332 34352 34430 34508 34519 34525 34547 34612 34622 34638 34732 34746 34757 34758 34798 34807 34832 34839 34872 34873 34909 34919 34934 34946 34965 35043 35081 35082 35208 35223 35228 35324 35352 35405 35443 35471 35479 35505 35511 35516 35597 35607 35626 35636 35666 35677 35700 35703 35711 35740 35748 35829 35878 35882 35906 35912 35980 35988 35996 36004 36045
kopitas 33353
kickoff 33358 34544 34548 36008
katherine 33358 33519 33888 34933 34998 35091 35204 35514 35717 35796
k 33359 33374 33399 33458 33504 33506 33721 33770 33771 33781 33854 34010 34013 34082 34094 34202 34205 34257 34320 34412 34453 34477 34508 34524 34533 34546 34566 34634 34646 34680 34746 34801 34809 34862 34940 34971 35083 35228 35229 35287 35300 35302 35405 35443 35461 35480 35492 35574 35643 35673 35686 35711 35725 35726 35740 35742 35804 35829 35904 35926 36026
kite 33360 33377 34882 34888 35248
klipper 33364 33796 34024 35063
kane 33364
kluger 33364 33944 34010 34586 35063 35343
ksiel 33364
krautenfeld 33364 34024 35828
kreisler 33364
krystyna 33364 35714 35771
kasiarajar 33364
koenig 33364
karolina 33364 33382 33717 33810 33845 34024 34581 35063 35426
krosno 33364
kogge 33366 34414
kyushu 33366 33801 34966
+u 33366
keiji 33366
kimura 33366 33801
kasahara 33366 33801
kattamuri 33366
korman 33367 35882
kats 33372
kai 33380 33801 33899 34152 34447 34629 34857 34998 35126 35161 35199 35267 35600 36048
kalman 33382 33845 33944 33987 34010 34024 34140 34211 34265 34453 34586 34595 34658 34758 34867 34973 35012 35063 35275 35426 35525 35882 35901 36056
katz 33382 33571 33944 33987 34595 34665 34998 35525 35675 35882 36056
kyla 33382
kavanaugh 33386
karen 33386 33899 34089 34316 34453 34873 34998 35127 35199 35204 35524 35748
kashani 33386 35514
kew 33386 34120
kalev 33392 33920 34003 34302 34676 35780
kask 33392 33920 34302 34676 35780
keith 33397 33413 33567 33770 34055 34057 34259 34998 35553 35748
kyoto 33399 33801 34793 35700
kernelization 33399 35805 36026
kiczales 33404
kersten 33404
kate 33405 33519 34040 34316 34973 35627 36055
khuller 33409
klein 33409 33845 33944 34211 34316 34352 35082 35717 35882
klaus 33409
kriegel 33409
keyboard 33410 33502 33652 34405 34806 34881 35287
kern 33413 33433 33696 34259 35595 35770
kenji 33413 33913 34057 34966 35081 35424 35748 36058
keryx 33427
+= 33429 33439 34203 34205 34257 34591 34723 35228 35300 35821
keyword 33430 33927 34205 34240 34576 34709 35488 35621 35716 35769 35858
knew 33435 33540 34158 34524 34807 34839 35045 35906
knowing 33439 33585 33813 34145 34579 34608 34622 34712 34784 34873 34938 34983 35046 35228 35451 35538 35621 35673
knows 33439 33519 33540 33552 34044 34194 34444 34800 34863 34873 35081 35228 35613 35621 35689 35748 35906 35921
karl 33446 33845 34260
karlstrom 33446
knuth 33446 33758 34018 34436 35277 35499 35746
killer 33448 33955 34278 34347 34664 34975 35194 35500 35612 35699 35948
kenneth 33472 33519 34010 34316 34934 34998 35069 35127 35953
keynotes 33477 34384 34452
keywords 33477 33613 33617 33927 34377 34430 34576 34707 34746 35228 35427 35621 36000
kuhrmann 33477
kos 33482
krishnamurthi 33493 33865
kernel 33500 33732 33896 34068 34182 34319 35471
+1 33500 33637 34767 34887 35495 35673 35868
keypair 33500
kit 33502 33571 33585 33854 34013 35789
kelsey 33503 33543 33597 33685 33853 33989 34107 34290 34410 34421 34563 34923 34998 35803
k^k 33504 36026
k0 33504
kinetic 33506 34096
kalamazoo 33519
katie 33519 33597 33888 33899 33938 33989 34120 34607 34783 35126 35199 35299 35737
kookies7 33519
kuat 33519
kong 33519 34478 34998 36000
kansas 33519 35564
kraus 33519
kentucky 33519 34260
kateeppstein 33519
katya 33519
ken 33519 33564 34129 34221 34232 34377 34968 34998 36008
keller 33519 33801 33878 34260 34265 34608 35700 35882
königsburg 33519
k+3 33542
karim 33545 33564 34260
kept 33552 33585 33926 34182 34608 34622 34765 34802 34806 34807 34835 34873 35405 35443 35626 35878 35963
krishnaswamy 33552
keepers 33552
+4m 33552
katrinka 33554 33624 35603 35672
+5 33558 34387
krause 33560
kenya 33560
kabon 33564
kato 33564
kobon 33564
kenyon 33564 34260
kuperberg 33564 34001 34746
khalad 33564 34260
kidney 33567
kidneys 33567
kurose 33567
kindly 33585 33854 34013
kung 33585
kim 33585 33888 34055 34089 34091 34175 34240 34260 34634 34793 34998 35091 35127 35403 35479 35677 35708
kemnitz 33613
kummer 33613
+0000 33613
kok 33613
kfoster 33613
kurt 33613 33899 34352 34799 35003 35126 35199 35737
kraitchik 33613
keynoting 33616 35746
kanner 33629 34586 34658 35882
kurtz 33629 35499 35992
kurc 33629
knot 33646 33712 34039 34746
kasaei 33650
+sse2 33651
kbd 33652
karels 33652
kenny 33667 33913 35127
kreger 33676
konstanz 33679
kites 33680 34260
kadon 33680
knots 33680 34260 34746
kaleidoscopes 33680
kaplan 33680 34260
kitchen 33683 34673 34703 34705 34729 34800 34993
kicked 33685
king 33711 33951 34122 34252 34459 34705 34807 34808 35127 35184 35405 35495 35805 36004
kcal 33713 35255
kastner 33717 35333 35771
kliper 33717
kirschbaum 33717 33944 34595
kalma 33717
kempler 33717 34793 34973
klagsbrun 33717
kuscher 33717
kirschenbaum 33717
keindel 33717 33987
keppler 33717
kopel 33717 33987 34211 34595 35160 35426
kostitsyna 33730
kingston 33730
knees 33733
koala 33747
+15 33747 35631
kendal 33751 33853
+∞ 33771
koestler 33788
+termclass 33791
+transpred 33791
+options 33791
kuck 33801
kei 33801
kazuki 33801 34966
keio 33801
kobe 33801
kitsuregawa 33801
kudo 33801
kusakabe 33801
kollender 33810 35559
kleinman 33810
klasno 33810 33944 34316 34665 35012 35063 35333 35717
kerger 33810
kaufler 33810 34265
keynote 33813 33913 34225 34696 35700 35746
kuci 33830
keila 33845 34595 34758 35012
krystynopol 33845 35063
kuno 33845
koszyce 33845 33944
kosice 33845 33986 35882
kathryn 33845 34998 35091
kuptsow 33845
kannan 33846 34998
khare 33852 34259 34700 34934 34998 35868
kathy 33853 34873 34897 35091 35553 35613 35708
kill 33883 34864 35287 35878
kris 33888
kristin 33888 34579 35980
kristen 33888 33913 34120 35127
kaila 33889 34883 35012
kreindel 33889 34299 34595 34665 34973 35160 35717 35859 36056
kylie 33892 33899 35126 35199
karthik 33892 34998
kayakers 33895
kicks 33899 33926 33989 34553 34974 35042 35075 35199
kids 33899 33914 33926 34006 34216 34325 34328 34745 34849 35108 35125 35127 35173 35199 35206 35279 35316 35439 35482 35510 35564 35584 35789 35876 35927
knowable 33899 34873 35199
kosters 33903 35868
+time 33912
+timer 33912
+interval 33912
khaine 33913 35127
khuong 33913 34998 35127
khrihara 33913
korematsu 33913
khalil 33913
karam 33913
klefstad 33926 34158 34793 35869
kelly 33926 35091 35708
koehne 33928 34055
korschenbroich 33944
kornfeld 33944
kety 33944
kaczka 33944
kendel 33944 34211 34595 35882
korngold 33944 33987 34010 34140 35771
kaminska 33944 34658
kornreich 33944
kelmansky 33944
katrina 33944 34455 35553
kiley 33953 34310 34510 35165
kingdom 33986 35470
kahn 33986 34998 35675
kabolacsarda 33986
kassa 33986
kereszt 33986
kristy 33986
kohane 33987
keile 33987 35012 35063
kalwaria 33987 35771
klapholtz 33987
klagsbald 33987 35607 35882
korczyn 33987 35091 36056
klarmann 33987
kreis 33987 35204
katowice 33987
kankakee 33987
kelvin 34001 34455
kissing 34001
keddar 34003
korcyn 34010
kamila 34010 35714
konrad 34010 34581 34998 35771
koral 34010 34211 34595 35426
kramer 34010 35352
kagurazaka 34019
kestenberg 34024 35197 35559
klempner 34024
krongold 34024
krusa 34024 35063
kenner 34024 35828
kobylan 34024
kobylany 34024
korn 34024 34973 35828
kissell 34033
kam 34055
kernels 34058
kelp 34062 34952 35213 35700
kadia 34077 35892
+\frac 34082
klaphaus 34089
kasia 34089
kraushaar 34089 34140
keharris24 34089
kerosene 34091
kinsey 34091
+stepsize 34094
kills 34109
khuu 34120
kiss 34122
» 34124 34330 34380 34395 34739 34842 35008 35176 35250 35263 35431 35470 35591 35628 35823 35980 36008
kirschner 34140 35717
kranz 34140 35859
kolb 34140
kleinberg 34140 35677
keiner 34140
kirsch 34140 35695
kerberos 34160
knowlege 34174
kyungbaek 34175 34240
kyle 34175 34966 34998 35246
karpathy 34178
kernighan 34182 35499
kampa 34193
kernelspec 34205
kasimierz 34211
karpel 34211 34595 35670
kohlberg 34211
kwelwasser 34211
kohlhary 34211
kregiel 34211
krengel 34211 34595
koszes 34211
kreyde 34211
kreglowicz 34211
krzepler 34211
katyner 34211
katzner 34211 34665 34758 35670
krassel 34211
klaspolcz 34211
kopelik 34211
kretzer 34211
krayzl 34211
kantor 34211 34595
kazimierz 34211 34758 34807 35426
kalmann 34211
kou 34232
kerim 34240 35917
khadilkar 34240
kantarcioglu 34240
kalah 34248
kimberly 34250 35126 35127
kick 34254 34923 34967
kean 34254
kaiser 34259 34934 35204 35882
knoxville 34259
kari 34260 34873 34934 35069
kaleidotile 34260
kolountzakis 34260
knotwork 34260
kepler 34260 34595
kreutler 34265 34316 35859 35944
kuba 34265
keysort 34272
+list1 34272
+key 34272
+order 34272
+list2 34272
+list 34272
+random 34272
khaki 34279
kalashnikov 34282
kragel 34299
kalmus 34299
kiwe 34299 35901
klaaskate 34299
kimball 34304 35973
kops 34316 34973
ks 34316
kmeans 34319 35302 35479
+o 34320
ks93 34320
kmrsss99 34320
kindred 34346 34960 35177
ko 34352
kiszowice 34366
kurczyn 34366
kuehn 34366
++i 34375
+++++++++++++++++++++++++++++++++++++++++++++ 34377
kbt 34377
kludgeins 34377
keri 34399
keyed 34412 34444
kenichirou 34414
kusaba 34414
kholopov 34424
knocked 34444
keeps 34444 34524 34712 34802 34832 35443 35689
klajman 34446
kolz 34453
katzman 34453
kalwary 34453 34867
kanapka 34453
knapp 34453
kanapkee 34453
kostick 34453
kremer 34453
kleid 34455
kenzo 34455
khauv 34455
kurdahi 34455
ke 34455 34998
kd 34459 35479
kodak 34466
kits 34480 35510 35681
k\ 34508
knumber 34508
klecza 34522
kukurudz 34522
kopje 34523
+35 34523
k+1 34524 36026
+infinity 34524
k++ 34524
+mtime 34524
+x 34524
+t 34524 35471
klain 34533
karan 34554 34998
khan 34554 34960 34998
+=2 34554
+=1 34554
keystroke 34559 34634 35287 35781
krohphotos 34579
kroher 34579
kalloc 34580
kfree 34580
kupczyk 34581
kahane 34581
kopechy 34581
kopecky 34581
kayle 34586
++answer 34591
kovea 34595
kammsler 34595
kislev 34595 35607 35882
klonimus 34595
kihan 34595
kahan 34595 35882
kahana 34595
kamsler 34595
katersohn 34595
kaufman 34595 34608 35012 35333 35771
klapfholtz 34595
klapfholz 34595
klipfer 34595
koernitzer 34595
kopler 34595
kornbrod 34595
kornhauser 34595
kreidel 34595
kbann 34608
kamal 34608
kibler 34608 34793
kingsley 34629 35267
kaczmarek 34634
kobsa 34634 34909 35126 35362 35700 35708 35746
koushanfar 34634
kaafar 34634
kumar 34634 34998
krawczyk 34634
kesselman 34634
kshemkalyani 34634
kryptoknight 34634
kb 34638 35183
koller 34648 35452
kohnfelder 34663
kellner 34665
kinda 34705
ks82 34707
kg95 34707
ks96 34707
kettinger 34707
kittenger 34707
kling 34707 35053
ku 34707
kremna 34713
+m 34731
knobs 34738
kilobytes 34738
kasten 34746
kauffman 34746
kazimierzu 34758
krakowie 34758
krakowskim 34758
kalmans 34758
krawiec 34758
kupa 34758
koletek 34758
krakowa 34758
keter 34758
karate 34772
k=1 34781
ksalen 34783 35126
+10 34790 35041
kdd 34793 35479
keogh 34793
koji 34793 35325
khoo 34793
keravnou 34793
kluwer 34793
kearns 34793 36008
kodratoff 34793
keystone 34793
kindle 34806 35708
kretchnikov 34807
killed 34807 34864 35287 35516 35607 35882
kalwarja 34807
korytowski 34807
kalahora 34807
kalahara 34807
kahal 34807
kurdwanowski 34807
krowicki 34807
knives 34807
kerchiefs 34807
+2 34808 35673
kid 34849 35819
kratzer 34867
kolbuszow 34867
kirk 34873
karnik 34873
koch 34873
killers 34873
kingsland 34873
+b 34887
k+40 34912
+20 34912
khargonekar 34933
kock 34934
kitten 34954 35270
kennemerland 34956
kroller 34956
kise 34966
kubota 34966
kiyofumi 34966
kahului 34966
kentros 34971
kirszner 34973
kilda 34973
katy 34973
keitelmann 34973
keitelman 34973
kathlyn 34998
kush 34998
krishna 34998
kaj 34998 35495
krithika 34998
kumat 34998
kaur 34998
katelyn 34998 35127
kadge 34998
kadre 34998
kakani 34998
kanade 34998
kanakanti 34998
kang 34998
karachewski 34998
karami 34998
kashyap 34998
kattiyan 34998
kaushik 34998
kennamer 34998
kerrigan 34998
khodabandeh 34998
khosla 34998
kyoungwon 34998
kirth 34998
konduru 34998
kono 34998
kotha 34998
kothari 34998
kotti 34998
kottwani 34998
krishnakumar 34998
kulkarni 34998
kunjibettu 34998
kuo 34998
kupitz 34998
kutas 34998
kutzman 34998
kwon 34998
kuan 34998
kunshu 34998
koteshwar 34998
khanh 34998
kanagasabai 34998
kisuk 34998
kiyoshi 34998
konstantin 34998
khaja 34998
kleinblatt 35003 35771 35828
kleinblat 35003
kazimiera 35003
karrel 35003
kingman 35003 35479
kirshner 35005
krakauer 35012
kurz 35012 35091
kneeling 35042
kolbuszowa 35063
krzadka 35063
krebs 35063
kwadrat 35063
kapelner 35063
konstantynow 35063
klausner 35063 35343
kobourov 35066 35517
+n 35081
karger 35082
kruskal 35082
kruskal's 35082
kilmermilker 35083
kosches 35091
klobuck 35091
klipstein 35091
kramsdorf 35091
kathleen 35091
krefetz 35091
kindermann 35091
katlin 35091
kent 35091
kleist 35126
khermans 35126
kpeppler 35126
ksquire 35126
kyra 35127
kiana 35127
kausen 35127
kupferstein 35160
kostrze 35160
kalischer 35197 35828
kaliszer 35197
koepenick 35197
kort 35204
karlin 35223
kunal 35223
keyerror 35228
korotichi 35244
kreuzwirth 35275
kr 35287
kl 35287
kwote 35287
kerning 35287
kiefjgcdabh 35300
kijefghcdab 35300
+1+1 35300
kmeans++ 35302
kmeanskmeans 35302
knoguchi 35325
kornblum 35343
knaul 35343
kampf 35343
klang 35343
kothapa 35403
kajla 35415
kt 35424
kaunas 35426
kapelusz 35426
karmel 35426 35675
krzeszowice 35426
kaitlin 35435
++l 35451
korb 35452
kjaerulff 35452
kanazawa 35452
kindergarten 35464
kookmin 35470
klyky 35473
kenichi 35479
kurihara 35479
kappen 35479
korattikara 35479
koratikkara 35479
+sqrt 35480
+covdn 35480
+covdp 35480
k=20 35480
kdreef 35495
kemeny 35499
karp 35516 35829
kessler 35516
kidnapping 35524
keypoint 35529 35540
kanu 35534
keypoints 35540
+toba 35553
+celia 35553
+freda 35553
+abe 35553
+michele 35553
+karl 35553
+sue 35553
+jack 35553
+ron 35553
+fannie 35553
+lyn 35553
+shelley 35553
+virginia 35553
+al 35553
+carolyn 35553
+sheena 35553
+frank 35553
+morris 35553
kline 35553
+joel 35553
+kathie 35553
+arnold 35553
+stuart 35553
kornstein 35553
+marvin 35553
+lula 35553
+bernie 35553
+claiborne 35553
+bertie 35553
+robert 35553
+ilene 35553
+kenn 35553
+robin 35553
+sandy 35553
+devera 35553
keycard 35577
kernbase 35637
khota 35643
kasze 35670
kopp 35675
kolodny 35675
karlsruhe 35677
kerry 35680
kazman 35681
k=10 35686
kanter 35695
kazakhstan 35700
krichmar 35700
kappa 35700
kaohsiung 35700
kityaev 35705
kuniavsky 35708
kevork 35708
kup 35714
kolonia 35714
krolikowska 35714
koppel 35717
kornberg 35717
knoche 35717
knobloch 35717
karoline 35717
koster 35737
λ 35740
λv 35740
královský 35743
kobsa—whose 35746
keepalive 35748
krauskopf 35748
kunze 35748
kindness 35748
kwic 35757
kalwarya 35771
kocmierzow 35771
kafer 35771
kanarvogel 35771
klapwald 35771
kittens 35783
krestel 35786
koiliaris 35805
k=log 35824
kerner 35828
kleinkop 35828
klieger 35828
kunstler 35828
korean 35832
korner 35859
kasalin 35882
krynica 35882
kvatah 35882
kaliva 35882
kezmarok 35882
kopel6 35882
kvakovitz 35882
kuntros 35882
kahne 35882
kurfurst 35882
kiryat 35882
km 35882
kauftheil 35882
khust 35882
kralovsky 35882
kiraly 35882
korolevo 35882
kosher 35882
kula 35882
kendel6 35882
kopel7 35882
klara7 35882
kobsaschool 35896
kopki 35901
kosser 35901
kaner 35901
kranzler 35901
krishnamoorthy 35904 35917
kallush 35906
kiran 35917
kattowitz 35944
kaler 35946
kiesler 35963
khuerth 35980
+e 35990
+dim 35996
klopfer 36008
karrie 36008
karahalios 36008
krenz 36008
krup 36024
+p 36026
keeper 36050
