[ 36064 36067 36103 36112 36117 36122 36141 36143 36166 36186 36188 36189 36191 36210 36212 36217 36222 36239 36241 36242 36259 36267 36273 36289 36296 36297 36298 36299 36310 36322 36343 36352 36357 36380 36403 36412 36415 36420 36421 36460 36468 36471 36479 36480 36493 36495 36505 36522 36537 36539 36542 36548 36572 36594 36604 36608 36617 36627 36636 36662 36676 36703 36708 36715 36724 36726 36730 36732 36735 36739 36749 36755 36768 36771 36773 36791 36801 36802 36807 36809 36811 36817 36818 36822 36831 36841 36847 36853 36862 36873 36883 36890 36898 36900 36905 36909 36918 36921 36923 36927 36933 36948 36950 36958 36985 36989 36992 37013 37015 37019 37041 37045 37047 37071 37085 37087 37099 37100 37111 37112 37116 37126 37154 37159 37160 37165 37174 37183 37188 37194 37201 37213 37219 37237 37241 37242 37243 37258 37260 37263 37272 37278 37281 37286 37296 37325 37332 37349 37384 37386 37418 37422 37429 37433 37438 37443 37462 37470 37477 37511 37516 37520 37524 37538 37539 37543 37544 37546 37556 37570 37588 37590 37592 37596 37600 37605 37606 37614 37619 37623 37625 37629 37656 37662 37668 37683 37688 37705 37707 37741 37744 37749 37750 37755 37757 37762 37765 37772 37775 37788 37789 37800 37813 37819 37831 37832 37855 37862 37866 37867 37868 37873 37876 37882 37907 37920 37921 37926 37931 37941 37943 37953 37955 37963 37978 37979 37990 37995 38005 38023 38032 38040 38052 38054 38055 38057 38063 38066 38068 38069 38077 38079 38084 38085 38090 38093 38105 38110 38114 38137 38143 38148 38153 38159 38178 38184 38187 38224 38233 38250 38267 38281 38286 38289 38297 38300 38306 38313 38314 38334 38349 38353 38354 38397 38398 38404 38408 38409 38410 38413 38417 38419 38433 38452 38455 38483 38507 38513 38533 38535 38546 38560 38561 38603 38612 38615 38619 38620 38638 38658 38670 38696 38701 38704 38714 38715 38732 38746 38754 38756 38758 38763 38769 38771 38783 38789 38790 38803 38806 38811 38812 38815 38817 38820
kay 36070 36106 36143 36152 36200 36211 36213 36217 36227 36231 36235 36240 36241 36268 36276 36290 36320 36326 36336 36338 36348 36350 36381 36390 36402 36412 36415 36430 36437 36455 36458 36467 36474 36475 36481 36487 36517 36527 36529 36545 36566 36605 36621 36623 36625 36637 36674 36677 36731 36743 36757 36758 36760 36771 36790 36793 36813 36880 36890 36894 36902 36906 36925 36937 36945 36948 36987 36988 36989 36993 37005 37023 37026 37039 37065 37069 37087 37134 37159 37161 37182 37199 37243 37248 37269 37284 37292 37313 37320 37333 37352 37360 37393 37421 37428 37431 37464 37468 37471 37486 37503 37505 37520 37521 37558 37564 37566 37581 37582 37596 37623 37627 37644 37659 37684 37715 37735 37736 37744 37750 37758 37781 37789 37818 37846 37852 37863 37924 37929 37961 37969 37992 38022 38039 38074 38080 38090 38139 38159 38176 38241 38253 38264 38281 38287 38334 38351 38360 38365 38376 38396 38419 38429 38437 38456 38476 38490 38498 38511 38522 38530 38539 38578 38583 38618 38619 38621 38631 38651 38673 38709 38711 38735 38737 38770 38788 38794 38803
kills 36073 36848 38040
kiran 36084
k 36087 36103 36122 36172 36200 36201 36235 36322 36471 36480 36483 36493 36495 36532 36539 36563 36566 36665 36755 36809 36813 36883 36905 36918 36923 36926 37113 37118 37133 37191 37227 37229 37253 37368 37399 37592 37601 37602 37609 37705 37715 37723 37741 37757 37765 37857 37891 37953 38005 38040 38148 38233 38240 38250 38277 38397 38462 38488 38507 38541 38544 38653 38665 38671 38708 38716 38739 38800 38817 38820
+name 36092
+associativity 36092
known 36092 36176 36191 36271 36302 36310 36338 36348 36519 36522 36571 36572 36599 36641 36665 36703 36718 36732 36739 36802 36862 36877 36883 36891 36921 36926 36927 36944 36945 36989 37019 37026 37047 37061 37133 37149 37183 37230 37233 37237 37279 37305 37357 37368 37380 37399 37422 37428 37429 37460 37469 37538 37567 37587 37609 37658 37688 37723 37729 37784 37800 37813 37820 37832 37882 37959 37961 37969 38005 38125 38143 38213 38268 38280 38287 38300 38306 38366 38409 38410 38413 38441 38457 38472 38539 38544 38615 38635 38665 38701 38708 38726 38739 38769 38770 38801 38817
+termclass 36092
+transpred 36092
+options 36092
+transterm 36092
+char 36092
+predspec 36092
+precedence 36092
+grammar 36092
+goal 36092 38683
+flags 36092
+file 36092 38683
+class 36092
+flag 36092
+value 36092
+counters 36092
keyword 36092 36672 36730 37213 37563 37959 38127 38278
kymograph 36094
kymographs 36094
+ 36103 36141 36186 36189 36201 36244 36259 36273 36279 36297 36299 36322 36357 36380 36403 36468 36478 36480 36493 36505 36519 36522 36537 36539 36548 36608 36617 36722 36730 36749 36755 36773 36791 36801 36809 36811 36821 36831 36883 36898 36909 36923 36950 36954 36973 36992 37039 37100 37111 37133 37135 37154 37165 37169 37183 37188 37201 37213 37227 37241 37272 37278 37281 37332 37349 37380 37399 37433 37462 37470 37516 37525 37533 37538 37539 37588 37600 37601 37605 37662 37688 37705 37707 37741 37801 37805 37819 37857 37862 37866 37867 37876 37882 37907 37920 37921 37941 37943 37953 37955 37990 38023 38032 38052 38057 38085 38093 38110 38136 38137 38184 38187 38205 38233 38250 38282 38286 38287 38289 38306 38312 38314 38348 38398 38404 38405 38417 38419 38452 38483 38507 38612 38620 38658 38670 38714 38725 38732 38746 38756 38771 38789 38800 38820
krakow 36103 36141 36186 36189 36259 36273 36297 36299 36322 36357 36403 36468 36480 36505 36539 36548 36608 36749 36773 36791 36801 36811 36831 36898 36909 36992 37089 37100 37188 37241 37278 37332 37349 37470 37516 37539 37588 37600 37662 37707 37741 37819 37862 37866 37876 37920 37941 37943 37955 38023 38052 38057 38059 38085 38093 38110 38137 38184 38233 38289 38314 38398 38404 38417 38452 38483 38505 38612 38620 38670 38714 38732 38769 38820
krasse 36103 37201
karl 36103 36735 37662 38670
kathy 36103 36505 37892 38651
kerner 36103 37201
kreindel 36103 36189 36259 36403 36608 37955 38093 38714
klein 36103 36297 36310 36357 36539 36791 37201 37332 37866 37955 38110 38268 38796
kirsch 36103 37201 38093 38233 38417 38526
klasno 36103 36189 36259 36322 36403 36909 37332 37539 37600 37662 37876 38085 38093 38184 38289 38398 38417
korbin 36103
kevin 36106 36232 36268 36337 36403 36774 36835 36913 36923 36945 36988 37157 37299 37585 37711 37765 37815 38163 38781 38782 38796
kinsey 36106 36760
kumra 36106
kiwi 36106 38824
kojiro 36106
khademi 36106 36945
kits 36107 37393 37992 38268
klax 36107 36351 37796
kenneth 36107 36322 36443 36505 36539 36592 37139 37564 37662 37796 38132 38233
kari 36107 37139 37734 37796 38132
kbse'96 36107
{ 36109 36122 36141 36183 36197 36209 36210 36273 36297 36357 36483 36493 36495 36532 36537 36539 36604 36608 36627 36701 36730 36755 36807 36811 36825 36831 36898 36905 36931 36985 37019 37133 37213 37230 37233 37278 37281 37296 37305 37325 37368 37380 37418 37433 37525 37538 37539 37590 37592 37605 37626 37657 37658 37705 37711 37775 37790 37819 37831 37862 37866 37867 37870 37876 37894 37907 37921 37953 37955 37960 37979 38032 38052 38060 38069 38084 38093 38136 38137 38138 38263 38286 38288 38306 38314 38334 38348 38398 38408 38413 38455 38465 38507 38533 38620 38632 38652 38670 38680 38714 38715 38732 38739 38754 38771 38789 38812 38815 38820 38824 38835
+up 36109
+right 36109
+eps 36109
kouroshfar 36112 36735
kilgore 36112 36735
karen 36116 36143 36322 36566 36835 37662 37992 38452 38577
kern 36116 36139 36739 37131 37357 37728 38124 38410
karatsuba 36117
knapsack 36117 36724 36756 36933
kind 36130 36176 36188 36289 36310 36336 36343 36348 36381 36460 36471 36522 36545 36719 36730 36743 36768 36858 36884 36945 37026 37087 37133 37134 37154 37159 37165 37183 37233 37327 37393 37395 37538 37605 37644 37658 37683 37688 37723 37789 37791 37813 37926 37990 38055 38080 38139 38213 38288 38306 38334 38354 38376 38413 38456 38465 38490 38495 38533 38553 38619 38621 38718 38771 38783 38794
kernel 36131 36495 36537 36601 36676 37015 37083 37111 37286 37338 37836 37907 37914 38187 38286 38459 38460 38488 38513
keypoints 36131
kidney 36132 36945
korea 36134 36641 36883 37918 37935 38000 38005 38375 38635 38831
kobourov 36134 36360 36532 36883 37229 37399 38005 38168 38414
ku 36134 37681
knauer 36134 36626
krasnik 36141 37201 37662 38059
kendel 36141 36791 36801 37201 38023 38404
keep 36142 36176 36182 36310 36343 36412 36415 36437 36458 36460 36474 36475 36481 36537 36627 36663 36847 36862 36883 36891 36954 37016 37018 37039 37111 37133 37165 37233 37239 37260 37313 37320 37356 37368 37380 37384 37413 37422 37425 37469 37471 37497 37520 37558 37567 37581 37605 37609 37619 37658 37721 37723 37726 37744 37758 37784 37791 37800 37832 37886 37913 37914 37926 37974 38055 38193 38250 38334 38350 38376 38410 38413 38419 38465 38488 38490 38498 38539 38718 38756 38763 38794 38803 38808
keyboard 36143 36617 36864 37111 37190 37623 37744 38074 38193 38288 38413 38488 38794
key 36143 36176 36276 36348 36351 36424 36460 36471 36542 36571 36617 36621 36736 36739 36847 36945 36993 37019 37133 37134 37139 37142 37165 37190 37325 37333 37341 37501 37565 37590 37658 37705 37723 37762 37789 37800 37824 37864 37926 37974 37979 37991 38074 38085 38263 38271 38294 38334 38353 38410 38413 38462 38465 38472 38490 38533 38535 38706 38756 38790 38796
kinds 36168 36188 36217 36223 36343 36415 36430 36460 36522 36627 36719 36730 36883 36884 36891 36945 36989 37134 37159 37165 37209 37222 37236 37380 37422 37428 37521 37566 37658 37813 37850 37882 37894 37990 38005 38055 38213 38250 38288 38306 38410 38413 38465 38560 38652 38755 38756 38783
kurz 36172 38005
knowledge 36176 36188 36191 36253 36289 36298 36310 36315 36336 36424 36457 36458 36471 36485 36522 36563 36572 36623 36662 36718 36719 36731 36743 36783 36793 36802 36841 36847 36862 36873 36877 36883 36905 36917 37142 37149 37154 37159 37265 37279 37325 37333 37355 37365 37368 37399 37422 37431 37471 37521 37565 37598 37623 37627 37659 37688 37749 37813 37815 37832 37882 37894 37926 37990 37992 38049 38078 38224 38264 38354 38441 38488 38490 38513 38544 38556 38631 38635 38696 38769 38806
know 36176 36182 36211 36223 36289 36295 36309 36310 36336 36343 36348 36393 36424 36455 36457 36458 36460 36475 36481 36519 36522 36537 36617 36627 36718 36730 36739 36743 36783 36802 36847 36862 36873 36891 36894 36905 36913 36917 36923 36925 36959 36987 37002 37019 37047 37133 37134 37154 37159 37165 37183 37213 37233 37248 37308 37313 37314 37320 37330 37352 37356 37368 37378 37380 37429 37435 37462 37469 37471 37520 37538 37562 37623 37627 37658 37688 37723 37744 37784 37789 37791 37813 37832 37852 37882 37894 37907 37922 37926 37959 37990 38005 38072 38139 38143 38153 38159 38160 38193 38268 38278 38281 38286 38288 38295 38334 38350 38351 38376 38409 38410 38413 38419 38437 38441 38465 38472 38488 38490 38533 38535 38539 38564 38577 38583 38651 38718 38756 38771 38783 38794 38824
kalman 36186 36297 36299 36357 36505 36539 36548 36608 36749 36773 36791 36801 36811 36862 37201 37241 37278 37332 37349 37539 37662 37707 37819 37866 37955 38093 38110 38137 38184 38233 38289 38398 38404 38417 38670 38714 38732 38796 38820
karol 36186 36322 37943 38184 38417
krusa 36186 37955
kopel 36186 36548 37201 37241 37866 37955 38110 38670
karolina 36186 36189 36357 36749 36791 37278 37332 37470 37866 37955 38093 38110 38184 38417 38670
klipper 36186 36322 36791 37866 37876 38314
krystyna 36186 38184
krongold 36186 37201
kling 36188 36719 37100
kristen 36188 36354 36390 36517 36574
krasner 36188
keynote 36188 36902 36906 36945 37139 37159 37357 37735 37755 38090 38274
klapholz 36189
krowodrza 36189
kronodrza 36189
kleinman 36189 38110
knobloch 36189 36297 37955
kaczka 36189
kauffman 36191
konstanz 36203 36284 37229 37355 37399 38017
kazan 36212
kids 36214 36249 36477 36663 36862 36906 36917 37134 37170 37265 37683 37696 37906 37952 38081 38088 38287 38564 38586 38591 38613 38631
kelsey 36216 36233 36252 37273 37319 37748 38809
knowing 36217 36290 36343 36475 36719 36739 37016 37154 37233 37260 37313 37428 37538 37791 38287 38413 38465 38794
keeps 36231 37154 37380 37538 37658 37867 37907 37913 38306 38413 38465 38490 38754
+10 36237 37605 37717 38724
knows 36241 36310 36343 36527 36873 36906 36948 37065 37111 37213 37368 37384 37471 37688 37926 38413 38472 38490 38535 38718 38783
king 36241 36310 36517 36522 36627 36664 36707 36732 37002 37368 37556 37625 37734 37813 37912 37939 38488
kang 36241 36735 38488
khare 36242 36460 36601 36927 37139 37357 37959 38284 38410 38472 38824
killer 36242 36969 38042 38453
kuperberg 36245 37183 38708 38817
kissing 36245 38817
kamal 36257
khouri 36257
kolkota 36257
kyoto 36257 37067 38005 38132
krautenfeld 36259
kempler 36259 36791 37470 37539
kusters 36261
knopf 36273 36310 36403
korn 36273 37278 38110 38633
korngold 36273 36403 36608 36749 37201 37600 38110 38289
kayla 36273 36823 36956 37098 37104 37188 37247 37707 37866 38103 38137 38829
+= 36289 36343 36522 36627 37154 37213 37538 37688 37705 37867 37953 37990 38306 38783
kb 36290 36880 37111 37354
knots 36295 36913 37592 37813 38268
kapovich 36295
knobel 36297
knoblach 36297
knoblauch 36297
knobl 36297 37201
kopper 36297
kauffmann 36298 38806
kalwaria 36299 36357 36403 38059 38110 38184
kornfeld 36310 36505 36539 38488
kabaliak 36310
kieva 36310
kosice 36310
kremenets 36310
kaschau 36310
kassa 36310
+1 36310 36611 36739 36825 37538 37757 37907 38055 38187 38274 38349 38616
kovel 36310
koch 36310 38114
kremencug 36310
klaff 36310
korotichi 36310
knew 36310 36743 36927 36987 37016 37139 37265 37421 37723 37758 37948 38287 38376 38583
kate 36310 36403 36928 37662 38522 38536 38583
katzenellenbogen 36310
krulewitch 36310
kandell 36310
kandel 36310
kresch 36310
kimberly 36310 36322 36539 36813
kol 36310
kinship 36310
kept 36310 37165 37365 37469 37882 37913 37926 38376 38794 38803
kasher 36310
kosher 36310
krynica 36310 37241 37943
killed 36310 37278
kaniel 36310
+0200 36310 36739 36802
koffler 36310
kolomyya 36310
kurtz 36310 37201 37600 38820
kishinev 36310
kolomia 36310
kohn 36310 36403 36802 37662 38057
kleinberg 36316 36521 37399 37470 37543 38398 38633
kliper 36322
keila 36322 36909 37278 37516 37539 37866 37941 38184 38417 38670
kathleen 36322 36913 36993 38268
kamsler 36322 36357 36791 37201 38057
kluger 36322 36357 38110 38184
kurtzweil 36322 38314
kozubski 36322
kosches 36322 37332 37349
kwasniewski 36322
korczyn 36322 36749 38059
koplick 36322
kaufman 36322 36920 37201 37539
kathryn 36322 36480 36749 37741 38055
kehoe 36322
kent 36322 36403 37299 38114 38488
kahn 36322 37455 37741 38110 38488 38769
keith 36322 36403 36913 37384 37662 38023 38638
kliperl 36322
keck 36348
klax's 36351
koral 36357 36403 36749 37201 38137 38233
karmel 36357 38820
kirschbaum 36357 36403 37201 37241 38184
krengel 36357 36791 36898 37100 37188 37201
kalwaryinski 36357
korall 36357
kielce 36357 36539 38059 38085 38093
krzeszowice 36357 38110 38732
kandinsky 36360
kaufmann 36360 36485 36563 36749 36791 37229 37399 37815 38085 38224 38417 38488
kai 36366 36489 36835 37056 37179 37745 38644
keller 36379 36747 36909 38110
+acc 36380
karoline 36403
kingsley 36403
kossovwa 36403
kolbuszowa 36403 36749 38093 38233
kolaczyce 36403
kartyganer 36403
kuba 36403
karlsbad 36403 37241 37600 38398 38620 38820
klapper 36403
kees 36403
klara 36403 36749 36791 37163 37769 38110 38483 38729
kendra 36403
koerner 36403
kohane 36403 36801 38093 38483
kletz 36403
kensington 36403 37662 38093 38483
kaechele 36403
kolomyja 36403 36791 37278 38110
kapelner 36403
+pred 36404
+list 36404
+nestedlist 36404
+list1 36404
+list2 36404
+term 36404
+element 36404
kalashnikov 36408 37325 37606 37625 38138 38263
keywords 36415 36617 36657 36672 36730 36822 36927 36933 37277 37422 37538 37959 38138 38263 38535 38739
knuthendnotes 36424
knuth 36424 37211 37709 37789 38090 38114 38488 38632
kronprinzgarten 36436
krishnamurthi 36437 36474 37558 37581
kicking 36443 37813 38546
klar 36457
kurima 36457
khasgiwala 36458
ken 36458 36988 37476 37520 37796 37849 37953 38114 38241 38577
keeping 36460 36894 37154 37165 37357 37435 37469 37882 37913 37926 37963 38078 38143 38193 38410 38413 38490 38756 38808
kammer 36460 37067 37139
kaitlyn 36461 38103
kindly 36471
kit 36471 36847 37134 37721 38193
kobsa 36475 36566 36605 36945 37039 37313 37355 38090 38577
kalter 36480 37332
klarman 36480 36831 37201
kalmus 36480 36791 36811 37201 37707 37866 38233
keile 36480 37201 37332 37862 38023 38820
kazimir 36480 37201
kn 36483
korkmaz 36483 38005
» 36487 36649 37082 37565 37608 37884 37929 38039 38091 38531 38780
k++ 36493
kernels 36495 36537
keiles 36505
klamka 36505
kresz 36505
koperlik 36505
kops 36505 37201 38452
kiyomasas 36510
kings 36522 37941 38817
kinged 36522
krispies 36527
kindermann 36532 37229 38005
kraidel 36539
kola 36539
kinsberg 36539
kingsberg 36539
kae 36539
katherine 36539 36605 36695 36760 37428 37602 37961 38452 38522 38530 38631 38714
kansas 36539 36906
katzman 36539
kite 36549 36883 36979 37250 37566 38174
kaiser 36563 37796 38132 38410
knapp 36563
karplus 36563
kirk 36563
kuchinsky 36563
kasif 36563
karp 36563 37662
kyle 36566 36611 36735 37635 38334
kim 36566 36735 36847 37284 37625 38005 38577
kwok 36566
koe 36566
koehne 36566
kauai 36567 37635
kloesch 36567
kalloc 36604
kfree 36604
kupferlich 36608
kutas 36611 38274
kstrasse 36611
keys 36617 36794 37058 37133 37159 37705 37723 37762 37789 37991 38178 38286 38334 38413 38472 38488 38507 38533
knight 36627 36719 36724 36732 37236 38114
kaust 36637
kmeans 36644 36676 37099 37544 37921
kmeansinit 36644
kmeansinitkmeans 36644
kmeansinitialization 36644
kampa 36647 36832 37080 37151 38529
keane 36657 37813
koller 36662 37749 37815
k+1 36665 36755 36883 37118
kagurazaka 36682 37550
kimbrel 36711
karlin 36711
kindergarten 36713 37623 37840
kouzes 36719
kraemer 36719 38577
kruskal 36724 37458
kick 36729 38477 38682
kleene 36730
klimbie 36732
koffeman 36732
krauskopf 36732
kong 36735 36835 36965 37870 38263 38417 38547
kaveh 36735
kacem 36735
kurt 36735 38023 38314 38456 38651 38670 38711 38788
karsai 36735
kramer 36735
kenny 36735 37520 38768
krishnan 36735
krka 36735
koji 36735
kienle 36735
karlsruhe 36735 36883 37399 38488 38635
kerning 36739
kindersley 36739
kernus 36739
+44 36739 37907
kendrick 36739
knocked 36739
kerns 36739
+0100 36739 37183 38638
kerned 36739
kludge 36739 37422 38069
keen 36739
kingdom 36739 38701
kielman 36749
kolonia 36749
kraindel 36749
k\ 36755
k\geq 36755
kayak 36758
kaila 36773 36791 37862 38093 38110 38184 38417
kober 36773
kunstler 36773 38184 38404
klinger 36791 37201
kelner 36791
kety 36791
kaufler 36791 37201 38052
kornhauser 36791 37100
kranz 36791
kramatola 36791
krautler 36791
kolozsvar 36802
klausenberg 36802
keeper 36802
kalah 36808
kalahpiegamestate 36808
kalahgamestate 36808
k= 36809
kleist 36813 37681 38522
khermans 36813
kyu 36822
kleinberger 36831 36898 37201 37707 38417 38483 38820
kaur 36835
kafka 36835
kuo 36835 38488
kotti 36835
kanika 36835
kulkarni 36835
kumar 36835 37110 37602 37643 38633
khurana 36835
karishma 36835 37894
khanna 36835 37894
kana 36835
kelly 36835 37476 37741
kwan 36835
kshirsagar 36835
kadam 36835
kishore 36835
kapse 36835
kaul 36835 38057
kandala 36835
karan 36835
kowshik 36835
khemka 36835
kolli 36835
kaiyue 36835
khajavi 36835
kodwani 36835
koppad 36835
khadilkar 36835
krishna 36835 37520
kamalpreet 36835
knocks 36847
kdd 36847
kingpins 36847
krokocki 36862
kornel 36862
kawabe 36883 36943 38005
k3 36883 37820
k4 36883 37399 38005
kx 36883
kites 36883 37574 38268
kao 36883 37734
kowalik 36894
keynoting 36902 38090
+fields 36905
+q 36923 37538
ksbrown 36923
kalev 36924 36958 37570 37614 38409 38696
kask 36924 36958 37174 37524 37570 37614 38409 38696
kkask 36924 36958 37614 38696
kth 36926 38831
kantor 36927 37188 37201
kerberos 36927
kannan 36933
kedem 36933
kmnpsw99 36933
kanungu 36933
ks93 36933
katz 36933 37299 37455 38488 38769
kmrsss99 36933
kreveld 36933 37399 37476 37813 37976 38005 38163 38178 38493
kl95 36933
krznaric 36933
kemal 36945
kevinjonaitis 36945
kasper 36945 37357 37476
kicked 36961
kappa 36988 38044
klint 36988
kurani 36988
kappos 36989
kazimierz 36992 37201 37866 37941 38059
krieger 36992 37516 37876 38714
kamilla 36992
konstantyn 36992
kleinblatt 36992
ksiaznice 36992
karel 37020 37151
keyed 37039
kuntz 37061
kha 37087
kinder 37087
keystrokes 37111
++++++++++++++++++ 37111
++++++++++++++++++++++++++ 37111
+++ 37111 37882
k=2 37118
k=3 37118
keynotes 37120 38330 38456 38755
klefstad 37139 37498 38419 38711
klashner 37139 38577
kratina 37151 38529
kia 37174 37524 38831
+2z 37183
kin 37183
keyboards 37187 38074
keysmouse 37187
koniecpol 37188 38059
krakau 37201
karpel 37201
kive 37201
kasimir 37201
kleinfeld 37201
kasimierz 37201
kasimirz 37201
kazimirz 37201
kasim 37201
kaz 37201 38398
kiwe 37201 37876
kulemann 37201
kas 37201
kazimier 37201
kaleman 37201
kallemann 37201
kathanel 37201
kazim 37201
kreindl 37201
kracau 37201
kirszner 37201
+son 37201
krassa 37201
kohl 37201 37866
kohlhary 37201
kwastel 37201
kretzer 37201
klarfeld 37201 37539 37588
kolton 37201
kaziirz 37201
krasnek 37201
krac 37201
kupferman 37201 37278
kele 37201
kreutler 37201 38093
kopfer 37201
keele 37201
kolpak 37201 37862
koszes 37201
krebs 37201
kayli 37201
konicepol 37201
kotton 37201
kleifarvatn 37208
kaski 37208
+20 37209 37907 37970
+low+ 37213
+high+ 37213
+f 37213
k2 37227 37723 38800
knights 37236 37813
knaves 37236
knave 37236
kovler 37241
katrina 37241
katie 37241 37319 37720 37883 38023 38196 38364 38597 38711
katowitz 37241
katrinka 37244 37398 37952
kendal 37273
krakauer 37278 38110
korna 37278
kaye 37278 38114
kupfer 37278 38417
katy 37278 37464 38059
kasner 37278
kanczuga 37279
khramtcova 37288 37311
kickoff 37289
kadri 37299
krause 37299
kitty 37324
kuhnreich 37332 38670
kubersky 37332
keren 37332
kouvel 37332
krzcynicach 37332
krysztal 37332
kat 37333 37352 38351
kestenberg 37349
kanner 37349 37741 38820
kowalski 37349 38488
kitzingen 37349
kaliski 37349
knijnenburg 37355
küpper 37355
kluwer 37355 38758
kolter 37355
karat 37355
kirstie 37355
kelp 37370
kv 37380 37705
kw 37380
kohlmarkt 37383
λ 37399 38601
kernelization 37399
keychain 37425
kultima 37428
kargs 37433
key=1276 37435
kilopascals 37435
kangaroos 37441
+4 37457
+inf 37462
kalaitzis 37476
killing 37478 37882 38286 38287
knobs 37479 37565
kurdahi 37486 37565
kareem 37520
krishnamoorthy 37520
karhtik 37520
karam 37530
++ 37538 37882 37953 38419
+i+ 37538 37605
+numberofdice+ 37538
+sidesperdie+ 37538
+dieindex+ 37538
+initialsize+ 37538
++top 37538
+top+ 37538
+stack 37538
++rear 37538
+rear+ 37538
+1023 37538
+n 37538 38084
knossos 37556
+1000 37562
kasra 37565
kadeed 37565
kiley 37586 37743 38197
keyval 37590 37979
+nn 37592
knot 37592
kiln 37593
kisvarda 37598
kampler 37600
krell 37600
kupperman 37600 37876
kemecse 37600
+selection+ 37605
+used+ 37605
+running+ 37605
+cyclecount 37605
+balls 37605
kessler 37623 37819
khurram 37625
keio 37635
kyushu 37635
kei 37635
kogge 37635
kasahara 37635
kazuki 37635
kapoor 37643
kashani 37644
ke 37644
kuskov 37653
kliebert 37662
kingston 37662
kirszberg 37662
konrad 37662 37813
kenton 37662
kunreuther 37662
koritschoner 37662
kostitsyna 37681
keyerror 37705
key=none 37705
key=key 37705
kranthi 37711
kwong 37711
k1 37723
kapur 37734
khonsari 37734
klempner 37741 37876
kinski 37741
kempner 37741 37876
ky 37741
kronengold 37741 37955
kivelson 37741
kepler 37755
kdforest 37757
k=1 37757
kl 37789
kock 37796 38059
kovaka 37813
kakeya 37813
kurschak's 37813
kurschak 37813
knighten 37813
kaleidoscope 37813 37842 38690
kjaerulff 37815
kanazawa 37815
krigsfeld 37819
kernighan 37829 37926
koa 37832
kde 37836
kurth 37849
kp 37857
keycard 37863
kiddie 37865
kokow 37866
kalfuss 37866
kong2016aesthetics 37870
kantrow 37876
kiwa 37876
kurzer 37876 38483
khoros 37882
+4+ 37882
+±+ 37882
kotzias 37894
knkhanna 37894
+0 37907
+3 37907
+6 37907
+13 37907
+22 37907
+25 37907
+28 37907
+32 37907
+35 37907
+38 37907
+40 37907
+43 37907
kroo 37941
kresin 37941
kermine 37941
kornitzer 37941
krauz 37941
kolkolin 37943
kasia 37943
++argv 37953
knuth's 37953
knott 37953
kwkwk 37953
kapner 37955
kolbuszow 37955
krzeszowicach 37955
krumholz 37955
knowable 37969
kicks 38003
komarno 38023
kanarek 38023
kriseman 38023
koln 38023
koenig 38023
kremna 38047
kreis 38052
ka 38059
katowice 38059 38417
ki 38059
ko 38059
koszalin 38059
kr 38059
kujawska 38059
koscielna 38059
kalisz 38059 38483
kaluszyn 38059
kamicn 38059
kamien 38059
kamienna 38059
kamiensk 38059
kamionka 38059
karczew 38059
kargowa 38059
kartuzy 38059
kazanow 38059
kepno 38059
ketrzyn 38059
kictrz 38059
kisielice 38059
kleczew 38059
klimontow 38059
klobuck 38059
klodawa 38059
klodowa 38059
klodzko 38059
kluczbork 38059
klukowo 38059
klwow 38059
koden 38059
kolbiel 38059
kolo 38059
komarow 38059
konin 38059
konskie 38059
konskowola 38059
konstantynow 38059
koprzywnica 38059
korfantow 38059
kornik 38059
koronowo 38059
koscian 38059
koscierzyna 38059
kosow 38059
koto 38059
kozienice 38059
kozle 38059
kozmin 38059
kozuchow 38059
krajenka 38059
krapkowice 38059
krasniczyn 38059
krasnobrod 38059
krasnopol 38059
krasnystaw 38059
krepa 38059
kromolow 38059
krosno 38059 38110 38233
krotoszyn 38059
krylow 38059
krysk 38059
krzepice 38059
krzeszow 38059
krzyczew 38059
krzywin 38059
ktodawa 38059
kuczbork 38059
kurow 38059
kurozweki 38059
kutno 38059
kwidzyn 38059
kwieciszewo 38059
korcyn 38059
kujawski 38059
krajenskie 38059
koscielne 38059
kswo 38074
kavanagh 38078
khoshafien 38078
krendel 38085
kamila 38085
kleiner 38085
klajnman 38085
kobsa—whose 38090
kroll 38093
kobanya 38093
kauf 38093
krolestwo 38093 38110
kornbrod 38093
kibler 38101
kielec 38110
kurzmann 38110
kurzman 38110
klapholtz 38110
koerber 38110
kofler 38110
katzengold 38110
kroscienku 38110
klutz 38114
kamil 38114
korean 38114 38547 38758
kriegspiel 38114
kosters 38135
kupferstein 38137
kitchen 38153 38247
kehnedel 38184
kemplinski 38184
kwadrat 38184
kornblum 38184 38820
kreidel 38184
knidepol 38184
kulawiec 38184
kreyner 38184
kermit 38213
klefstad's 38219
kahan 38233
kibbutz 38233
kerry 38233
kobe 38268
kellner 38268
kokichi 38268
khalad 38268
karim 38268 38485
knitwear 38268
knownow 38284
kinit1 38286
kvmalloc 38286
killall 38286
krzyz 38289
kurzweil 38289 38314
klavžar 38308
krousa 38314
kissell 38376
kmp 38412
kragen 38417
kreiter 38417
kolberg 38417
kotke 38417
kreiss 38417
++i 38419
kanomata 38441
ks 38452 38714
kluwe 38456
kaashoek 38459
kalikimaka 38480
kruse 38483
kahane 38483
keldefra 38485
kconference 38488
kjournal 38488
kcorrespondence 38488
kant 38488
kucera 38488
kayser 38488
krueger 38488
kreport 38488
kehler 38488
kieffer 38488
kraut 38488
kogan 38488
kaczmarek 38488
kaehler 38488
kawaguchi 38488
kelley 38488
kennedy 38488
keye 38488
kidd 38488
kigger 38488
klir 38488
kolata 38488
kolodner 38488
konopasek 38488
koontz 38488
korein 38488
kunin 38488
keenan 38488
krine 38488
klose 38488
kintsch 38488
kbemacs 38488
kempen 38488
konzepten 38488
karticle 38488
kinvited 38488
kinect 38522
kristina 38539 38670
koruna 38547
krone 38547
krona 38547
kuna 38547
krw 38547
kyiv 38564
kiev 38564
keri 38577
klaspolcz 38612
kruza 38620
karina 38631
knuth92 38632
koudas 38633
kris 38633
kirpal 38633
kenji 38638 38812
khaila 38651
kendil 38670
klahr 38670
kalma 38670
kalcztow 38670
kahany 38670
konstanty 38670
karlsson 38670
kaunas 38670
kristian 38670
katarina 38670
koping 38670
karlskoga 38670
karon 38670
kerstin 38670
+directory 38683
+suffix 38683
+from 38683
+to 38683
+string 38683
+stream 38683
koosha 38696
knoll 38714
kryzer 38714
kolczinski 38732
kane 38758
kreuger 38758
kssm 38758
kurty 38788
kernbase 38789
kawa 38819
kukuk 38820
kornwasser 38820
krishnamachari 38831
