lower 27741 27960 28032 28118 28174 28255 28294 28295 28343 28404 28425 28537 28585 28614 28625 28638 28641 28749 28754 28811 28832 29054 29106 29113 29117 29142 29144 29155 29204 29237 29258 29261 29271 29359 29413 29428 29437 29464 29624 29894 29898 29926 29973 30002 30013 30073 30086 30135 30152 30161 30182 30215 30223 30240 30376 30419 30443
lecture 27743 27744 27782 27827 27843 27901 27903 27911 27965 28004 28010 28016 28027 28032 28065 28066 28075 28092 28174 28295 28325 28331 28374 28400 28456 28481 28488 28520 28526 28537 28552 28554 28585 28602 28604 28638 28641 28671 28728 28749 28790 28803 28811 28831 28842 28867 28897 28911 28930 29046 29076 29091 29113 29144 29155 29174 29178 29204 29249 29257 29271 29279 29306 29318 29349 29352 29387 29413 29441 29464 29474 29491 29504 29548 29556 29618 29621 29651 29663 29672 29679 29706 29747 29750 29779 29783 29807 29823 29826 29855 29864 29885 29898 29917 29919 29926 30013 30058 30062 30068 30072 30100 30142 30166 30182 30215 30221 30261 30322 30332 30376 30443 30482 30489 30513
| 27744 27803 27889 27903 27907 27910 27911 27919 27931 27965 27967 27986 28010 28023 28029 28032 28045 28078 28095 28103 28112 28127 28128 28147 28223 28224 28247 28255 28275 28285 28294 28304 28315 28329 28335 28338 28356 28360 28433 28436 28456 28472 28481 28494 28519 28523 28526 28537 28539 28550 28554 28602 28612 28646 28671 28700 28720 28756 28765 28794 28803 28822 28847 28897 28905 28909 28920 28922 28924 28926 28933 28944 28976 28987 28991 29014 29019 29044 29061 29064 29076 29113 29118 29128 29186 29200 29204 29223 29232 29249 29250 29312 29349 29366 29369 29387 29393 29413 29428 29435 29452 29465 29466 29476 29483 29491 29552 29564 29596 29621 29641 29653 29664 29677 29679 29682 29691 29704 29715 29724 29737 29747 29750 29752 29759 29773 29798 29812 29814 29837 29857 29859 29863 29864 29870 29882 29898 29899 29909 29919 29954 29967 29970 29973 29981 30002 30017 30018 30021 30023 30024 30041 30043 30071 30072 30081 30100 30101 30106 30130 30142 30144 30155 30166 30174 30185 30215 30226 30232 30239 30252 30270 30282 30322 30328 30343 30357 30372 30381 30393 30419 30424 30425 30438 30489
locked 27744 28003 28169 28537 28671 29274 29369 29393 29574 29950 30252 30476
least 27744 27752 27841 27863 27911 27976 28032 28051 28078 28092 28118 28128 28190 28218 28230 28256 28285 28294 28304 28316 28330 28384 28400 28425 28456 28510 28519 28520 28526 28537 28546 28552 28585 28605 28638 28700 28729 28795 28886 28891 28897 28944 28945 28962 28980 29014 29054 29062 29064 29106 29113 29126 29128 29155 29159 29204 29221 29223 29232 29237 29250 29258 29261 29274 29309 29333 29347 29352 29360 29369 29379 29387 29390 29423 29425 29491 29607 29704 29737 29747 29757 29798 29800 29807 29855 29864 29882 29917 29919 29926 29950 29973 29995 30013 30121 30153 30161 30182 30221 30239 30252 30288 30321 30376 30405 30430 30442
languages 27744 27855 27911 28020 28027 28127 28193 28285 28294 28316 28519 28537 28585 28636 28677 28700 28703 28794 28852 28909 28944 29014 29054 29091 29113 29369 29491 29601 29624 29747 29773 29798 29882 29899 29906 30013 30026 30058 30258 30316
language 27744 27800 27841 27855 27911 28051 28065 28112 28156 28169 28190 28201 28218 28241 28281 28285 28294 28315 28316 28341 28414 28436 28488 28519 28531 28537 28552 28608 28636 28700 28832 28886 28917 28924 28930 28944 28946 28970 29014 29044 29054 29078 29113 29200 29204 29249 29275 29303 29309 29318 29369 29370 29379 29464 29491 29574 29586 29607 29663 29679 29680 29695 29747 29773 29798 29859 29861 29882 29906 29950 29979 30072 30118 30142 30167 30182 30232 30252 30258 30282 30316 30321 30332 30476 30482
lengthy 27744 27965 28190 28671 30110 30291
large 27744 27774 27782 27911 27919 28004 28032 28048 28092 28134 28148 28159 28169 28185 28193 28247 28285 28294 28300 28303 28304 28315 28400 28425 28436 28456 28537 28585 28598 28604 28638 28671 28700 28745 28775 28812 28831 28847 28891 28903 28924 28980 29014 29044 29061 29064 29106 29113 29118 29178 29186 29200 29204 29232 29237 29261 29279 29306 29311 29333 29360 29369 29387 29394 29413 29424 29441 29444 29574 29577 29578 29654 29747 29798 29814 29857 29859 29861 29898 29906 29917 30047 30073 30089 30101 30121 30155 30210 30246 30261 30301 30311 30315 30332 30353 30376 30430 30476
lowered 27744 28671
link 27744 27855 27864 27870 27907 27911 27922 27952 28003 28013 28020 28027 28051 28078 28092 28143 28162 28169 28181 28190 28218 28281 28285 28480 28520 28525 28539 28587 28671 28679 28687 28700 28724 28747 28757 28804 28805 28891 28910 28917 28930 28944 28962 28970 29014 29031 29061 29064 29078 29099 29127 29144 29158 29232 29247 29250 29261 29266 29305 29352 29369 29379 29387 29393 29425 29483 29491 29498 29525 29574 29578 29673 29691 29760 29798 29882 29900 29926 30040 30072 30089 30110 30121 30182 30208 30232 30246 30251 30252 30282 30299 30306 30315 30332 30474 30476 30483
lab 27744 27768 27790 27826 27827 27835 27839 27841 27872 27883 27889 27901 27909 27911 27957 27964 27966 27980 27983 28010 28024 28027 28038 28057 28065 28066 28083 28092 28103 28112 28127 28156 28158 28159 28168 28169 28178 28190 28201 28209 28218 28230 28262 28300 28315 28318 28330 28344 28360 28390 28425 28440 28488 28510 28519 28523 28526 28529 28588 28602 28607 28619 28624 28628 28631 28632 28636 28641 28642 28671 28688 28690 28703 28728 28746 28751 28776 28781 28798 28831 28832 28833 28842 28850 28852 28867 28873 28886 28896 28903 28910 28927 28933 28936 28944 28960 28962 28976 28983 29009 29023 29037 29050 29078 29083 29113 29130 29144 29155 29158 29160 29174 29178 29200 29204 29215 29222 29238 29255 29258 29270 29271 29277 29295 29307 29334 29344 29359 29360 29387 29403 29415 29416 29423 29425 29431 29433 29454 29464 29512 29526 29565 29592 29597 29601 29607 29624 29634 29636 29653 29664 29673 29694 29708 29715 29747 29767 29769 29783 29798 29799 29814 29822 29826 29832 29839 29847 29858 29861 29863 29875 29882 29885 29889 29899 29901 29926 29934 29967 29989 29995 29998 30013 30023 30024 30047 30063 30068 30081 30091 30092 30098 30100 30106 30107 30120 30125 30130 30140 30142 30149 30153 30173 30174 30185 30208 30227 30239 30284 30288 30290 30291 30293 30299 30301 30308 30310 30321 30343 30346 30394 30403 30424 30425 30430 30434 30438 30451 30455 30483 30511
larger 27744 27782 27797 27815 27877 27893 27897 27911 27913 27953 27993 28071 28078 28087 28092 28117 28118 28128 28146 28159 28170 28189 28192 28194 28198 28228 28294 28304 28317 28322 28326 28355 28395 28406 28414 28425 28479 28488 28518 28530 28537 28585 28602 28606 28607 28626 28643 28671 28673 28690 28700 28738 28745 28806 28809 28813 28831 28840 28847 28871 28872 28897 28924 28983 29025 29054 29069 29106 29113 29149 29213 29250 29257 29306 29333 29361 29367 29375 29387 29390 29413 29417 29526 29538 29641 29752 29811 29859 29864 29867 29894 29898 29917 29926 29943 29965 29973 29977 30066 30132 30205 30249 30318 30330 30343 30351 30373 30378 30385 30392 30448 30455
lesson 27744 28377 28520 28671 28700 29275 29926
little 27744 27911 27918 27953 27965 27990 28010 28027 28078 28134 28285 28304 28315 28317 28414 28526 28537 28602 28636 28638 28646 28671 28690 28700 28831 28891 28907 28924 28942 28962 29014 29054 29127 29144 29158 29163 29186 29204 29232 29237 29250 29253 29258 29261 29387 29425 29427 29504 29574 29578 29599 29607 29653 29718 29725 29747 29751 29798 29799 29826 29859 29917 29919 29926 30007 30041 30072 30097 30153 30182 30232 30239 30246 30301 30315 30358 30455 30476
like 27744 27828 27850 27859 27863 27870 27907 27911 27918 27931 27948 27950 27960 27967 27983 28013 28020 28027 28051 28057 28074 28078 28092 28103 28115 28156 28159 28175 28181 28190 28193 28223 28230 28281 28285 28294 28299 28304 28315 28317 28330 28341 28360 28378 28380 28414 28425 28488 28519 28520 28525 28526 28529 28531 28537 28546 28585 28587 28608 28631 28636 28638 28671 28672 28687 28688 28690 28700 28714 28728 28749 28757 28831 28867 28891 28897 28917 28924 28944 28962 28970 28976 29014 29037 29044 29054 29064 29088 29106 29113 29126 29142 29144 29155 29200 29204 29215 29232 29237 29247 29249 29250 29253 29255 29258 29261 29270 29273 29275 29360 29369 29379 29387 29390 29406 29413 29416 29423 29425 29441 29464 29491 29539 29540 29574 29578 29601 29607 29704 29708 29709 29737 29747 29767 29798 29806 29826 29859 29861 29864 29882 29898 29917 29919 29926 29950 29973 29979 29994 30013 30040 30047 30072 30094 30110 30121 30142 30191 30208 30232 30239 30252 30261 30282 30284 30288 30290 30291 30298 30299 30301 30315 30321 30405 30476 30494 30511
later 27744 27752 27828 27863 27870 27907 27911 27954 27960 27967 27980 27992 28003 28051 28078 28092 28169 28190 28223 28285 28295 28304 28414 28456 28510 28520 28526 28537 28638 28641 28646 28671 28690 28700 28728 28730 28781 28891 28897 28903 28924 29014 29021 29044 29113 29155 29178 29204 29237 29250 29291 29309 29311 29360 29369 29387 29390 29413 29441 29464 29491 29504 29545 29567 29574 29607 29767 29798 29806 29807 29859 29864 29885 29898 29919 29950 30023 30110 30119 30167 30182 30208 30210 30232 30238 30239 30252 30299 30387 30442 30476
life 27744 27790 27827 27835 27839 27841 27872 27889 27909 27918 27945 27964 27966 27980 28024 28027 28038 28048 28057 28065 28083 28103 28112 28127 28158 28159 28168 28178 28190 28201 28209 28262 28285 28315 28318 28344 28349 28360 28390 28414 28440 28488 28510 28529 28531 28552 28607 28619 28624 28628 28631 28632 28636 28642 28671 28688 28690 28700 28703 28745 28746 28751 28776 28798 28831 28832 28833 28842 28852 28867 28873 28891 28895 28896 28903 28910 28927 28933 28936 28960 28976 28983 29009 29023 29037 29050 29078 29083 29130 29142 29158 29159 29174 29200 29215 29222 29238 29255 29270 29277 29334 29359 29360 29416 29423 29431 29433 29565 29571 29578 29597 29624 29634 29636 29653 29664 29694 29708 29715 29747 29767 29769 29798 29799 29800 29814 29826 29832 29839 29858 29861 29863 29875 29889 29899 29934 29967 29979 30024 30047 30062 30063 30068 30081 30091 30092 30098 30107 30110 30120 30125 30130 30140 30149 30173 30174 30185 30227 30239 30284 30288 30290 30291 30308 30310 30315 30343 30346 30376 30403 30424 30425 30430 30434 30438 30451 30455 30511
late 27744 27911 28010 28065 28078 28083 28218 28230 28304 28330 28440 28539 28671 28700 28728 28730 28842 29064 29144 29155 29200 29232 29250 29253 29304 29404 29462 29504 29708 29898 29981 30040 30239 30299 30320 30482 30511
libraries 27745 27800 27870 27911 27948 28078 28218 28289 28425 28512 28700 28730 28799 28917 28924 28930 28968 28969 28983 29054 29064 29132 29241 29250 29271 29373 29387 29476 29481 29553 29682 29691 29695 29747 30008 30214 30232 30299 30482
library 27745 27746 27911 27918 27948 28083 28092 28120 28134 28173 28175 28193 28218 28230 28281 28285 28330 28341 28363 28374 28436 28512 28520 28628 28700 28799 28917 28924 28930 28968 28970 29054 29064 29113 29118 29166 29192 29204 29207 29228 29241 29251 29271 29318 29352 29369 29387 29425 29491 29508 29552 29588 29641 29679 29682 29747 29798 29919 29926 29939 29979 29987 30008 30047 30072 30137 30182 30232 30258 30282 30299 30391 30483
loop 27746 28092 28223 28285 28638 28677 28930 29113 29232 29441 29491 29747 29859 29882 29917 29950 30118 30232 30261 30282
list 27746 27822 27859 27863 27889 27903 27904 27911 27914 28003 28004 28027 28051 28057 28066 28074 28078 28092 28095 28112 28118 28120 28127 28156 28169 28190 28193 28223 28230 28247 28255 28260 28281 28285 28294 28299 28303 28304 28317 28330 28364 28374 28396 28403 28425 28519 28520 28537 28539 28546 28550 28561 28587 28631 28636 28638 28641 28646 28672 28678 28690 28714 28727 28728 28730 28757 28781 28782 28803 28842 28886 28891 28897 28917 28924 28930 28945 28962 28979 29014 29028 29097 29113 29128 29142 29144 29155 29159 29174 29196 29204 29207 29211 29228 29232 29237 29246 29249 29250 29253 29266 29271 29294 29305 29313 29333 29336 29337 29369 29370 29379 29387 29390 29399 29413 29423 29425 29441 29444 29453 29462 29464 29483 29490 29504 29511 29574 29592 29607 29624 29636 29641 29651 29654 29657 29672 29673 29682 29691 29715 29724 29727 29737 29747 29757 29774 29798 29814 29826 29837 29864 29866 29882 29885 29899 29906 29917 29919 29923 29926 29939 29950 29954 29967 29978 29981 29987 29998 30013 30021 30040 30072 30081 30121 30144 30153 30171 30174 30177 30182 30187 30208 30215 30232 30239 30252 30261 30282 30293 30301 30306 30321 30322 30332 30342 30353 30356 30405 30438 30442 30463 30476 30482 30489
level 27749 27863 27875 27889 27911 27934 27948 27960 27983 28003 28033 28051 28078 28092 28107 28156 28169 28223 28236 28241 28255 28285 28286 28289 28315 28319 28335 28338 28341 28414 28425 28488 28531 28532 28537 28552 28569 28592 28638 28641 28672 28700 28767 28831 28891 28917 28919 28953 28987 29054 29061 29159 29192 29200 29250 29253 29261 29273 29275 29346 29352 29360 29369 29387 29390 29415 29424 29464 29491 29530 29574 29607 29630 29653 29663 29680 29691 29694 29708 29747 29798 29814 29861 29882 29917 29919 29923 29961 29984 30048 30085 30097 30110 30121 30155 30167 30174 30176 30182 30189 30209 30221 30232 30252 30258 30321 30323 30358 30394 30405 30438 30476 30482
levels 27749 27762 27773 27801 27811 27814 27817 27875 27881 27925 27940 27973 28003 28127 28134 28169 28171 28188 28236 28238 28335 28348 28358 28387 28407 28445 28482 28496 28516 28527 28537 28566 28569 28595 28615 28633 28637 28688 28690 28709 28745 28746 28762 28831 28846 28918 28934 29123 29130 29189 29209 29235 29255 29297 29369 29435 29547 29551 29572 29574 29600 29630 29701 29715 29747 29765 29813 29859 29877 29899 29944 29967 29975 29984 30040 30068 30081 30155 30176 30233 30252 30295 30333 30339 30341 30405 30476
langsam 27752 27781 27974 28590 28692 28891 28991 29021 29232 29578 29612
lived 27752 27974 27992 28344 28692 28891 29021 29232 29578 29653 30239 30288 30442 30463
lancut 27752 29021 29955
last 27752 27756 27757 27781 27784 27824 27836 27847 27852 27870 27911 27918 27922 27927 27943 27945 27948 27954 27974 27980 27985 27986 28003 28023 28057 28069 28074 28078 28090 28092 28108 28118 28122 28126 28138 28155 28169 28184 28195 28213 28217 28231 28247 28248 28264 28271 28285 28286 28292 28294 28304 28317 28331 28335 28364 28386 28425 28438 28442 28451 28456 28464 28488 28494 28502 28510 28537 28545 28546 28552 28590 28598 28608 28663 28671 28672 28690 28692 28700 28728 28731 28745 28760 28781 28783 28802 28841 28842 28847 28859 28869 28891 28892 28905 28914 28917 28924 28928 28932 28945 28946 28950 28980 28987 29012 29014 29021 29037 29054 29094 29099 29106 29116 29118 29128 29130 29158 29159 29163 29200 29202 29204 29215 29228 29232 29237 29247 29249 29250 29255 29269 29270 29276 29321 29333 29349 29350 29352 29369 29379 29380 29387 29406 29413 29415 29425 29441 29442 29464 29491 29504 29545 29561 29567 29569 29574 29575 29578 29582 29607 29641 29653 29666 29673 29677 29680 29695 29704 29747 29759 29764 29773 29797 29798 29837 29859 29863 29882 29898 29917 29919 29926 29950 29952 29955 29959 29971 29977 29979 29980 29993 30013 30021 30023 30134 30142 30153 30155 30161 30182 30211 30219 30232 30252 30261 30267 30275 30277 30282 30298 30299 30316 30326 30327 30343 30357 30370 30376 30389 30398 30430 30442 30449 30455 30459 30463 30476 30482
langer 27756 27847 28155 28760
listing 27756 27757 27782 27824 27836 27852 27889 27917 27954 27985 28003 28027 28069 28090 28122 28126 28155 28169 28184 28195 28213 28217 28231 28248 28271 28379 28442 28451 28464 28488 28537 28545 28585 28604 28605 28613 28663 28714 28730 28760 28802 28841 28859 28869 28892 28914 28924 28928 28932 28950 29012 29054 29116 29144 29202 29237 29253 29271 29276 29279 29350 29369 29380 29393 29410 29418 29441 29442 29462 29464 29487 29545 29553 29561 29567 29574 29575 29664 29666 29673 29747 29764 29797 29798 29814 29854 29859 29955 29959 29966 29971 29980 29982 29993 30012 30013 30033 30134 30174 30211 30219 30252 30267 30269 30275 30277 30320 30326 30327 30336 30376 30389 30398 30425 30438 30449 30459 30476
lieba 27756 27824 27836 27954 28069 28122 28195 28271 28442 28760 28859 28869 28892 29116 29666 29993 30219 30327 30389 30459
laia 27756 28195 28213 28231 28502 28663 28802 28859 28892 28928 28950 29380 29545
leibel 27756 27836 27985 28069 28122 28126 28195 28213 28451 28464 28502 28663 28802 28892 28928 28932 28950 29442 29545 29575 29666 29764 29959 29993 30211 30219 30326 30449
leib 27756 27757 27852 27954 27985 28122 28155 28184 28195 28213 28217 28248 28271 28442 28451 28464 28502 28663 28841 28869 28891 28892 28928 28950 29021 29116 29202 29276 29350 29567 29575 29578 29666 29797 29959 30211 30219 30275 30449
laja 27756 27985 28069 28122 28195 28213 28464 28802 28859 28869 28932 28950 29012 29350 29380 30211 30219 30389
lebenheim 27756 27847
liebeskind 27756 27847 27985 28663 29575 30326 30449
lazar 27756 27836 27852 27985 28069 28126 28184 28213 28231 28271 28451 28502 28663 28892 28928 28950 29012 29021 29350 29666 29971 29980 30134 30211 30219 30449
lustgarten 27756 27847 28451
lillie 27756 27781 29993
lehrer 27757 27985 28928 29276
leonora 27757 28069 28451 28859 28869 28891 28932 28950 29442 29764 29959 30277 30370 30459
lea 27757 27824 27836 27852 27954 28069 28122 28184 28213 28217 28231 28248 28271 28442 28451 28502 28545 28663 28760 28841 28859 28869 28928 28950 29012 29116 29202 29350 29380 29561 29567 29764 29911 29959 29993 30211 30219 30267 30275 30277 30326 30327 30389 30398 30449
leichter 27757 27847
lift 27762 28465 28618 29155
lake 27762 27782 28122 28545 28630 28905 29599 29753 29837 29979 30083
layer 27773 27826 27952 28362 28425 28539 28585 28831 28886 29054 29297 29369 29601 29747 29919 30299 30301 30394
low 27773 27801 27812 27885 27905 27970 27991 28019 28027 28052 28169 28213 28238 28283 28327 28402 28425 28445 28447 28528 28585 28604 28633 28639 28641 28700 28779 28783 28849 28918 28919 29032 29081 29106 29144 29148 29150 29189 29209 29214 29235 29333 29356 29363 29369 29427 29446 29447 29464 29574 29577 29600 29607 29642 29652 29765 29786 29798 29835 29848 29850 29866 29877 29894 29898 29935 29984 29987 29996 30013 30048 30093 30239 30257 30278 30294 30300 30331 30339 30341 30355 30382 30419 30476
latex2html 27778
learning 27778 27782 27800 27812 27828 27870 27903 27909 27911 27943 27983 28024 28027 28029 28032 28065 28078 28127 28159 28168 28178 28193 28201 28218 28262 28277 28315 28374 28390 28436 28488 28525 28526 28552 28619 28628 28636 28677 28688 28700 28727 28728 28803 28842 28852 28896 28903 28924 28930 28981 29009 29078 29083 29142 29144 29200 29257 29261 29270 29275 29334 29352 29360 29416 29424 29464 29491 29597 29636 29642 29679 29680 29708 29727 29747 29773 29806 29836 29861 29899 29919 29954 30018 30021 30063 30065 30107 30182 30210 30301 30322 30332 30338 30343 30346
leeds 27778 30327 30389
line 27778 27782 27795 27818 27822 27828 27843 27854 27870 27871 27908 27911 27914 27927 27936 27947 27948 27960 27972 28004 28010 28027 28046 28053 28078 28092 28095 28104 28131 28133 28134 28147 28164 28173 28175 28176 28181 28215 28223 28247 28255 28281 28285 28294 28295 28303 28317 28321 28351 28396 28400 28403 28414 28418 28425 28463 28506 28519 28520 28537 28546 28569 28585 28609 28641 28654 28678 28700 28728 28734 28781 28782 28825 28877 28879 28886 28899 28919 28924 28930 28944 28959 28971 28979 28986 29002 29014 29017 29028 29042 29049 29054 29062 29064 29106 29108 29121 29128 29144 29182 29186 29196 29204 29223 29228 29232 29237 29250 29251 29257 29258 29274 29293 29320 29337 29352 29360 29369 29370 29371 29390 29399 29425 29441 29464 29491 29499 29508 29511 29527 29556 29588 29601 29607 29630 29641 29657 29680 29704 29724 29727 29757 29774 29798 29802 29859 29864 29882 29885 29917 29919 29926 29950 29972 30047 30074 30093 30142 30161 30177 30182 30232 30242 30252 30287 30299 30312 30315 30347 30353 30405 30490
lens 27780 27830 28042 28056 28080 28457 28585 28691 28735 28846 28865 28876 29383 29404 29544 29741 29933 30107 30492
leo 27781 28271 29276 29952 30360
length 27782 27911 27927 27939 28004 28092 28118 28247 28281 28285 28304 28351 28363 28400 28425 28429 28548 28585 28842 28847 28930 28945 29013 29044 29106 29111 29178 29237 29247 29369 29413 29508 29513 29526 29556 29641 29709 29859 29917 29926 29973 30015 30119 30121 30232 30261 30299 30321 30391 30442
lombardi 27782 28585 28604 29990
löffler 27782 28267 28585 28604 29279 29385 29823 30201
lattice 27782 28377 29926 30058
load 27782 27870 28092 28190 28224 28335 28341 28537 28585 28604 28855 29014 29237 29246 29333 29435 29553 29577 29682 29691 29752 29798 29919 29923 29939 30068 30072 30391
layout 27782 28174 28285 28317 28362 28537 28641 28677 28930 29556 30208 30376
louisiana 27782
likely 27782 27863 27870 27911 27950 27952 27965 28027 28071 28118 28135 28304 28384 28436 28456 28526 28638 28646 28671 28685 28700 28749 28781 28852 28895 28924 28962 28983 29014 29044 29054 29064 29106 29204 29261 29311 29352 29369 29387 29390 29413 29425 29504 29673 29721 29747 29752 29798 29882 29906 29917 29919 29926 29979 30023 30072 30166 30167 30182 30239 30301 30442
linear 27782 27931 28135 28169 28294 28331 28384 28552 28585 28604 28677 28777 28811 28885 28895 28930 28970 29014 29031 29113 29132 29178 29223 29246 29275 29280 29366 29369 29413 29441 29466 29490 29552 29556 29574 29704 29724 29814 29826 29855 29885 29926 29972 29973 30058 30119 30182 30215 30239 30252 30301 30312 30356 30376 30382 30405 30443 30476
largest 27782 27911 28070 28118 28128 28181 28300 28304 28323 28360 28456 28510 28525 28619 28700 28905 28934 29037 29223 29311 29708 29747 29837 29855 29926 30261
london 27782 27852 28007 28122 28435 28442 28451 28464 28545 28585 28736 28782 28841 28891 28928 28950 29174 29257 29329 29380 29578 29666 29798 29926 30327 30389
learner 27782 27932 28142 29257 30210
lie 27782 27855 28400 28414 28520 28585 29099 29747 29919
lazard 27782
leaves 27782 27939 27948 28092 28456 28519 28525 28897 29087 29113 29247 29369 29379 29413 29661 29898 29917 29970 30037 30252 30312 30353
lines 27782 27870 27948 27960 28004 28027 28092 28147 28285 28294 28425 28519 28537 28569 28636 28638 28700 28745 28781 28795 28930 28944 29014 29054 29144 29204 29207 29223 29237 29261 29497 29654 29798 29826 29859 29864 29919 29926 29972 29987 30089 30161 30221 30232 30482
log 27782 27922 27948 28014 28027 28074 28118 28147 28190 28223 28255 28256 28286 28294 28314 28425 28456 28487 28585 28604 28605 28625 28641 28700 28701 28749 28787 28789 28811 28897 28962 29064 29073 29087 29106 29144 29178 29232 29271 29274 29311 29333 29340 29347 29413 29464 29547 29603 29606 29691 29768 29775 29798 29855 29885 29917 29948 29981 29987 30013 30072 30073 30215 30223 30306 30443
leftmost 27784 28078 28944 29014 29113 29250 29369 29413 29898 30118
lindsey 27787 29395 29610 30360
lessons 27788 27952 28159 28520 29081 29360 29387 30299
learned 27788 27911 27952 28159 28285 28344 28520 28526 28537 28688 28831 28867 29014 29021 29044 29054 29064 29142 29232 29360 29387 29882 29919 30013 30282 30301 30343 30430
laptop 27790 27827 27835 27839 27841 27872 27889 27902 27909 27964 27966 27980 28024 28038 28057 28065 28083 28103 28112 28127 28158 28159 28168 28178 28201 28209 28223 28262 28315 28318 28344 28390 28440 28488 28510 28529 28607 28619 28624 28628 28631 28632 28636 28642 28688 28690 28700 28703 28746 28751 28776 28798 28831 28832 28833 28852 28867 28873 28896 28903 28910 28917 28927 28933 28936 28960 28976 28983 29009 29023 29037 29050 29078 29083 29130 29158 29200 29215 29222 29238 29255 29270 29277 29334 29359 29360 29416 29423 29431 29433 29454 29565 29597 29624 29634 29636 29653 29664 29694 29708 29715 29747 29767 29769 29799 29814 29832 29839 29858 29861 29863 29875 29889 29899 29934 29967 30024 30047 30063 30068 30072 30081 30091 30092 30098 30107 30120 30125 30130 30140 30149 30173 30174 30185 30227 30232 30284 30288 30290 30291 30308 30310 30343 30346 30403 30424 30425 30430 30434 30438 30451 30455 30511
leadership 27790 27827 27835 27839 27841 27872 27889 27909 27961 27964 27966 27980 28024 28038 28057 28065 28083 28103 28112 28127 28158 28159 28168 28178 28201 28209 28262 28315 28318 28344 28390 28440 28488 28510 28529 28607 28619 28624 28628 28631 28632 28636 28642 28688 28690 28703 28746 28751 28776 28798 28831 28832 28833 28852 28867 28873 28896 28903 28910 28927 28933 28934 28936 28960 28976 28983 29009 29023 29037 29050 29078 29083 29130 29158 29200 29215 29222 29238 29255 29270 29277 29334 29346 29359 29360 29416 29423 29431 29433 29565 29597 29624 29634 29636 29653 29664 29694 29708 29715 29747 29767 29769 29799 29814 29832 29839 29858 29861 29863 29875 29889 29899 29934 29967 30024 30047 30063 30068 30081 30091 30092 30098 30107 30120 30125 30130 30140 30149 30173 30174 30185 30227 30284 30288 30290 30291 30308 30310 30343 30346 30403 30424 30425 30430 30434 30438 30451 30455 30511
“ 27790 27827 27839 27889 27980 28024 28038 28065 28083 28103 28159 28168 28178 28201 28209 28315 28318 28329 28344 28440 28488 28510 28520 28529 28607 28619 28628 28631 28688 28703 28746 28781 28798 28831 28852 28867 28896 28903 28905 28945 28976 28983 29037 29050 29078 29083 29130 29155 29200 29215 29255 29270 29352 29359 29360 29416 29423 29565 29624 29653 29708 29747 29767 29799 29837 29861 29863 29875 30047 30063 30101 30107 30120 30140 30155 30182 30284 30288 30290 30291 30346 30403 30430 30438 30443 30451 30455
< 27790 27821 27827 27839 27855 27859 27870 27907 27911 27922 27931 27948 27950 27967 27980 28003 28013 28024 28038 28053 28057 28062 28065 28074 28092 28105 28118 28156 28158 28159 28168 28169 28178 28190 28201 28209 28223 28247 28262 28285 28294 28304 28309 28318 28334 28344 28363 28403 28418 28440 28456 28488 28510 28519 28525 28529 28531 28537 28570 28590 28599 28607 28608 28619 28624 28628 28631 28636 28638 28672 28688 28703 28746 28749 28751 28757 28776 28789 28798 28831 28852 28867 28873 28891 28896 28897 28903 28917 28924 28927 28936 28945 28946 28960 28983 28991 28993 29014 29023 29037 29044 29050 29061 29064 29078 29083 29099 29118 29127 29128 29130 29163 29186 29207 29215 29223 29238 29241 29247 29255 29270 29311 29321 29333 29347 29359 29360 29369 29374 29393 29413 29416 29431 29433 29441 29490 29491 29526 29565 29569 29574 29578 29582 29590 29592 29607 29624 29630 29641 29694 29708 29727 29757 29767 29798 29799 29855 29859 29866 29875 29882 29889 29917 29919 29939 29973 29987 29994 30040 30063 30107 30118 30120 30140 30173 30200 30232 30238 30282 30284 30288 30290 30291 30316 30321 30346 30353 30391 30405 30430 30451 30455 30476
larry 27791 27902 27907 27952 28169 28236 28364 28531 28587 29127 29186 29273 29369 29535 29574 29798 29903 29994 30040 30110 30239 30251 30360 30476
lanka 27792
license 27795 27822 27870 27871 27908 27914 27947 28053 28095 28164 28175 28215 28247 28255 28294 28303 28351 28396 28403 28418 28546 28678 28832 28917 28919 28924 28971 28979 29028 29108 29118 29196 29222 29228 29271 29337 29369 29399 29425 29508 29511 29588 29630 29641 29657 29724 29727 29757 29774 30040 30177 30312 30347 30353 30405
local 27795 27822 27840 27871 27908 27914 27918 27947 28003 28032 28053 28095 28164 28169 28175 28215 28223 28247 28255 28285 28294 28303 28315 28318 28351 28396 28403 28418 28525 28546 28646 28671 28678 28688 28714 28917 28919 28962 28971 28979 29028 29054 29106 29108 29118 29126 29166 29196 29200 29204 29228 29261 29289 29337 29352 29359 29369 29399 29416 29444 29508 29511 29574 29588 29630 29641 29657 29691 29708 29724 29727 29747 29757 29767 29773 29774 29798 29837 29859 29861 29882 29923 29954 29979 30024 30110 30136 30137 30177 30182 30185 30226 30230 30232 30238 30246 30290 30299 30301 30312 30315 30347 30353 30405 30476
liop 27795 27822 27871 27908 27914 27947 28053 28095 28164 28175 28215 28247 28255 28303 28351 28396 28403 28418 28546 28678 28919 28971 28979 29028 29108 29196 29228 29337 29399 29508 29511 29588 29630 29641 29657 29724 29727 29757 29774 30177 30312 30347 30353 30405
layers 27796 28281 28539 28714 28745 29054 29273 29686 29926 30110 30155 30299
lead 27800 27827 27911 27925 27980 27992 28027 28038 28051 28071 28218 28286 28315 28331 28335 28414 28425 28537 28638 28700 28746 28852 28924 29014 29054 29064 29097 29309 29428 29491 29653 29747 29767 29859 29882 29898 29917 29973 29977 29979 30047 30155 30246 30307
leave 27800 27870 27907 27911 28003 28092 28159 28169 28190 28294 28531 28690 28728 28924 29014 29044 29054 29064 29204 29232 29237 29491 29798 29807 29919 29950 30072 30073 30252 30376
lopes 27800 27839 28168 28318 29037 29174 29624 29747 29870 29899
lasso 27800 28552
labeling 27800 27812 29113 30058 30073
leveraging 27800 28488 28688 28831 29747 30107
linkoping 27800
lindsay 27801 28205 28219 28287 28288 28633 29115 29214 29587 29622 30411
ls25 27804 27894 28222 28370 28497 28565 28578 28792 29090 29096 29212 29287 29544 29671 29675 29696 29725 29754 30193 30222 30272 30317
lunchtime 27806
latter 27812 28159 28247 28920 29019 29106 29155 29249 29427 29526 29798 29919 30238 30328
literature 27812 27855 28230 28330 28414 28520 28608 28782 28951 29091 29369 29370 29822 30018 30021 30101 30135 30499
logicalvariable 27813 28765 29061 29731
logic 27813 27960 28004 28092 28223 28262 28414 28537 28569 28599 28728 28777 28782 28803 28981 29061 29249 29253 29352 29504 29731 29939 29979 30110 30118 30171 30182 30322 30328
logical 27813 27907 28004 28051 28218 28612 28700 28765 29061 29369 29462 29481 29574 29655 29731 29979 30065 30155 30298 30476
left 27817 27840 27870 27911 27922 27948 28004 28078 28083 28128 28159 28181 28285 28286 28294 28317 28387 28456 28480 28510 28537 28646 28672 28688 28690 28781 28842 28891 28897 28917 28944 28945 28987 28993 29014 29044 29061 29080 29099 29113 29128 29204 29223 29232 29237 29247 29250 29255 29257 29360 29369 29413 29416 29441 29491 29526 29574 29641 29653 29673 29882 29898 29917 29950 30023 30024 30029 30072 30153 30161 30232 30239 30299 30402 30442 30476
l1 27818 27854 27936 28046 28104 28131 28133 28321 28604 28654 28825 28877 28986 29017 29042 29049 29320 29527 29727 29826 29896 29917 30287 30490
l2 27818 27854 27936 28046 28104 28131 28133 28321 28351 28654 28825 28877 28986 29017 29042 29049 29320 29527 29727 29917 30287 30490
l 27818 27822 27854 27875 27931 27936 27947 27970 28004 28046 28104 28119 28122 28127 28131 28133 28148 28156 28188 28215 28238 28270 28321 28358 28384 28480 28519 28595 28654 28663 28709 28789 28825 28847 28877 28897 28910 28928 28971 28979 28986 28987 28993 29017 29042 29049 29060 29099 29106 29113 29128 29185 29207 29223 29232 29274 29320 29337 29399 29441 29484 29527 29561 29564 29666 29715 29800 29826 29899 29917 29960 29967 29984 29987 30016 30017 30040 30081 30161 30239 30287 30293 30295 30321 30341 30442 30490 30494
links 27822 27850 27863 27889 27903 27907 27911 27948 28003 28010 28020 28027 28032 28051 28103 28134 28169 28172 28190 28193 28218 28223 28281 28300 28315 28334 28351 28360 28364 28374 28433 28436 28521 28561 28599 28641 28672 28891 28897 28905 28933 28944 28946 28976 28979 28981 29054 29127 29132 29134 29144 29174 29196 29200 29275 29318 29337 29369 29379 29393 29399 29424 29464 29476 29498 29574 29651 29653 29657 29664 29691 29737 29747 29773 29798 29814 29832 29837 29863 29864 29870 29903 29918 29926 29952 29954 29994 29999 30024 30040 30089 30092 30100 30118 30121 30142 30174 30182 30185 30191 30208 30215 30239 30246 30252 30273 30282 30299 30315 30343 30425 30438 30476 30483
lebel 27824 27852 27954 28069 28122 28126 28195 28231 28502 28545 28760 28892 29561 29567 29993 30275 30398
leipzig 27824 27836 28950
lwow 27824 28213 28859 28928 28932 28950 29545 29959 30370 30389 30449
leah 27824 28122 28126 28451 28663 28891 29021 29232 29666 29955 30028 30219 30275 30327 30341
lchen 27826
lose 27827 28886 28945 29653 29950 30110
looked 27828 28190 28300 28304 28400 28636 28891 29014 29178 29270 29806 29859 29885 30072 30142 30261 30483
looking 27828 27883 27911 27931 28057 28065 28089 28092 28118 28159 28218 28285 28294 28304 28315 28331 28360 28422 28526 28529 28636 28700 28749 28831 28886 28897 28930 28942 29014 29113 29123 29127 29140 29144 29200 29215 29232 29255 29309 29352 29360 29390 29447 29483 29491 29590 29593 29607 29624 29653 29798 29806 29861 29898 29917 29918 29919 29950 30013 30040 30072 30182 30208 30210 30232 30282 30284 30288 30315 30455
lists 27828 27863 27870 27943 27967 28003 28032 28070 28092 28112 28156 28190 28223 28260 28294 28299 28304 28317 28414 28672 28781 28891 28897 28930 29054 29128 29144 29204 29232 29261 29271 29369 29413 29437 29441 29453 29483 29601 29682 29798 29806 29898 29926 29950 29952 30026 30072 30097 30215 30239 30252 30282 30321 30441 30443 30463 30483
ls50 27833 28234 28325 28837 28911 29092 29459 29474 29881 30268
ladder 27834 29057 30113
liebe 27836 27852 28069 28122 28213 28217 28248 28859 29380 29561 30219 30398
lei 27836 28331 28663 29329 29545 29759
leie 27836 28090 28213 28950 29232 29666 29955
landau 27836 27847 27954 28122 28195 28730 28928 28932 29666 30211 30219 30389
lerner 27836 27847 30267
leser 27836
leja 27836 28195 28217 28928 29380 29993 30211
leiser 27836 28442
lasar 27836 28090 28155 29575 30389
laboratory 27839 27992 28057 28703 28942 29174 29574 29708 29747 29798 30047 30308 30476
law 27840 27992 28057 28187 28414 28690 28730 28782 28842 28891 29043 29208 29747 29819 30208 30288 30332 30376 30483 30499
lieu 27841 29679
letters 27841 27911 28004 28078 28083 28230 28329 28330 28520 28781 28905 29061 29106 29232 29250 29270 29274 29465 29663 29798 29837 29857 29861 30101 30121 30182 30298 30442 30494
letter 27841 27911 27965 28027 28083 28294 28480 28519 28781 28842 28886 28980 29061 29106 29118 29144 29192 29208 29232 29253 29261 29274 29352 29369 29465 29491 29750 29960 30121 30167 30182 30403 30494
logging 27841 28223 28525 29641 30072 30482
legend 27841 29207 29369 29779
login 27841 28223 29054 29673 29798
lengths 27843 27911 28048 28070 28071 28304 28599 29013 29064 29106 29186 29275 29556 29747 29917 29926 29973 30299
lubiw 27843 28037 29556
location 27843 27863 27870 27965 27990 28014 28038 28148 28169 28223 28230 28285 28294 28317 28331 28360 28537 28602 28605 28677 28685 28727 28740 28831 28842 28917 29078 29128 29130 29132 29155 29237 29261 29309 29333 29369 29408 29413 29415 29441 29444 29504 29552 29556 29574 29590 29679 29747 29757 29934 30021 30041 30072 30171 30215 30238 30252 30282 30306 30312 30442 30455 30476 30512
loser 27844 27856 27972 27997 28012 28076 28091 28108 28110 28130 28140 28176 28182 28197 28245 28257 28293 28336 28369 28386 28454 28463 28468 28492 28506 28508 28524 28557 28575 28593 28596 28601 28616 28650 28659 28667 28684 28704 28713 28715 28734 28753 28768 28786 28793 28814 28848 28879 28894 28935 28955 28959 28973 28975 29002 29010 29047 29053 29077 29079 29094 29103 29121 29139 29147 29154 29219 29233 29293 29317 29384 29460 29518 29534 29583 29584 29589 29594 29631 29692 29693 29710 29744 29771 29802 29804 29815 29817 29844 29876 29887 29915 29937 29953 30049 30122 30139 30213 30241 30242 30280 30352 30414 30417 30431 30446 30503
lederberger 27847 28859
lebron 27847 30219
lack 27847 27952 28185 28285 28304 28335 28451 28525 29044 29253 29360 29642 29679 29826 29979 30040 30246 30430
ladner 27847 29442
lamet 27847
langrok 27847
latner 27847 29561
laufer 27847 28217 28545 29021 29567 30211 30326
leimann 27847 30219
leinkram 27847 27852 29561
leinzeig 27847 29955
lemberger 27847 28859 28950 29561 30277
lemler 27847 28464 28932
lesegeld 27847 28663 28928
lewkowicz 27847 28155 28451 29116
liban 27847 29276
lichtig 27847 28213 28892
liebfeld 27847
liebgang 27847 28914 30389
liebgold 27847
liebler 27847
liebling 27847 28502 29959
liebthal 27847
lipman 27847 28122 28451 28545 28859 28892 28914 28950
lipschutz 27847 29116 30219 30459
lipski 27847
lobzower 27847 28231 29567 30389
lorentz 27847
lorie 27847 28451
lowenfeld 27847 28231 28950
lowenstein 27847
lubliner 27847 28195
lust 27847 28271
luxemberg 27847
luxner 27847 28442
lefler 27847
lednitzer 27847 28859 28950
leading 27850 27980 27983 28010 28193 28247 28304 28360 28456 28510 28519 28529 28688 28690 28867 28896 28944 29014 29050 29054 29106 29113 29215 29360 29413 29424 29694 29747 29861 30021 30047 30100 30120 30142 30239 30252 30284 30434
ludwika 27852 27954
littman 27852 28032
leopold 27852 28442 28928 28950 29764 30219 30267
limanowa 27852
lobel 27852 27985 28195 28271 28451 28760 28859 28928 28950 29202 29350 29959 30211 30219 30389 30449
lebl 27852 29666
leybel 27852 27985 28195 28213 28859 28869 28892 29116 29561 30211 30219
lesser 27852 28138
los 27855 28122 28132 28155 28156 28213 28344 28502 28527 28545 28760 28841 28869 28905 28928 28929 28950 29099 29116 29227 29493 29561 29567 29574 29837 29861 29971 30101 30210 30321 30332 30389 30476
luotonen 27855 29369
locators 27855 28169 29393 29574 30476
leach 27855 27952 28672 29369
limerick 27855 28350 28579 28585 28649 29198 29890 29904 30101 30332 30334 30374 30445 30448
lawrence 27855 28138 28155 28782 28932 29567 29666 29747 29798 30013 30210 30249 30360 30389
lalanda 27855
le 27855 28442 29747
loerke 27855
luckham 27855
lilley 27855
latency 27855 28051 28456 28745 29054 29900 29923 30299
ljubljana 27855 28430 28604 29523
lyon 27855 30299
laboratories 27855 28438 29393 29747 29863 29979
landray 27855
levy 27855 27974 28663 28928 28950 29329
lambda 27859 28425 29037 29526 29679 29727 29866
let 27859 27863 27911 27922 27927 27931 27939 27967 28027 28092 28112 28181 28190 28193 28218 28223 28230 28236 28285 28304 28330 28360 28384 28414 28425 28456 28520 28526 28531 28638 28641 28671 28672 28685 28690 28728 28729 28886 28897 28924 28945 28962 29028 29044 29054 29064 29099 29113 29144 29155 29186 29223 29232 29237 29247 29249 29313 29347 29352 29360 29369 29390 29413 29425 29448 29464 29491 29526 29578 29663 29673 29704 29798 29826 29832 29855 29859 29898 29903 29917 29919 29950 29973 29981 30068 30092 30110 30153 30161 30182 30232 30239 30261 30299 30345
lisp 27859 28112 28241 28260 29054 30182 30258
lights 27860 27905 28159 28401 28452 28498 28690 28764 28878 28943 28985 29058 29356 29726 30346
lexi 27862 29770
lot 27863 27911 27948 28027 28065 28078 28092 28159 28168 28193 28218 28285 28289 28304 28315 28344 28360 28456 28585 28641 28646 28671 28679 28688 28700 28831 28867 28891 28924 28944 29044 29050 29064 29186 29200 29215 29232 29237 29250 29255 29387 29416 29464 29491 29653 29708 29767 29825 29849 29859 29861 29898 29919 29979 30024 30041 30110 30301 30430
limit 27863 27907 28304 28414 29010 29106 29128 29261 29352 29369 29607 29641 29704 29798 29814 29981 30182 30376 30499
led 27863 28051 28158 28488 28525 28624 28690 28757 29021 29050 29054 29215 29275 29352 29360 29653 29704 29747 29859 29875 30040 30047 30107 30182 30290 30301 30455
less 27863 27907 27911 28078 28092 28118 28159 28169 28294 28304 28414 28425 28456 28462 28526 28531 28537 28636 28638 28690 28700 28728 28749 28751 28775 28776 28781 28831 28842 28897 28924 28962 29037 29054 29064 29106 29126 29128 29155 29186 29223 29237 29250 29309 29311 29346 29347 29360 29413 29427 29441 29491 29504 29588 29607 29747 29798 29837 29906 29917 29919 29979 30072 30121 30208 30261 30298 30301
locate 27863 28962 29130 29309 29578 29798 30047 30455
literally 27863 28285 28344 28414 28924 29215 29261 29309 29390 29441
limited 27863 27952 28003 28112 28169 28185 28260 28285 28580 28585 28628 28924 28968 28980 29054 29091 29113 29200 29211 29261 29340 29369 29467 29574 29636 29798 30101 30155 30208 30238 30240 30252 30476
looks 27863 27911 28027 28092 28190 28274 28285 28304 28520 28569 28636 28749 28897 28924 28962 29054 29064 29232 29237 29247 29273 29315 29387 29491 29496 29578 29607 29611 29798 29857 29859 29885 29926 29950 30072 30232 30261 30301
latest 27870 27980 27990 28004 28078 28092 28112 28159 28175 28304 28317 28318 28425 28436 28485 28529 28537 28587 28671 28751 28917 28924 29054 29062 29064 29200 29204 29232 29360 29393 29415 29425 29798 29837 30040 30062 30142 30144 30232 30252 30284 30482
loads 27870 28363 28690 29237 29387 30072
linked 27870 27911 27956 28066 28078 28092 28281 28285 28294 28341 28351 28379 28414 28537 28917 28930 29014 29099 29128 29250 29261 29271 29360 29393 29410 29413 29415 29418 29441 29487 29607 29679 29798 29919 29926 29966 29981 29982 30012 30215 30232 30269 30282 30336 30353 30443
learn 27870 27911 28027 28065 28083 28127 28159 28169 28190 28230 28285 28315 28317 28318 28330 28334 28360 28390 28438 28488 28520 28525 28552 28599 28636 28641 28671 28685 28688 28700 28867 28910 28924 29014 29050 29126 29144 29155 29159 29249 29253 29258 29352 29360 29387 29390 29393 29413 29416 29423 29425 29433 29441 29464 29491 29504 29574 29708 29727 29747 29767 29798 29861 29863 29889 29899 29954 30013 30065 30072 30118 30153 30167 30182 30208 30210 30239 30246 30252 30301 30321 30338 30343 30476
lots 27870 27911 28223 28285 28304 28317 28318 28456 28886 28930 29054 29144 29215 29333 29413 29441 29642 29798 29861 29950 30023 30072 30110 30232 30239
lf 27870 30299
linker 27870 28173 29251
light 27875 27922 27945 28010 28051 28159 28281 28414 28529 28615 28690 28698 28700 28891 28933 29031 29050 29123 29126 29360 29425 29472 29590 29626 29628 29781 30136 30203 30228 30239 30284 30338 30390 30428
laguna 27877 27918 28077 28083 28155 28905 29837 30028 30085 30341
lit 27885
lucky 27887 28093 28899 28981 29232 29653 29798 29943 30239
leprechauns 27887 28093 28899 29943
laughing 27887
look 27889 27911 27927 27931 27948 28051 28065 28066 28078 28092 28112 28159 28190 28218 28223 28230 28236 28285 28294 28330 28360 28414 28425 28456 28520 28529 28531 28537 28590 28607 28641 28687 28688 28690 28700 28728 28749 28781 28798 28897 28924 28944 28962 29014 29044 29054 29064 29113 29142 29144 29174 29204 29232 29249 29250 29266 29305 29333 29360 29369 29379 29387 29413 29416 29424 29425 29440 29464 29491 29504 29578 29607 29653 29664 29704 29747 29767 29798 29814 29859 29864 29892 29898 29917 29919 29922 29926 29950 30013 30024 30072 30110 30121 30130 30153 30174 30208 30215 30232 30239 30261 30284 30298 30301 30315 30321 30397 30424 30425 30438 30451 30482
listings 27889 28294 29654 29814 29950 30174 30185 30376 30438
lee 27894 28052 28054 28155 28440 28545 28688 28737 28745 28918 28928 28932 28933 28950 28964 28970 28989 29083 29111 29150 29369 29380 29461 29546 29561 29747 29798 29923 29926 29952 29971 29979 30140 30252 30298 30343 30360 30457
loom 27900 30086
locally 27902 28003 28051 28169 28172 28175 28187 28897 28917 29255 29387 29574 29859 29896 30299 30315 30476
locking 27902 27907 27967 28003 28051 28169 28364 28537 28646 28672 28917 29369 29393 29574 29950 30252 30476 30482
longer 27903 27911 28010 28027 28112 28169 28190 28193 28223 28285 28294 28304 28526 28529 28537 28569 28641 28690 28781 28821 28867 28946 28962 29144 29204 29223 29237 29369 29379 29387 29413 29464 29574 29641 29642 29695 29747 29798 29859 29919 29973 30013 30041 30161 30208 30284 30442 30476
launches 27909
labfebruary 27909
leader 27909 28529 28852 29215 29747 29863 30173 30284
labs 27911 28078 28112 28218 28488 28519 28727 28728 28886 28987 29023 29144 29155 29250 29387 29415 29425 29679 29708 29747 29826 29861 29906 30013 30101 30107 30130 30215 30239 30424 30443
linux 27911 27948 28010 28078 28112 28223 28254 28285 28436 28700 28917 29250 29425 29747 29861 30482
lexicographical 27911 29882 30282
\test\project1\example 27911
long 27911 27967 28027 28048 28057 28092 28169 28181 28223 28285 28304 28364 28414 28520 28526 28537 28589 28690 28756 28757 28847 28863 28886 28891 28928 28944 28945 28976 29014 29044 29054 29064 29095 29106 29113 29127 29128 29144 29215 29232 29237 29352 29360 29369 29387 29406 29452 29504 29574 29578 29596 29650 29653 29695 29747 29798 29800 29822 29826 29837 29859 29864 29898 29906 29919 29950 29976 30013 30040 30072 30121 30182 30239 30251 30261 30298 30335 30356 30389 30476
\docs\uci\ics32\homework 27911
lookout 27911 28904
limitation 27911 29064
limitations 27911 28092 28335 28700 28714 28924 29054 29064 29163 29204 29313 29352 29387 29654 29747 29798 29814 29882 30182 30208 30282 30301 30430
listed 27911 28010 28032 28181 28218 28294 28300 28377 28425 28456 28685 28692 28905 28924 28930 28945 28962 29014 29064 29113 29128 29144 29204 29232 29275 29369 29425 29464 29578 29636 29673 29798 29826 29837 29859 29906 29923 29926 29950 29952 30013 30100 30142 30182 30185 30208 30232 30421 30463
len 27911 29333 29526 29859
lives 27911 28636 28690 28891 29360 29653 29998 30017 30107 30140 30155 30161 30290 30315
lowercase 27911 29061 29798 30282
lighten 27911 28690
loading 27911 28003 28045 28078 28169 28223 28264 28289 28537 29168 29237 29241 29250 29553 29574 29682 29870 30476 30482
lily 27913 29723 30327
\ 27916 28128 28147 28247 28317 28847 28897 28987 28993 29061 29118 29228 29413 29727 29757 29798 29855 29898 30239 30312 30405
leaf 27917 28456 28531 28646 28897 28993 29106 29113 29247 29413 29654 29704 29898 29977 30093
logs 27918 28285 28897 29369 29413 29875 30299
linuxworld 27918
loses 27918 29369 29600 29917 29950
larsen 27919 28316 28794 29013 29223 30147
leakage 27919 27980 28316 28335 28539 30274
ls15 27921 27935 28296 28459 28535 28843 28915 29169 29353 29377 30207
linking 27922 28169 28173 28917 28934 29099 29251 29679 30239 30482
log^2 27922
logarithmic 27922 28585 28604 29311 29413 29735 29926 29948 30223
\sigma 27927 30312 30405
\choose 27931
likewise 27931 28066 28425 28897 29144 29258 29441 29491 29898 30312
love 27931 28159 28315 28360 28488 28529 28690 28730 28731 28798 28891 29011 29215 29255 29889 30284 30451
liable 27945 28731 29211 30298
lib 27948 28512 28924 29064 29241 29682 30008
lisa 27952 28213 28248 28545 28621 28672 28730 28950 29232 29294 30389
lippert 27952 28672
ldap 27952 29054 30040
leads 27952 28051 28281 28304 28638 28821 28889 29064 29187 29235 29253 29347 29636 29747 29885 29898 29919 30037 30328 30430 30442
lotti 27954
lanzer 27954
leszek 27954
ludwik 27954 28155 28442 28841 28932 29380 30211 30277
louise 27954 28122 28155 28630 28841 28928 28950 29398
leon 27954 28069 28213 28217 28231 28271 28451 28663 28802 28859 28869 28892 28928 28932 28950 28981 29116 29380 29582 29666 29959 29971 30219 30277 30326 30327 30360 30389 30449
lauber 27954 28950 30219
lanckorona 27954
listdefinition 27956
lynch 27959 28037 29930 30188
lattices 27960 28331 28414 29061 30171
legal 27960 28027 28285 28338 28414 29014 29044 29061 29113 29128 29208 29369 29413 29491 29747 29859 29866 29882 29906 30013 30072 30171 30282 30288
lost 27960 28003 28027 28051 28169 28218 28537 28638 28641 28690 28700 28886 29037 29054 29106 29144 29204 29232 29309 29369 29464 29574 29578 29642 29917 29926 30013 30063 30153 30246 30298 30312 30442 30455 30476
lozenge 27960
letier 27960
li 27965 27982 28057 28065 28127 29130 29144 29255 29329 29359 29495 29747 29843 29899 30098 30120 30149 30227 30455
lowest 27965 28294 28425 28728 28842 29113 29352 30182 30239 30320
located 27965 27986 28003 28169 28285 28360 28378 28585 28905 28917 29118 29128 29142 29232 29261 29309 29369 29508 29574 29673 29798 29837 29861 29934 30252 30424 30442 30476
lecturer 27966 28127 28314 28631 28727 28976 29037 29050 29309 29747 29899 30081 30387
locations 27967 28004 28148 28285 28317 28605 28607 28728 28831 28885 29204 29237 29261 29333 29369 29379 29437 29798 30097 30442 30512
lock 27967 28003 28051 28169 28570 28646 28672 29054 29273 29369 29393 29574 29655 29950 30040 30128 30196 30252 30476
lets 27967 28262 28924 29028 29037 29130 29270 29491 30120 30208 30251 30290 30430
lya 27974
louis 27974 28155 28213 28231 28663 28802 28928 28932 29178 29380 29695 29926 30119 30134 30327 30360
lillian 27974 28663
lena 27974 28122 28502
loped 27974
lipa 27974 28122 28859
lilly 27974 28090 30343
leitche 27974
μdroid 27976
lightweight 27976 28539 28960 29358 29427 30155 30455
las 27980 28122 28155 28271 28502 28585 28663 28841 29178 30389
lain 27980
langwald 27985
loeb 27985
leybel+feigel 27985
lying 27990 28159 29099
latitude 27990 28169 30021
lampinen 27990
litt 27990
loved 27992 28529 29200 29255 30284 30343
lightly 27992
licenses 27992 28924 29369 29870
laude 27992 28933
lady 28001 28354 28414 30432
locks 28003 28169 29253 29369 29574 29950 29961 30476
locatin 28004
lectures 28010 28294 28520 28537 28602 28690 28728 28821 28847 29253 29352 29462 29491 29607 29747 29898 29973 30013 30021 30100 30142 30182 30208 30387 30482
lutheran 28011
linguistics 28020 28414
linguist 28020
leagues 28025
legitimate 28027
liberty 28027 28231 28526 28897 29303 29520 29741 30432
ledeen 28027
lewis 28027 28464 28928 28933 30327 30360 30389
lipovetzky 28032
levi 28032 29021 30360 30442
lelis 28032
linares 28032
lópez 28032
likhachev 28032
lars 28032 28970 29435 29752 29952
leighton 28032
ll 28038 28065 28159 28315 28488 28781 28993 29113 29708 29767
launching 28045 29089 29798
lászló 28048
lunch 28051 29081 29100 29747 30040
lifted 28051 28804 28970 29044 30282
linksearch 28051
logically 28051
lauren 28051 28387 28846 28932 28950 29369
lining 28052 28318
leiden 28056 28876 29933
llc 28057
living 28057 28117 28186 28422 28991 29093 29200 29232 29540 29653 29654 29861 30054 30110 30120 30238 30288 30298 30315 30463
launch 28057 28120 28924 29130 29237 29255 29425
legendary 28065 28510 28905 29837
lueker 28065 28127 28230 28295 28585 29013 29807 29899 30201 30376
leeway 28065 29258
longest 28065 28247 29013 29113 29237 29246 29333
lieber 28069 28155 28271 28442 28802 28859 28892 28928 29442 30327
landsberger 28069
loewi 28069
leaving 28071 28120 28138 28309 28537 28690 29054 29113 29232 29237 29311 29864 29926
live 28071 28285 28315 28323 28526 28690 28714 28730 28831 29050 29054 29200 29232 29369 29747 29798 29859 29892 29919 29950 30013 30121 30239 30301 30311 30365
largely 28078 28168 28641 29106 29113 29369 29464 29483 29885 29998 30021 30072 30097
lev 28083 29747
latin 28083 28585 30298
legacy 28083 28169 28316 28694 29186 29574 29641 30101 30476
leaders 28083 28127 28318 28688 28934 28942 29200 29215 29694 29715 29899 29967 30081 30455
lamb 28083 30291
liquidamber 28084
lengthening 28092
loss 28092 29106 29211 29223 29727 29861 30288
linkedlist 28092
lime 28097 28326 28767 28809 29313 29315 29496
loaded 28112 28512 28799 28924 28968 29166 29237 29241 29682 29920 30008 30137
licensing 28112
lesaffre 28114
logistic 28114 28525 28552 29814
letting 28118 29347 29387 29490 29747
lcm 28118
leibisch 28122 28195 28859 28928 28950 29202 29276 29380 29764 30219 30277
limanov 28122
lewi 28122 29959 30211
lieberman 28122 28928
liebermann 28122 30219 30326
leonard 28122 28802 28928 29380 29567 30360 30389
linda 28122 28928 29276 30047 30389
learningbiomedical 28127 29334 29899
lbic 28127 28784 29899
lubomir 28127 28784 29899
laboratoryresearch 28127 29899
lathrop 28127 28230 28330 28520 28759 29192 29225 29334 29352 29747 29899 30047 30057 30182 30260
levorato 28127 28201 28896 29899
learningnetworks 28127 29899
learningdatabases 28127 29899
learningcomputer 28127 29899
labeled 28128 28456 28781 28917 29113 29491 29663 29747 29898 30252
\tfrac 28128 28847
\log 28128 28847
\frac 28128
\log\log 28128
\right 28128
leadoff 28129
lodestar 28134
|s|χ 28138
lttle 28141 29791
|| 28147 29393 29491 29709 29898
lakochoz 28155
lancashire 28155 28464 29380 30389
lucille 28155
lorraine 28155 28271
lovie 28155
laybl 28155
lai 28155 28869 29012 29202 29575 29764 30449
literal 28156 28285 28414 28944 29064 29309 29859 30321
la 28159 28518 28540 28891 28905 29054 29370 29593 29747 29837 30143 30167
lasting 28159 29919
lined 28159 28452 28569 29576 29913
langebro 28161
learning—a 28168
latent 28168 28677 30120 30301
lassila 28169 28672 29369 29574 30040 30476
leverage 28178 28488 28636 28745 28852 29130 29358 29441 29747 30107
lola 28184 28213 28950 29116 29380 29666 30267
leizer 28184 28451 28859 28950 29350 29380 29666
lobl 28184
lam 28187 28404 28585 28933 28970 29078 29281 29306 29444 29923 29948
limiting 28187 28531 28690 29106 29261 29369 29427 29864 30252 30299
likelier 28190 28537 29919
ljubomir 28193 29144
laurie 28193 28928 29369
lester 28195 30360
leibusch 28195
lives—from 28201
lighthouse 28207 28963 30323
loryn 28213
loew 28213 28928
lipe+feigel 28213
lemberg 28213 28928
lucya 28213
lucie 28213 28950
lucyna 28213
leyzer+nachy 28213
loszek 28213
libman 28217
libiaz 28217
lord 28218 30442
lighter 28218 28700 29666
leedy 28220 28800
ld 28223 28304
listening 28223 29078 29387 29864
ls 28223 28924 29798
lts 28223
libtool 28223
localmachine 28223
localhost 28223 28304 29387
liebman 28231
ls100 28244 28458 28953 29625 30162 30457
lancaster 28248 30288
loud 28251 28294
likelihood 28255 28552 28569 28700 28853 29054 29369 29704 29752 29799 29814 29979 30120 30301
log3k 28256
lamp 28264 29926
lifeguard 28270
loewenthal 28271
lungs 28281 28891
lung 28281 30047
lifetime 28285 28315 29021 29309 29369 29679 29727 30315
lifetimes 28285
legally 28285 29113 29309 29859
lvalue 28285
lastly 28285 29261 30239
leaks 28285 29329 29679
leak 28285
lightning 28287 29329 30485
literary 28294 28414 28628 28636 28730
likes 28294 28531 30499
locating 28294 28672 28897 28917 29054 29106 29309
likeliest 28294
laying 28300 30107
lang 28300 28891 29369 29556
logo 28300 29275 29425 29926
linearly 28304 28537 28585 28604 29099 29178 29798 30119
\users\sandyirani\desktop\ics 28305 29055 30216
logan 28306 28965 28978 30360
ls10 28308 28790
linnea 28311 30475
lacks 28315 29798 30282
lettner 28316 28794
liebchen 28316
lucas 28316 29567 30360
losing 28316 28886 29369 30274 30455
librando 28316 30274
labels 28317 28731 29126 29727
layoutmanagers 28317
listeners 28317 28960
label 28317 28334 28886 28930 29247 29369 29727 29898
labelled 28317 28897
listener 28317 28930 29970
layoutmanager 28317
launched 28318 29237 29708 29861 30173
lecturers 28318
linkedin 28318
lero 28329 30101
leontief 28331 30239
lexicographic 28331
lumezanu 28331
lp 28331
lagrangian 28331
liu 28331 28585 28933 29078 29175 29329 29440 29798 30120 30201
laszlo 28331
lrm 28334 28599 30118
latch 28334 30118
latches 28334
larkin 28338
leftarm 28340
leftfoot 28340
lefthand 28340
liked 28344 28730 29142 29200 29591
landscape 28357 28529 28924 29118 29360 29747 29861 29998 30107 30284
|officers 28360 29737
|jobs 28360
lo 28360 28440 29083 29737
lollicup 28360
logistello 28374
lum 28381 29386 30399
lr 28384 28993 29113 30239
lucy 28390 28746 30389
\delta 28400
luminaria 28401
larrosa 28404 30240
landing 28414 29290 29871
laborious 28414
logos 28414
lemmatize 28414
lemmatized 28414
labyrinth 28414
liddell 28414
loose 28414 29078
locke 28414
laplanders 28414
lexical 28414 29061 29882 30110
lxiii 28414
lewes 28414
lett 28414
loosely 28414 29578 29752 30246
loosnesse 28414
lizard 28416 28505 30163
legibly 28425
lite 28433 28917 29476 29798 29954
leung 28438 29289 29995 29999
lieby 28442
lipnik 28442 29202
leyb 28442 28928 30459
laura 28442 28545 28841 28869 28892 28928 28950 29232 29445 29798 29971 30101 30277
lons 28442
lowinger 28442
lion 28442 28510 28527 28792 29425 29446
leinsass 28451
liscza 28451
lak 28451
laie 28451 29764
langmann 28451
langman 28451
leia 28451 29232 29955
laizer 28451
logarithm 28456 28638 29917
leidel 28458 29625
liverpool 28464 28585 28891 29380
land 28473 28525 28690 28891 29075 29158 29542 29785 30239 30442
leonardo 28474 29747 30360
lineup 28476 29585
leirner 28478
lacma 28478 29171
lbnodes 28480
lbedges 28480
linkbrowser 28480
lbnodehintui 28480
liaison 28488 28784 29767
learners 28488 28636 30107 30210
leds 28488
lazy 28500 29061 29578
loren 28502 30360
lauford 28502
lincoln 28502 28636 30360
lauderdale 28502 29232
leffe 28502
ls40 28509
laughed 28510
league 28510 29215 29653 29708
lowell 28511 29385 29444 30360
ludwig 28511 28730 28841 28932 28950 29926
labor 28520 28595 28698 28880 28891 28966 29984 30047 30343
librarian 28520
leeuwen 28525 29132
liberties 28526 29919
luckily 28526 29200
lasted 28526 29919
longhorn 28527 29816
lgbtq 28529 30284
lesbian 28529 30284
lay 28529 28895 30284
liras 28531
loops 28537 28930 29014 29113 29413 29491 29679 29859 29882 29926 29950 30023 30299 30301
laid 28537 29232 30282
logged 28537 28962 29864
leverages 28539 28981
lookup 28541 29333 29387 29521 29859 30040
lilianna 28545
lossick 28545
libewsky 28545
localized 28551 29061
loglinear 28552 29814
locktype=write 28570
lockscope=exclusive 28570
listen 28571 30140 30343
liotta 28585 29706 30058
layered 28585 28677 29273 29747 29926
locus 28585 28885
landmark 28585 29306
lozzo 28585 30201
lübbenau 28585
leibniz 28585 28787
lipics 28585 28787
langsams 28590 28891 29232
loves 28591
lifespan 28598 29694 30353
larvae 28598
lex 28608
logicalconstant 28612 29061 29731
logicalconstantextends 28612
lisadu 28621
leonardi 28625
librarians 28628
literacy 28628 28636 28936 29597 29642 30013
logjam 28630
leveraged 28636 29081 29453 29767
literacies 28636
linguistic 28636 30291
luxus 28647
lemur 28648
lemmel 28663
larchmont 28663
livenstein 28663
landsman 28663
layouts 28677 28930
landslide 28677
loper 28677
lastname 28677
lately 28679
limb 28688
lands 28690 30442
lays 28690
lilies 28690
leeches 28690
leszno 28692
lomica 28692
lateness 28700
linkers 28700 30482
libaio 28727
lightest 28729
lies 28749 29044 29403 29747 29882 30072 30239 30288
log2 28749 28897 29413 29812 29885 29948 30208
lakeland 28751
lowerbounds 28754
lewek+chaia 28760
lewek 28760 29561 29764 30219 30275 30449
luftman 28760
ludmila 28760
leopoldstadt 28760
ley 28777
\r\n 28781 30232
luff 28782
latour 28782
logy 28789
logyf 28789
liquid 28797
lublin 28802 28859 29545
lajtner 28802
lichtenberg 28802
lumen 28833
latvia 28841
lenore 28841
ludwig+susan 28841
lawless 28841
lopez 28842
logistics 28842 28980 29747
\phi=\max 28847
l\lt\operatorname 28847
\phi 28847
\phi=n^2 28847
\phi=n 28847
\dots 28847
\lceil 28847
\lceil\cdot\rceil 28847
lifestyle 28852
lassa 28852
lynn 28859 28928 30219 30299 30360 30389
liba 28859 30277
lipszyc 28859
lum25 28865 30492
leigh 28867 30389
lewka 28869
licensed 28873
leans 28880
lemma 28885 29246 29484
lossy 28886 29128
lzw 28886
lima 28888
lifting 28889 29255
lighting 28890 29031
lodzia 28891
lara 28891 28950
leanne 28891
leor 28891
lapkiewicz 28891
lover 28891
lighted 28891
luck 28891 29269 29578 29994 30037
lobes 28891
lissner 28892
lejzer 28892
laje 28892 28950 29116 29276 29380 30449
lieban 28892
landis 28897 28993
loga 28897
legoland 28905 29520 29837 30011 30039
leybus 28914
livelink 28917
loathe 28924
\users\thornton 28924
landed 28924
\users\thornton\desktop 28924
\users\thornton\desktop\32example 28924
\users\thornton\desktop\32aexample 28924
\users\thornton\desktop\32example\scripts 28924
\users\thornton\desktop\32example\src 28924
loobuyck 28928
lindberg 28928 29875
litwa 28928
leonor 28928
loriot 28928
laurent 28928
laure 28928
lithuania 28928
langzaam 28928
lindenbaum 28928
lilienthal 28928
luiza 28928 30267
lader 28928
losses 28930
lister 28930
literals 28930 29113 30072 30210
liststack 28930
listqueue 28930
livingston 28932
loretta 28932 28950
lemel 28932
laudephi 28933
laudeoutstanding 28933
laudecampuswide 28933
leslie 28933 30360
liane 28933 28950
lieutenant 28934
laboratoryuniversity 28934
limits 28937 29044 29261 29465 30072 30121 30136 30288 30289 30299
lois 28942
laugh 28942 30115
\t 28944
\n 28944 29987
\x20 28944
\x5c 28944
\x5d 28944
lunch—sorry 28945
liveness 28946 29369
lotta 28950
leizer+chawa 28950
lilian 28950
leveque 28950
louve 28950
lana 28950
lambrecht 28950
lia 28950
lorna 28950
lewisham 28950
lina 28950
lodz 28950 29764 29955 30327 30370 30449 30459
lydia 28950
lilyan 28950
liora 28950 29380
laurence 28950 30360
lionel 28950 30360
lilliane 28950
lips 28968
lookahead 28970 29441
lou 28970 29711 29959
lingo 28976
lihua 28980
langauge 28981
langsam10 28991
lg 28993 29106
leftsubtree 28993
lennon 29011 29616
leibe 29012
landesman 29012
latorah 29012
lescha 29021
lifsha 29021
labin 29021
leibish 29021 30463
langerman 29021 30188
lokesh 29031
legality 29044
lineage 29054 29232 29578 30442
losers 29054
liberal 29054
litmus 29054
lockstep 29054
leaking 29054
litter 29054
luminaries 29054
layering 29054
leveled 29054
lazily 29061
leftvalue 29061
lavigne 29078
lotus 29081 29574 30476
logarithmically 29087
latex 29091 29465 30238
lempel 29106
locality 29106 29311 30223
llewellyn 29106
langdon 29106
lousy 29113
lexeme 29113
|β| 29113
lalr 29113
locher 29116
lehrfeld 29116
luntz 29116
lunz 29116 30219
lew 29116
loschner 29116
ln 29118 29441 29826 29917 29948
likeness 29126
|resolutionunit|resolutionunit|resolutionunit|resolutionunit| 29128
lossless 29128
lsat 29142
lettersextracurricular 29142
legitmate 29144
lax 29155 29837
liklely 29155
lab–if 29155
lacking 29155 29798
lowering 29155
lori 29163 29567 30316
lively 29200 30343
lenkiewicz 29202
leukemia 29207
leukemiadata 29207
\\mydocuments\\bayes\\survivalregression\\leukemia 29207
lwd=3 29207
lty=2 29207 29987
lwd=2 29207 29987
line=3 29207 29987
lty=1 29207 29987
lty=c 29207
lwd=c 29207
legislation 29208 29261 30246
liability 29208 29211 30246
litigation 29208
logitech 29215
legends 29215 29708
louser 29232
langson 29232
luser 29232
luce 29232
llp 29232
lolek 29232
langsaw 29232
lovely 29232 29926
leg 29232
lustig 29232
lifts 29237
leftson 29247
length=1 29247
laws 29249 29497 29814 30376 30442
logistical 29258
lycos 29261 29798
logallrefupdates 29263
legible 29271
lejk 29276
livonia 29276
lynca 29276
lipner 29276
logbook 29309
leftward 29311
lloyd 29312 30360
lmcintyre 29312
|a 29313
|a| 29313
|b| 29313
lte 29329
lau 29329
luo 29329
lin 29329 29604 29814 30018 30047
lu 29329
lianyong 29329
location0 29333 29744 29817
location1 29333 29744 29817
loc 29333
lathropprofessordegree 29334
locomotion 29336
lan 29344 29387 29999 30299
listens 29346 29387
loglog 29347
lukawicy 29350
limanow 29350
letterhead 29352 30182
learns 29352 30182
luis 29353 29747 30011 30101 30360
lifelong 29360
locktoken 29369
lockentry 29369
lockinfo 29369
lockscope 29369
locktype 29369
lockdiscovery 29369 30252
locator 29369 29798 30232
lws 29369
locale 29369 29408
layman 29369
lasher 29369
lagoze 29369
leap 29369 29416 29950
lenient 29369
localpart 29369
lemke 29370
lawn 29371 30390
\winnt\profiles\rickl\desktop\javapolygonnew3\javapolygon\   ec 29374
lgamemodel 29374
ljvisdialog 29374
\winnt\profiles\rickl\desktop\javapolygonnew3\javapolygon\jvisdialog 29374
\winnt\profiles\rickl\desktop\javapolygonnew3\javapolygon\game 29374
\winnt\profiles\rickl\desktop\javapolygonnew3\javapolygon\greedy 29374
lbestfirst 29374
\winnt\profiles\rickl\desktop\javapolygonnew3\javapolygon\bestfirst 29374
lfileutil 29374
\winnt\profiles\rickl\desktop\javapolygonnew3\javapolygon\astar 29374
lgameframe 29374
\winnt\profiles\rickl\desktop\javapolygonnew3\javapolygon\gameframe 29374
\winnt\profiles\rickl\desktop\javapolygonnew3\javapolygon\jaboutdialog 29374
lgameview 29374
lpolygon 29374
\winnt\profiles\rickl\desktop\javapolygonnew3\javapolygon\list 29374
listnode 29374
lpriorqueue 29374
luniform 29374
\winnt\profiles\rickl\desktop\javapolygonnew3\javapolygon\uniform 29374
lstatsdialog 29374
\winnt\profiles\rickl\desktop\javapolygonnew3\javapolygon\statsdialog 29374
liberate 29379
lynette 29380
lior 29380
lipniki 29380
loopback 29387
lookups 29387
|+ 29393
long2 29413
lect 29413
logd 29413
log4 29413
leftist 29413
lisa'10 29415
lok 29416
\eclipse 29425
latte 29425
linkage 29440 29466
lenkowitzer 29442
luminosity 29447
listserver 29453
lkh 29462
lotteries 29462
luggage 29477
littlemightyai 29480 29613
linlin 29495
\space 29526
\0 29526
lattner 29561
localedgecount 29564
localedgenum 29564
lifecycle 29565 30316
linn 29567
loreta 29570
lieb 29578
lviv 29578
levine 29582 30389 30482
log^4 29603
log^5 29603 29703
lec19 29642
lemmas 29651 29973
laymen 29653
licht 29666
lambeth 29666
lawson 29666 30246
leibla 29677
leibl 29677
lvalues 29679
lldb 29679
lambdas 29679
libs 29681
lvl 29691
localport 29691
localip 29691
leqiu 29695
lichen 29698
latinos 29708
listable 29709
leraning 29727
\bw\ 29727
\langle 29727
\bw 29727
\rangle 29727
labellabel 29727
\bw^\top 29727
\bx\ 29727
\delta\alpha\ 29727
labelsample 29727
labelstraining 29727
lambdaregularizer 29727
losstype 29727
lobster 29732
lobsters 29732
lipika 29737
l50 29741 30145
location3 29744 29817
lncs 29747
lawyer 29747
lawyers 29747
lemos 29747
lecturing 29747
laud 29747
liffy 29747
lor 29747
lauds 29747 29863 30140
laurels 29747 29863 30140
lamping 29747
loingtier 29747
laurel 29747
luke 29747 30360
laplacian 29757
lenc 29757 30405
\times 29757
lieblich 29764
looseness 29773
lasers 29776 29965 30045
leture 29779
listproc 29798
lynx 29798
lemay 29798
listserv 29798
lii 29798
lemacs 29798
|readwebpost 29798
lvirden 29798
loadable 29798
lease 29798
leased 29798
longitudinal 29814
location4 29817
location2 29817
lab3 29826
libertarians 29826
l0 29826
liferea 29832 30092
lileana 29833
lgb 29837
lone 29850 30299
legb 29859
leveling 29859
llvm 29861
laureates 29861
legal=none 29866
lesley 29875
longhurst 29875
lanham 29875
lasts 29882
\a=t 29898
\b=t 29898
\r1=c4 29898
\r1=c5 29898
\\\\\ 29898
\r2=c5 29898
\r2=c6 29898
\r3=c6 29898
\1=b 29898
\2=b 29898
\3=b 29898
\4=b 29898
\5=b 29898
looping 29898 30261
lecturerresearch 29899
learningstatistics 29899
l2=x 29917
l3 29917
|l2|+min 29917
|l1| 29917
|l3| 29917
lend 29919
luan 29923
lokande 29923
loday 29926
leys 29926
les 29926 30167 30360
lama 29926
longtin 29926
∼ 29948
lutz 29952
lambert 29952
lenhof 29952
leal 29952
lauritzen 29954
lumiere 29954
louiza 29955
lofler 29955
lila 29959
luniak 29959
laub 29959
lublinitz 29971
\left| 29973
\sqrt 29973 30073
\right| 29973
\approx 29973
liminf 29973
laszkiewicz 29980
lowf 29987
lowf=50 29987
\\mydocuments\\bayes\\oneandtwosample\\code 29987
lowf1 29987
lowf1=50 29987
lwd=5 29987
loffler 29990
leybl 29993
laputa 29999
liao 30018
leila 30029
ladies 30039
luecke 30047
lrac 30047
labelings 30058
lec05 30062
lakers 30072
\omega 30073
\tilde 30073
\min 30073
lauer 30084
liprofessordegree 30098
lassenius 30101
lean 30101
lanubile 30101
leticia 30101
lathrop                                          30102
lin28a 30120
liver 30120
liang 30144
lene 30147
lunches 30152
loudness 30167
leaked 30191
lejbel 30211
lusha 30211
logarithms 30215
lipschytz 30219
lipszytz 30219
lipschitz 30219
liza 30219
lipshutz 30219
liebke 30219
lipe 30219
liebschutz 30219
liebehard 30219
lab2 30239
lw 30239
lds 30240
linearizes 30252
leroy 30261 30360
liz 30261
loy's 30261
loving 30261
lermer 30267
lotar 30267
laze 30275
laor 30277
limor 30277
lusia 30277
lili 30277
ligon 30277
lakes 30288
loshin 30299
logins 30299
lda 30301
\bx 30312
\in 30312
\real^2 30312
\theta 30312
\propto 30312
\begin 30312
louisa 30327 30389
loan 30329
lazaridis 30357
lonnie 30360
lance 30360
luther 30360
lyle 30360
lorenzo 30360
leland 30360
lamar 30360
louie 30360
lamont 30360
loyd 30360
linwood 30360
lane 30360
leonel 30360
landon 30360
laverne 30360
lon 30360
lazaro 30360
luciano 30360 30389
lucien 30360
lanny 30360
leopoldo 30360
lucio 30360
lemuel 30360
lavern 30360
lyman 30360
lenard 30360
lenny 30360
lupe 30360
lidia 30370
leftover 30376
lucario 30389
littner 30389
lustbader 30389
lux 30389
liwszyc 30398
lastoctave 30405
lambda1 30419
lambda2 30419
|m| 30421
|i| 30421
|v| 30421
lonh 30430
leibush 30442
lachzor 30442
lamented 30442
lednicer 30449
lucja 30459
lenartov 30463
löb 30463
loaders 30482
loader 30482
longfellow 30494
lekuona 30499
