+ 30517 30590 30610 30649 30668 30713 30714 30730 30737 30753 30755 30829 30849 30858 30870 30914 30920 30933 30960 30971 30976 30980 30996 31007 31011 31022 31025 31039 31058 31075 31090 31123 31150 31159 31187 31247 31251 31257 31269 31297 31299 31317 31367 31379 31381 31383 31402 31409 31446 31458 31459 31482 31496 31510 31512 31527 31530 31534 31545 31546 31579 31597 31654 31699 31700 31746 31791 31801 31813 31870 31877 31895 31920 31923 31950 31959 32063 32066 32097 32175 32182 32192 32207 32217 32251 32270 32320 32354 32390 32392 32426 32432 32439 32448 32459 32513 32526 32558 32606 32621 32625 32630 32637 32645 32656 32672 32707 32716 32728 32759 32760 32780 32783 32786 32911 32918 32950 32955 32964 32965 32974 32975 33090 33118 33127 33141 33155 33170 33188 33194 33195 33203 33218 33267 33269 33276
kempner 30517
krakow 30517 30730 30753 30755 30801 30829 30849 30914 30920 30933 30960 30971 30996 31007 31022 31075 31090 31123 31230 31257 31269 31381 31383 31402 31409 31446 31458 31459 31496 31512 31545 31556 31654 31668 31699 31791 31801 31813 31877 31923 32171 32175 32182 32192 32270 32320 32390 32392 32426 32432 32448 32459 32526 32606 32637 32645 32707 32716 32780 32786 32910 32950 32952 32964 32965 33118 33127 33170 33188 33203 33267 33269
keila 30517 30933 31076 31402 31459 31654 32175 32426 32645 33118 33269
[ 30517 30529 30530 30540 30555 30557 30590 30602 30606 30620 30622 30628 30634 30640 30641 30649 30655 30668 30699 30707 30713 30714 30716 30726 30730 30737 30745 30753 30755 30762 30777 30782 30790 30800 30817 30824 30829 30849 30852 30858 30864 30869 30881 30889 30914 30920 30926 30933 30935 30938 30942 30952 30960 30971 30980 30984 30988 30996 31007 31011 31022 31025 31036 31038 31043 31050 31051 31061 31066 31075 31076 31078 31090 31102 31112 31123 31132 31150 31166 31180 31187 31221 31223 31254 31257 31260 31269 31272 31292 31295 31297 31300 31314 31317 31359 31367 31381 31383 31393 31402 31403 31409 31410 31418 31446 31454 31455 31458 31459 31461 31468 31496 31510 31512 31516 31527 31529 31533 31545 31546 31562 31571 31604 31625 31632 31644 31654 31678 31683 31699 31700 31717 31733 31734 31760 31776 31783 31785 31786 31791 31801 31804 31813 31821 31829 31835 31840 31877 31893 31895 31897 31904 31916 31920 31923 31935 31942 31949 31950 31952 31956 31959 31961 31970 31994 32026 32030 32038 32044 32053 32058 32063 32083 32089 32097 32110 32129 32135 32145 32151 32175 32182 32192 32202 32217 32222 32230 32245 32248 32251 32270 32320 32325 32328 32341 32349 32354 32359 32368 32390 32392 32410 32426 32432 32439 32448 32458 32459 32460 32489 32509 32526 32531 32543 32561 32567 32592 32606 32607 32625 32636 32637 32645 32656 32666 32672 32685 32686 32687 32707 32716 32735 32752 32759 32760 32775 32780 32782 32783 32786 32805 32808 32827 32836 32841 32842 32850 32854 32874 32875 32904 32910 32915 32918 32950 32955 32956 32957 32963 32964 32965 32971 32975 32989 33003 33008 33057 33068 33074 33076 33096 33109 33118 33119 33127 33139 33162 33170 33172 33174 33188 33190 33195 33203 33218 33240 33248 33267 33269 33271 33272 33276
kleinberger 30517 31007 31076 31123 32432 33170
kluger 30517 30996 31123 31257 31791 32270 32320 33118
krebs 30517 32192 32270
kokova 30517
klecza 30517
kenneth 30528 30971 31459 31671 32192 32545 33093
keep 30530 30544 30659 30661 30668 30713 30714 30716 30722 30726 30727 30736 30743 30857 30858 30864 30878 30891 30906 30931 31036 31039 31050 31070 31085 31129 31170 31359 31367 31461 31527 31546 31547 31571 31572 31615 31619 31671 31697 31732 31776 31806 31878 31896 31911 31922 31942 32037 32102 32105 32197 32249 32265 32283 32341 32354 32399 32400 32427 32464 32543 32567 32583 32607 32639 32656 32657 32666 32757 32759 32760 32809 32818 32826 32843 32875 32955 32975 33007 33126 33195 33218 33271 33272
kids 30536 30658 30856 31096 31299 31315 31518 31640 32230 32290 32460 32514 32553 32615 32708 32837 32855 32915 33059 33228
kind 30541 30620 30716 30722 30726 30737 30743 30851 30857 30891 31015 31035 31036 31050 31084 31273 31319 31384 31461 31546 31572 31604 31685 31697 31785 31821 31896 31920 31935 31963 32044 32134 32150 32284 32341 32400 32533 32538 32585 32590 32607 32639 32656 32666 32685 32760 32781 32808 32875 32915 33007 33083 33120 33195 33218 33248 33271 33272 33276
kay 30549 30572 30574 30597 30646 30653 30657 30658 30659 30661 30687 30699 30703 30717 30727 30739 30761 30819 30821 30826 30834 30844 30851 30854 30857 30858 30875 30896 30908 30988 30996 31015 31035 31047 31050 31059 31066 31089 31104 31105 31117 31118 31124 31170 31174 31246 31254 31260 31268 31273 31295 31303 31336 31366 31406 31413 31447 31459 31478 31519 31538 31544 31565 31586 31634 31648 31671 31695 31725 31728 31751 31753 31788 31804 31806 31862 31884 31889 31896 31902 31922 31942 31955 31962 32014 32017 32044 32049 32051 32102 32134 32135 32141 32144 32230 32245 32251 32257 32272 32277 32283 32297 32299 32301 32310 32315 32358 32419 32427 32445 32460 32464 32494 32500 32501 32531 32550 32554 32599 32629 32631 32634 32650 32655 32664 32666 32685 32701 32716 32729 32744 32781 32826 32853 32856 32915 32934 32970 32971 33003 33010 33029 33059 33087 33120 33157 33167 33176 33207 33212 33230 33241 33252 33278
know 30553 30610 30659 30668 30699 30713 30716 30722 30726 30727 30737 30743 30777 30824 30851 30857 30858 30864 30870 30878 30891 31018 31035 31036 31047 31050 31059 31066 31104 31119 31129 31143 31152 31159 31170 31172 31180 31183 31243 31246 31250 31260 31291 31292 31299 31314 31367 31380 31384 31461 31478 31527 31544 31546 31547 31550 31572 31579 31619 31671 31685 31691 31694 31697 31776 31804 31806 31890 31893 31897 31920 31922 31937 31942 31949 31956 32026 32044 32093 32105 32134 32135 32164 32170 32202 32249 32251 32265 32284 32341 32399 32400 32427 32493 32507 32538 32543 32607 32625 32630 32639 32656 32657 32666 32744 32759 32760 32803 32808 32809 32875 32925 32935 32955 32970 32975 32988 32989 33007 33043 33083 33114 33126 33141 33152 33176 33195 33218 33223 33271 33272 33276
» 30572 30574 31059 31242 31288 31489 31630 31790 32545 32713 32757 32847 32953
keeping 30575 30659 30661 30714 30743 30931 31170 31276 31390 31461 31527 31793 31893 31935 31949 32251 32265 32341 32354 32607 32955 33007 33195 33272
kiran 30575
kutas 30585 31252 32435 32545
+1 30585 30655 30726 30877 30952 31265 31306 31812 32129 32341 32348 32435 32709 32760 32855 33091 33096 33240
kaitlyn 30588
{ 30590 30601 30602 30610 30640 30649 30655 30707 30713 30714 30722 30730 30737 30755 30762 30796 30829 30849 30852 30889 30920 30971 30980 31006 31007 31051 31102 31106 31123 31150 31189 31257 31265 31272 31317 31381 31402 31409 31459 31534 31615 31625 31654 31678 31700 31760 31783 31785 31797 31835 31877 31895 31916 31920 31923 31935 31964 31968 32030 32063 32070 32076 32089 32097 32110 32161 32202 32226 32248 32270 32320 32341 32364 32368 32390 32432 32439 32459 32509 32538 32543 32558 32621 32656 32686 32716 32733 32759 32760 32805 32918 33096 33109 33118 33141 33170 33188 33190 33211 33220 33240 33267 33269
kdtree 30602
kenji 30606 30657 31036 31546
kt 30606
keith 30606 30713 30716 30824 30996 31036 31100 31133 31546 31685 31694 31793 32493 33188
knows 30606 30713 30952 31159 31292 31360 31546 31821 32017 32378 32607 32842 33155 33195 33248 33272 33276
key 30609 30611 30620 30657 30659 30714 30716 30722 30727 30743 30811 30817 30870 30889 30931 30980 30984 31032 31035 31036 31045 31050 31170 31174 31230 31252 31276 31291 31299 31410 31461 31468 31474 31508 31527 31538 31546 31571 31598 31619 31766 31782 31821 31862 31890 31893 31916 31945 31949 32010 32038 32102 32129 32150 32179 32197 32202 32249 32251 32299 32319 32341 32348 32363 32543 32567 32585 32617 32640 32656 32666 32673 32752 32759 32809 32915 32955 33007 33008 33083 33130 33141 33162 33174 33195 33218 33271 33272
kernel 30610 30835 31024 31143 31219 31251 31317 31455 31534 32247 32458 33007 33195 33272
keypair 30610
khan 30614 32975 33007
khana 30614
kayla 30616 30669 30933 31512 32192 32357 32459 32495 32701 32716 32801 32975 33188
knowledge 30618 30620 30622 30659 30713 30725 30726 30727 30870 30876 30953 30962 30965 30983 31011 31015 31036 31061 31124 31159 31170 31183 31230 31291 31292 31299 31371 31380 31384 31393 31428 31474 31529 31535 31546 31571 31593 31709 31768 31776 31803 31862 31864 31893 31922 31949 31956 31962 31964 32017 32036 32129 32135 32151 32197 32200 32277 32284 32293 32315 32349 32356 32386 32506 32538 32583 32613 32630 32636 32662 32674 32735 32760 32775 32836 32856 32910 32915 32925 32955 32975 32988 33007 33059 33066 33114 33119 33152 33195 33271 33272
k 30620 30668 30713 30725 30809 30824 30829 30861 30933 30971 30980 30996 31025 31039 31150 31192 31251 31265 31272 31317 31366 31367 31409 31451 31510 31556 31683 31791 31885 32045 32063 32088 32089 32110 32177 32217 32310 32325 32341 32439 32506 32567 32585 32625 32630 32656 32672 32808 32835 32911 32918 32955 32989 33007 33009 33096 33102 33141 33174 33190 33195 33220 33240
kindly 30620 31695 33007
kit 30620 32134 32265 32809 33007
koller 30622 31393 31533 31733 32775 32783
kmeans 30638 31272
kmeans++ 30638
kmeanskmeans 30638
kurt 30646 30829 30914 32270 32277 33120
kashani 30646 30739 31538 32531 33010
kid 30648 30722 31487 31624 32249 33007
+30 30648
kindermann 30652 31531 32630 32955
klemz 30652
+up 30655
+right 30655
+eps 30655
+2 30655
keynote 30657 31035 31503 31538 31893 31949 32200
khaine 30657
kristen 30657 31677 32701 33087
khuong 30657
kenny 30657 31105 31671
khrihara 30657
korematsu 30657
khalil 30657
karam 30657
keyboard 30659 30743 30857 30984 31170 32150 32164 32265 32356 32400 32497 32607 33007 33141 33195
kinds 30659 30680 30726 30743 30824 30835 30851 31061 31170 31172 31319 31356 31384 31461 31527 31697 31785 31893 31920 31935 31949 32017 32026 32150 32249 32349 32354 32400 32538 32585 32607 32630 32656 32759 32760 32955 32970 33083 33141 33176 33218 33272 33276
knowing 30659 30713 30726 30892 31170 31751 31793 31893 31896 31949 32044 32134 32251 32400 32493 32607 32759 32760 32818 32915 33007 33195 33276
knew 30661 30722 30727 30819 31183 31299 31685 31956 32249 32744
kevin 30661 30681 30965 31011 31512 31538 31968 32016 32135 32192 32216 32305 32545 32955 33188 33288
klowden 30661
keywords 30668 30889 31036 31051 31455 31615 31717 31835 31895 31964 32176 32232 32235 32625 32760 33109
+infinity 30668 32989
kayaks 30671
katrinka 30673
karlkim 30681
kirk 30681 31409 32016 33007 33195
karsai 30681
koutsoukos 30681
kayle 30684 31402 32780
known 30696 30713 30716 30726 30737 30809 30824 30842 30859 30875 30906 30926 30983 31035 31036 31039 31043 31070 31132 31143 31152 31159 31230 31292 31318 31319 31371 31428 31451 31468 31529 31546 31579 31593 31695 31793 31803 31897 31956 32016 32170 32179 32183 32202 32207 32247 32249 32325 32341 32460 32472 32506 32607 32625 32630 32638 32655 32672 32674 32728 32759 32760 32808 32910 32911 32935 32955 32975 32989 33007 33009 33141 33162 33163 33174 33195 33218 33240
keys 30701 30714 30737 30743 30984 31045 31234 31461 31468 31547 31614 31807 31890 32497 32585 32672 33007 33083 33141 33218 33230 33272
knit 30713 33007
knitting 30713 33007
kentucky 30713
keeper 30713 31076 33007
kobolds 30713
kastanas 30713 32808
kripke 30713
kleene 30713
+n 30713
kramsay 30713
keenly 30713
+3^ 30713
+infty 30714
+length 30714
kern 30716 32369 32597 32764 33007
kaiser 30716 31123 32624 32915 33007
khare 30716 31785 32348 32400
knoxville 30716 30971
kuci 30722 32105
knobs 30722
kiss 30722 32548 33007
korea 30725 30817 31039 31535 31587 31608 31675 32167 32179 32207 32599 32630 32728 32750 32955
karlsruhe 30725 30812 32630 32955
kreveld 30725 30824 32567 32630 32955
kms 30726 30925
keeps 30726 31604 31778 31911 31935 31942 32251 32341 32607 32656 32759 32875 33218
kunstler 30730 30933 31381 31496 31654 32950 33203
kosches 30730 30914 31458
klanice 30730
klasnie 30730
kelsey 30735 30890 30971 30982 31075 31400 32192 32208 32317 32395 32551 32601 32701 32844
kargs 30737
kathryn 30739 31075 31123 32192 32701 33170
kate 30739 32701 33267
katherine 30739 30761 30829 30933 31047 31105 31478 31654 32192 32531 32545 32701
kobsa 30739 30807 31208 31295 31544 31953 32129 32277 32464 33066
keypress 30743
kidding 30743
kick 30744 31627 32096 33007 33010
kirschner 30753 31090
karolina 30753 30996 31007 31877 32270 32448 33170 33267
koerber 30753
kalman 30753 30755 30914 30920 30933 30960 30996 31076 31090 31123 31257 31383 31402 31409 31459 31512 31654 31699 31791 31801 31923 32175 32270 32392 32432 32526 32606 32780 32964 32965 33127 33188 33203 33267
kalusz 30753
konigsbuch 30753
knobloch 30753
klein 30755 30824 30829 31022 31076 31123 31299 31409 31428 31459 31654 31699 32175 32320 32531
korczyn 30755 30849 31123
korner 30755 31496
kops 30755 31076 31654 32175
koch 30755 30914
knobel 30755 31076 31896
kiln 30756 33007
kilns 30756
katie 30761 30846 31105 31260 31425 32094 32213 32277 32652 32701 32745 33205
khuu 30761 31105
+= 30762 30977 31150 31837 31920 32217 32760
+=config 30762
+=internal 30762
+=spaces 30762
kaufmann 30774 30829 31011 31123 31535 31587 32560 32630 32636 32687 32955 33119
kobourov 30774 31531 32179 32216 32477 32630 32728 32771 32955
korattikara 30782
kenichi 30782
kurihara 30782
kappen 30800
krakow+podgorze 30801
kleinwaks 30801
kazimierz 30801 30829 31123
kelen 30804 32219
k+1 30809 30824 32325 32630 32918 32955
kansas 30810 31876
kansas's 30810 31876
keynotes 30811 30876 30976 31291 32200
kumar 30817 31393 31671 31768 32200 32735
kapoor 30817
kepler 30824 30862 32129 32896 33272
kunkel 30824
ken 30824 31035 31694 31895 31922 32014 32227 32689 32955 33007
köln 30824
keane 30824
karl 30824 30829 30933 31075 31123 31409 32526
knots 30824 31694
köllner 30824
kabon 30824
kato 30824 32170
kobon 30824
kakeya 30824
kaleidoscope 30824 33007 33192
kaleidotile 30824
kali 30824 33007
kenyon 30824
kites 30824 31885 32223 32567 32955
kicking 30824 31254 31575
kubo 30824
kuperberg 30824 31119 31550 31694 32179 32477 32955
kai 30828 31283 31481 31857 31901 31983 32192 32277
kornfeld 30829 30996 31123 31785
kramer 30829 32151 33203
korth 30829
klasno 30829 30933 30996 31090 31123 31257 31383 31699 31877 32459 32950 33170
kovnow 30829
klempner 30829 33127
kiser 30829
kuku 30829
kaminsky 30829
katzinger 30829 31446
kremer 30829
kirschbaum 30829 31076 31269 31654
kloetzel 30829
kiefer 30829
krystyna 30829 32175 32606 33267
klara 30829 31813 31977 32175 32606 32719
krolewski 30829
krenzler 30829
krakowski 30829
kopecz 30829
katz 30829 30971 31075 31076 31402 31654 32526 32910
kopec 30829 33007
kowel 30829
kausthub 30834
krueger 30835
koren 30835
+10 30841 31664 33280
karpel 30849 31076 32780 33118
koral 30849 30996 31257 31409 32526
kurz 30849 31075 32325 32630 32955
kutscher 30849
kampa 30850 31134 32632 33145
karel 30850 31381 31793 32526
knowledgeable 30851 30857 32135 33007 33176
kleist 30854 32545 33059 33104
kaboom 30857
kim 30857 31189 31535 31636 31671 31694 32161 32205 32545 32590 32630 32701 32955
++ 30858 31150 31916 32760 33276
++i 30858 31150 31916 33141
klefstad 30858 30888 31535 32277 32501 33155
kalichman 30864
kindergarten 30864 32531 32553 32826 33007
kelly 30864 31123 32701
kibler 30870 31535 31725
kruskal 30870 32192
kmers 30870
kroll 30876 32200
kalikimaka 30883 31621
kalashnikov 30889 31035 31051 31615 31835 31964 33109
khramtcova 30897
keyword 30908 30939 31036 31050 31529 31578 31956 32070 32217 32439 32759 32760 32955 32962
kawabata 30908
kobanya 30914
korngold 30914 31123 31791 33170
kretzer 30914 32432 32950
krzeszowice 30914
keile 30914 30933 31402 31409 31813 32182 32320
kohane 30914 32390 33118
kolomyja 30914 31123 32175 32448 33188
kfar 30914 32910
kolbuszowa 30914 32606
kneller 30920
kempler 30920 31409 31535 33118
kronthal 30920
kazdan 30920
kessler 30920 30996 31104 33118
kotke 30920
kept 30931 31033 31047 31089 31132 32102 32223 32458 32583 33007 33195 33272
kunseler 30933
kaila 30933 31257 31923
kunsler 30933
kunzler 30933
kanaryenfogid 30933
kinstler 30933
kaplan 30933 32192 33118 33267
keydown 30938
keyup 30938
kiwi 30952 33007
kirsch 30960 31076 32950 33269
karol 30960 31007 31123 31877 32392 32526 32716 33118
krystynopol 30960
kurtzweil 30971
kurzweil 30971
korczyna 30971
kan 30971 33007
kirby 30971
kara 30971 32701
krosno 30971
koloczyce 30996
kacmierzow 30996
kalwaria 30996 31459
krumholz 30996 31654
kopald 30996
kapelauka 30996
kopel 30996 31076 31459 32175 32270 32320 32606
kronfeld 30996
kiya 30996
kroopkin 30996
kaufer 30996
koscielniki 30996
kariel 30996
kronengold 30996
klinger 30996
koscher 30996
kalwarya 30996 32390 33269
karloff 31000 31656 32337
kendel 31007 31381 31458 33269
korall 31007 32270
krongold 31007 31076 31654
komin 31007
kranz 31007
kalisz 31007
kehndel 31007 31381
kiwa 31007
kleinman 31007 31123 31458
kezmarok 31007
kuhn 31007 31090 33272
kruh 31007
krzanowski 31007
kreindel 31007 31076 31123 31801 32950 33188 33269
keepaway 31011 31061
+25 31013 33147
kelp 31017 32983 33007
korpasinska 31022
kaufler 31022 31076 32320
kalamazoo 31022
kauffman 31022
kerner 31022 31076
kristin 31035 32701
kyoko 31035
keyframe 31035
kallinikos 31035
kiyoshi 31035
kyle 31035 31176 31927 33007 33267
kautz 31035 32205
killed 31036 31431 31668 32910
karen 31036 31089 31546 31671 31877 32192 32390 32531 32545 32694 32701 32915 33010 33118
krauskopf 31036 31546
k2 31039 32911 32955
λ 31039 32630 32955
keyholders 31045
keepers 31061 33195
kniffin 31066
kopelik 31075 31076 32448
kraus 31075 31123 33267
karola 31075 31123 31402
kurf 31075
klappholtz 31075
klappholz 31075
katrina 31075 32701
korman 31075 32023 32392
kaufman 31075 31076 31593 31852 33267
kratinger 31075
kneeland 31075
karpl 31076
kedla 31076
kurtz 31076
kalmen 31076
kiwe 31076
kalmanowicz 31076
kendla 31076
keydla 31076
kasryel 31076
kela 31076
krawiec 31076
keyla 31076
kreutler 31076 31458 33188
kalmus 31076 32716 32780 33188
kodek 31076
kantor 31076 31512 31791 33269
kaleman 31076
kirszner 31076
kamsler 31076 31123 31257 31409
klager 31076
kiecyla 31076
kliperl 31076
krasniki 31076
kregeld 31076
kodka 31076
kendner 31076
kutmanowicz 31076
kusnierz 31076
krosa 31076
kohlhary 31076
krosnik 31076
kregels 31076
krengel 31076 31123
krosniki 31076
krasnik 31076 31402
krengels 31076
kosel 31076
koszes 31076 31409
krenta 31076
kolpak 31076 32192
kucharz 31076
kleinberg 31076 32175 32630 32955 32965 33170
koskos 31076
krendles 31076
kreyndla 31076
knobl 31076
kartz 31076
kaseli 31076
katzner 31076 31446 32192 32270
koskes 31076
koskowicz 31076
kobierzenska 31076
krasla 31076
koplowicz 31076
kaczmierz 31076
krendla 31076
kopla 31076
kresels 31076
kiela 31076
kicela 31076
kosmerowicz 31076
kaper 31076 31409
kruder 31076
kalmans 31076
ke 31089
kreis 31090
kukuridz 31090
kukuritz 31090
kobylan 31090
kloszozow 31090
kukurudz 31090
krusa 31090 31123 32390
kukurutz 31090
kielce 31090 31257 31496 33269
kleinblatt 31090 32270
korkes 31090
korwin 31090
kolo 31090 33118
kostitsyna 31092 31587 32064 32567 32955
kingston 31092 31587 32567 32955 33007
kris 31105 32701 33007
kimleng 31105
king 31115 31254 31456 31484 31538 32583 32685 33007 33010 33066 33087 33149
krakauer 31123 31654
ky 31123 33007 33272
kathleen 31123 32192 32701 33195
kupfer 31123
kohn 31123 31409 31877
kl 31123 31556
keh 31123
karmel 31123
krowodrza 31123
krzeczowa 31123
klahr 31123
kahn 31123 31409 32192 32526
kurator 31123
ktzeczow 31123
kacengold 31123
klagenfurt 31123
keller 31123 31428 31458 32175 32950
klacno 31123
kralovat 31123
koritschoner 31123
kalischer 31123
kurose 31133
++j 31150
++k 31150
ksbr 31152
kanczuga 31159 32284 32950
kang 31189
kao 31189 32325 32630 32955
kosonocky 31189
knebel 31189
knapp 31189 31458
kindlmann 31189
koushanfar 31189
kirovski 31189
kratsch 31194
+15 31195
kleifarvatn 31224
km 31230
konserwator 31230
kilinskiego 31230
kirkpatrick 31248 32955
kl2 31251
kl1 31251
kchi2 31251
khell 31251
kenrel 31251
krautler 31257
klotylda 31257
konstantin 31257
krusse 31257
kornblum 31257 31446 31654 32175 33118
kent 31257 31409
kestenberg 31269
knoblach 31269
kaliszer 31269
k=3 31272 33009
kindred 31273 33007
kindness 31273 31546 33007
krita 31273
konstanz 31281 31628 31817 32129 32630 32728 32955
krom 31288
kennedy 31288 32664 33272
kenya 31291 31962 32701
kin 31292 33007
kindled 31292
kobsa—whose 31295
+tzvi 31299
+ettel 31299
+krantcha 31299
+pesach 31299
+boy 31299
krantche 31299
kol 31299 32284
kalev 31300 31709 32145 33152
kask 31300 31533 31709 32145 33152
krichmar 31303
kiley 31304 32246 32553 32692
kernels 31317 31355 32277 32458 33152
+\infty 31317
kelvin 31318 32545
killer 31354 32160 32498 32795 33007 33164
kth 31367 31608 32325 32341 32955
kqjt65 31369
k987 31369
koln 31371
korerc 31380
kaindla 31381
kielanowice 31381
kathy 31381 32021 32701
karpf 31381
kloed 31383
kamalika 31393
keppler 31402 33170
krieger 31402 32175
kampler 31409
knopfler 31409
klipper 31409
kusolwong 31411 32069
kickoff 31413 33010
kambria 31413
kilometer 31419
kbs 31419
kasalin 31428
kahan 31428
kanfei 31428
kill 31431 31959 32503 33007
katzing 31446
kacner 31446
kleinhandler 31446
koszyce 31446 33170
konigel 31446 31458
kasner 31446
kissell 31447
kong 31455 31717 32179 32513 32545 32955
krampner 31458
kupferblum 31458
kistler 31458
karsh 31458
klar 31459
kielec 31459
kari 31461 32701
keldefra 31483
kruskal's 31484
+m 31494
kromolowa 31496
kral 31496
krol 31496 32175
koniecpol 31512
koosha 31517
konkoor 31529
+~ 31530
kilometers 31530
kdd 31535 32735
keogh 31535
kyoto 31535 32630 32955 33066
koji 31535
khoo 31535
keravnou 31535
kluwer 31535 33066
kearns 31535
kodratoff 31535
keystone 31535 33007
kicked 31538
kurbis 31545
keepalive 31546
kagurazaka 31549 32739
+3 31556
kk 31556
kite 31559 32223 32266 32955 33007
+inf 31562
klajman 31564
kityaev 31572
kilograms 31579
kuo 31587 31885 32477 32694 32955
+0200 31593 32284
koppel 31593
kesiva 31593
kreizwirth 31593
knoxes 31595
krishnamachari 31608
kia 31608
kshemkalyanit 31636
koh 31636
kubiatowicz 31636
knoblock 31636
kaashoek 31636
kommareddy 31636
krivulev 31636
kistenbaum 31654
kolonia 31654
kamila 31654
kenner 31654
klugman 31654
kinigreihous 31654
krikorian 31671
kaiyi 31671
khanwalkar 31671
keryx 31691
knot 31694 33007
kellner 31694
knotplot 31694
knotwork 31694 33007
knotted 31694 33007
krynice 31699
kuehnreich 31699
krzeslowice 31699
kkask 31709 32145 33152
kiblerprofessor 31725
knobby 31734 33007
kappa 31768
kinematic 31785 32205 33007
kornhaus 31791
kapholz 31791
keret 31791
kolaczyce 31791
kolatacz 31791
knight 31793 33007
kochane 31801
kat 31862 32035 32853 33007
kicks 31872 31955 32017 32358 32487 33124
kamilla 31877
kropf 31877
kagan 31877
karaj 31882
+++++++++++++++++++++++++++++++++++++++++++++ 31895
kbt 31895
kludgeins 31895
kowalik 31896
khonsari 31911
knife 31911 33007
kamm 31916
kopita 31956
kastellet 31982
kittens 31987 32960
kshitij 32064 32955 33104
ku 32064 32696 32719 32955
karger 32133
kelley 32151 32701
kruchten 32151
knopf 32151 33267
koala 32151 33007
kingsfield 32164
keating 32164
kingfield 32164
koichi 32170
knotology 32170
kokichi 32170
komei 32170
kratzer 32175 32950
kornreich 32175
krohn 32175
klobuck 32175
kron 32175
kotowa 32175
kunreich 32175
kreisler 32175 33118
knottedness 32179 32955 33174
k=0 32179 32955
kristie 32182 32701
kilda 32182 32448
kohan 32182
kanter 32182 32192
kore 32187
knoll 32190
kates 32192
kisco 32192
katharine 32192 32701
kerry 32192 32701 32780 33043
kuttal 32200
khara 32200
kuriakose 32200
kass 32200
kaulgud 32200
kuhrmann 32200
kazian 32205
kidwell 32205
kivinen 32205
k3 32207 32630 32955
k4 32207 32630 32955
kx 32207 32630 32955
任杰 32247
kg 32251
kinetic 32251 32630 32955 33007
kylie 32277 33007
klefstadt 32277
kaplinski 32284
kiosk 32301 33007
kitchen 32313 33007 33230
knuth 32314 32918 32977 32989
kalpakkam 32318
kolberg 32320
kosters 32348 33037
+0100 32354
kotton 32390
krossa 32390
kruse 32390
kreszow 32426
k1 32439
klepner 32448
kissing 32477 32955 33007
klefstadassociate 32501
k^2 32506
+goal 32510
+code 32510
+macro 32510
+name 32510
+switch 32510
+leash 32510
+speclist 32510
kanner 32526 32910
karltje 32526
kidscreen 32531
khemka 32538
kathie 32545 32701
kimberly 32545 32701 32955
knieya 32545
karin 32545 32701
kiesler 32545 32818 33269
klashner 32545
kliszewski 32545
knecht 32545
kosaraju 32567 32955
klener 32587
kressel 32606
kanousis 32606
kshanov 32606
krosna 32606
krashtzienko 32606
kriss 32606
kolomya 32606
knapsack 32621 33007
klavžar 32630 32955
kernelization 32630 32955
korkmaz 32630 32955
kawarabayashi 32630 32771 32911 32955
kimball 32636 33119
kung 32664
kungj 32664
kay• 32666
kushagra 32680
korb 32687
kaur 32694
kafka 32694
kotti 32694
kristina 32701
kristi 32701
kristine 32701
kristy 32701
kelli 32701
karla 32701
krista 32701
kendra 32701
krystal 32701
kellie 32701
kerri 32701
kimberley 32701
keisha 32701
keri 32701
kirsten 32701 32780
karina 32701
katy 32701
kathrine 32701
kaye 32701
kasey 32701
katelyn 32701
karyn 32701 33118
katina 32701
katheryn 32701
kaitlin 32701
kitty 32701 33007
kleinwachs 32707
kumel 32707
+label 32759
+source+ 32759
+7 32760
++x 32760
+d 32760
++a 32760
++b 32760
knauer 32771 32955
kanengisser 32780
kawiec 32786
ketach 32786
+y 32808
keränen 32827
knowles 32827
kaler 32842
+p 32883
krush 32894
královský 32905
kula 32910
keva 32910
koschitzki 32910
katowice 32910 32965
kyra 32915
korn 32950
kezmark 32950
kathrin 32955
klavzar 32955
kira 32955
kset 32955
kbest 32955
kawabe 32955
kmst 32955
kgon 32955
kpath 32955
kings 32955
kdd08 32955
kirszen 32964
klawarya 32965
karan 32975
kramakr1 32975
kuan 32975
kea 33007
kraal 33007
knab 33007
knack 33007
knacky 33007
knag 33007
krait 33007
kraken 33007
khaki 33007
khalsa 33007
kaama 33007
kiang 33007
krang 33007
kyang 33007
kyanol 33007
krantz 33007
knap 33007
knappy 33007
knar 33007
ksar 33007
knarl 33007
knarle 33007
kearn 33007
kvass 33007
knave 33007
knaw 33007
knawel 33007
klaxon 33007
keb 33007
kob 33007
kibble 33007
kibe 33007
kiblah 33007
kabob 33007
kobold 33007
kibosh 33007
kiby 33007
kechel 33007
kichel 33007
keck 33007
keckle 33007
kecksy 33007
kecky 33007
ked 33007
kyd 33007
kodak 33007
kiddle 33007
kiddy 33007
kedge 33007
kedger 33007
kadi 33007
kidnap 33007
kidney 33007
kudos 33007
kie 33007
kye 33007
knead 33007
keech 33007
knee 33007
kneed 33007
kneel 33007
kief 33007
kreil 33007
keek 33007
keel 33007
koel 33007
keeled 33007
keeler 33007
knell 33007
keels 33007
keen 33007
kreng 33007
klepht 33007
kier 33007
keerie 33007
keeve 33007
kef 33007
koff 33007
kufic 33007
kafila 33007
kaftan 33007
keg 33007
kagu 33007
kahau 33007
kehaya 33007
kohl 33007
klick 33007
kail 33007
kaiman 33007
klino 33007
keir 33007
knitch 33007
knive 33007
kaka 33007
kukang 33007
kakapo 33007
kike 33007
kyke 33007
kokoon 33007
kukri 33007
kalan 33007
kulan 33007
keld 33007
kale 33007
kele 33007
kalend 33007
kylin 33007
kylix 33007
kell 33007
killas 33007
killow 33007
kalmia 33007
kyloe 33007
keloid 33007
kalon 33007
kalpa 33007
kelpie 33007
kelson 33007
kelt 33007
kilt 33007
kilted 33007
kelter 33007
kilter 33007
keltic 33007
kultur 33007
kam 33007
kama 33007
kamala 33007
kemb 33007
kimbo 33007
kame 33007
kami 33007
kumis 33007
kummel 33007
kimnel 33007
kymnel 33007
kimono 33007
kemp 33007
kemple 33007
kempt 33007
kymric 33007
kon 33007
kanaka 33007
kincob 33007
kand 33007
kendal 33007
kindle 33007
kine 33007
kinema 33007
kingly 33007
kinic 33007
kink 33007
kinkle 33007
kunkur 33007
kinky 33007
kennel 33007
keno 33007
kino 33007
kinone 33007
kanoon 33007
kant 33007
kentle 33007
kantry 33007
knob 33007
knock 33007
koodoo 33007
khoja 33007
koolah 33007
kaolin 33007
krone 33007
kroo 33007
kloof 33007
knosp 33007
knotty 33007
knout 33007
kip 33007
kipe 33007
kuphar 33007
kepi 33007
kopje 33007
kapok 33007
kapp 33007
kipper 33007
koran 33007
kerb 33007
kerch 33007
kerf 33007
kurgan 33007
kyrie 33007
kerite 33007
kerl 33007
karma 33007
kermes 33007
kermis 33007
karn 33007
kirn 33007
karoo 33007
kaross 33007
karri 33007
kerrie 33007
kers 33007
kersey 33007
kartel 33007
kirtle 33007
karval 33007
kerve 33007
kesar 33007
kaser 33007
kish 33007
kosher 33007
kuskus 33007
keslep 33007
kismet 33007
kesse 33007
kisser 33007
kist 33007
ket 33007
kotal 33007
ketch 33007
kutch 33007
kyte 33007
kith 33007
kithe 33007
kythe 33007
ketine 33007
kitish 33007
ketone 33007
kotow 33007
kuttar 33007
kitten 33007
kettle 33007
kittle 33007
kotwal 33007
knub 33007
khud 33007
knuffe 33007
koulan 33007
keuper 33007
knur 33007
kauri 33007
knurl 33007
knurry 33007
kousso 33007
knut 33007
kava 33007
kavass 33007
kevel 33007
kever 33007
kiver 33007
kaw 33007
kex 33007
keyage 33007
kayak 33007
kayan 33007
keyed 33007
kayles 33007
kazi 33007
kyabuka 33007
khalifa 33007
kabbala 33007
kibitka 33007
keitloa 33007
knightage 33007
krishnaism 33007
kittiwake 33007
kaimakam 33007
kilogramme 33007
kilogrammetre 33007
kymograph 33007
killadar 33007
katastate 33007
kickshaw 33007
kohlrabi 33007
kleenebok 33007
kreatic 33007
keramic 33007
kritarchy 33007
kenspeck 33007
kenspeckle 33007
kilocycle 33007
kinetics 33007
knobbed 33007
knopped 33007
katydid 33007
kayward 33007
keratode 33007
kentledge 33007
kettledrum 33007
knabble 33007
khanate 33007
kyanite 33007
kyanize 33007
knapple 33007
khedive 33007
keelage 33007
kainite 33007
kairine 33007
knittle 33007
kaleege 33007
killdee 33007
killese 33007
knobble 33007
kapelle 33007
kippage 33007
karaite 33007
knuckle 33007
keyhole 33007
knapweed 33007
knopweed 33007
knotweed 33007
knuckled 33007
kedgeree 33007
kerchief 33007
keffiyeh 33007
kampseen 33007
kistvaen 33007
kreutzer 33007
knitster 33007
knobbler 33007
kidling 33007
keeling 33007
killing 33007
kilting 33007
kenning 33007
kitling 33007
kintlage 33007
kieselguhr 33007
kinology 33007
knavish 33007
kaddish 33007
kajawah 33007
kentish 33007
kernish 33007
khutbah 33007
karmathian 33007
knaveship 33007
knighthood 33007
kinglihood 33007
kamichi 33007
krameria 33007
knobstick 33007
keratoid 33007
kimmeridge 33007
kephalin 33007
keelivine 33007
kinnikinic 33007
kingship 33007
killifish 33007
knebelite 33007
kieserite 33007
kermesite 33007
kshatriya 33007
kebbuck 33007
kedlock 33007
killick 33007
killock 33007
keepsake 33007
kinglike 33007
kilderkin 33007
killickinnick 33007
kanchil 33007
karacul 33007
kursaal 33007
kestrel 33007
kitysol 33007
knowable 33007
kyrielle 33007
kernelled 33007
knightless 33007
kamptulicon 33007
knightlike 33007
katabolism 33007
kimberlite 33007
kinsfolk 33007
kakaralli 33007
knightly 33007
kindlily 33007
kernelly 33007
kingdom 33007 33272
khansamah 33007
kinswoman 33007
kleptomania 33007
kingdomed 33007
kerseymere 33007
kidderminster 33007
khamsin 33007
keelman 33007
keelson 33007
kremlin 33007
kemelin 33007
kinchin 33007
kinsman 33007
kantian 33007
karagan 33007
keratin 33007
krypton 33007
kerasine 33007
kerosene 33007
kitchener 33007
kenogenesis 33007
kindliness 33007
kingliness 33007
kerseynette 33007
kitchenette 33007
kindling 33007
kingling 33007
knocking 33007
kupfernickel 33007
karstenite 33007
kakemono 33007
kitchenry 33007
kusimanse 33007
kilkenny 33007
kakistocracy 33007
kinghood 33007
kyriologic 33007
kainozoic 33007
kittisol 33007
krocidolite 33007
kangaroo 33007
killcrop 33007
kaleidophone 33007
krummhorn 33007
kabassou 33007
kinkajou 33007
kinship 33007
ketchup 33007
kriegspiel 33007
knacker 33007
knapper 33007
knaster 33007
kiddier 33007
kneeler 33007
knicker 33007
knitter 33007
kindler 33007
knobber 33007
knocker 33007
kercher 33007
knickerbocker 33007
knipperdolling 33007
koftgari 33007
klipspringer 33007
knobkerrie 33007
knotberry 33007
knotwort 33007
knavess 33007
klipdas 33007
kenosis 33007
karatas 33007
kirmess 33007
koumiss 33007
keyless 33007
keratose 33007
knackish 33007
knappish 33007
kourbash 33007
kingfisher 33007
keepership 33007
katabasis 33007
kindless 33007
kingless 33007
knotless 33007
kinkhost 33007
kinglet 33007
kreosote 33007
konilite 33007
kerolite 33007
khidmutgar 33007
kinaesthesis 33007
katabothron 33007
katabatic 33007
kinematics 33007
keratitis 33007
kinematograph 33007
kilolitre 33007
kilometre 33007
kilowatt 33007
kinkcough 33007
keilhauite 33007
keelhaul 33007
kirschwasser 33007
kidneywort 33007
knavery 33007
klain 33008
krzysztof 33008
k=4 33009
kew 33010 33207
kostant 33043
kabisch 33066
karat 33066
kupper 33066
ki 33066
klischewski 33066
kammer 33066
kellogg 33066
kronodrza 33118
koenig 33118
kobylany 33118
kalfus 33118
krzeszowic 33118
khazam 33118
kinsler 33118
kenty 33118
kurganski 33118
kobilany 33118
krzysztoforzyce 33118
keren 33118
kosmyrzow 33118
karczag 33118
koprucka 33118
kuba 33118
kartus 33118
krakowska 33118
kelman 33118
kucharski 33118
katerson 33127
kcal 33136
kabc 33136
kaggle 33152
knn 33152
knutson 33157
kwon 33167
kreindla 33170
krasno 33188
kurzer 33188
knowled 33195
kritek 33195 33272
kutchins 33195
kavanagh 33195
khoshafian 33195
keynes 33195 33272
kummer 33203
kroscienko 33203
kw91 33240
keyser 33267
krevitt 33267
kornitzer 33269
kilobytes 33271
kb 33271
kulik 33272
kuutti 33272
kardex 33272
kegan 33272
kirjapaino 33272
knox 33283
