jennifer 33292 33386 33519 33735 33845 33899 33913 33982 34007 34107 34108 34145 34199 34290 34410 34586 34998 35091 35134 35199 35332 35362 35399 35757 35802 35840 35926
jobs 33295 33299 33322 33323 33324 33334 33351 33358 33386 33414 33431 33435 33446 33461 33469 33482 33486 33502 33523 33540 33559 33560 33567 33589 33593 33616 33666 33683 33727 33755 33758 33771 33775 33781 33812 33813 33835 33858 33888 33892 33897 33899 33913 33914 33924 33926 33930 33931 33967 33988 34033 34091 34120 34124 34145 34152 34158 34163 34180 34198 34202 34208 34225 34292 34298 34306 34346 34352 34360 34380 34395 34447 34455 34461 34470 34491 34504 34511 34518 34544 34587 34629 34680 34696 34725 34732 34735 34777 34779 34783 34799 34822 34909 34919 34933 34938 34960 34998 35038 35045 35056 35057 35070 35075 35126 35127 35152 35155 35174 35176 35177 35199 35215 35219 35224 35236 35263 35267 35292 35294 35317 35419 35431 35470 35514 35524 35543 35564 35577 35586 35591 35593 35613 35628 35629 35630 35639 35700 35713 35737 35739 35746 35781 35785 35787 35789 35855 35926 35927 35961 35980 35998 36002 36048
join 33295 33299 33899 34120 34282 34400 34444 34594 34622 34765 34800 34933 35164 35199 35228 35347 35430 35570 35707 35878 35921
june 33297 33300 33308 33316 33326 33327 33333 33342 33349 33355 33393 33397 33416 33417 33433 33438 33464 33473 33481 33482 33483 33497 33509 33510 33519 33523 33546 33552 33554 33559 33567 33571 33576 33577 33600 33610 33611 33612 33624 33650 33665 33696 33698 33704 33710 33719 33737 33739 33744 33766 33786 33794 33798 33807 33817 33829 33830 33835 33842 33844 33845 33850 33862 33866 33880 33882 33895 33898 33899 33913 33916 33919 33928 33936 33937 33969 34005 34033 34042 34055 34081 34091 34093 34112 34114 34122 34126 34134 34145 34155 34158 34159 34168 34173 34208 34217 34235 34247 34251 34258 34259 34268 34269 34282 34293 34318 34351 34361 34377 34399 34403 34413 34419 34428 34429 34438 34465 34468 34470 34494 34501 34537 34542 34549 34587 34602 34604 34612 34619 34634 34637 34694 34703 34706 34707 34713 34717 34734 34735 34737 34754 34758 34777 34790 34793 34798 34807 34826 34829 34837 34842 34885 34889 34896 34899 34909 34913 34917 34934 34942 34943 34950 34952 34956 34971 34978 34989 34993 34994 35003 35008 35026 35031 35036 35038 35040 35057 35065 35069 35070 35088 35097 35108 35109 35112 35118 35131 35137 35142 35172 35199 35201 35213 35240 35250 35269 35270 35279 35299 35339 35355 35362 35363 35369 35372 35388 35406 35408 35419 35429 35435 35449 35462 35477 35506 35545 35546 35579 35595 35598 35599 35615 35624 35628 35640 35646 35659 35671 35672 35684 35689 35700 35702 35719 35724 35732 35734 35748 35761 35770 35786 35787 35796 35798 35810 35826 35837 35848 35853 35865 35874 35882 35906 35908 35909 35917 35937 35940 35989 36000 36004 36027
justice 33299 34101 34873 35443 35564
zagoriška 33300 34235 35004 35270
joseph 33302 33364 33382 33494 33519 33580 33712 33845 33913 33987 34010 34024 34069 34211 34260 34265 34366 34453 34481 34559 34586 34807 34938 34998 35091 35127 35275 35336 35415 35426 35559 35675 35708 35717 35789 35828 35882 36024 36041
jájá 33302
john 33302 33331 33382 33404 33413 33439 33446 33487 33519 33552 33564 33585 33613 33680 33771 33801 33854 34010 34013 34014 34018 34024 34089 34194 34250 34252 34260 34352 34403 34412 34453 34586 34707 34758 34772 34851 34960 34971 34998 35000 35177 35324 35352 35497 35499 35627 35708 35713 35717 35746 35748 35946 35974 36008
jan 33302 33305 33325 33364 33382 33409 33421 33469 33519 33584 33585 33613 33629 33717 33728 33731 33796 33810 33845 33854 33889 33944 33987 34010 34013 34014 34024 34089 34140 34211 34265 34282 34299 34316 34366 34377 34453 34522 34581 34586 34658 34665 34758 34807 34809 34867 34973 35003 35009 35012 35063 35081 35091 35127 35160 35197 35204 35275 35324 35333 35343 35345 35415 35426 35525 35559 35569 35607 35627 35670 35675 35695 35705 35714 35717 35742 35771 35828 35859 35882 35901 35906 35944 35992 36024 36050 36056
jachym 33305 33889
* 33305 33312 33317 33325 33364 33366 33382 33421 33460 33477 33514 33519 33532 33552 33571 33578 33581 33585 33586 33613 33629 33651 33717 33724 33728 33732 33741 33745 33796 33810 33824 33845 33854 33865 33883 33889 33896 33924 33944 33987 34010 34013 34018 34024 34035 34039 34063 34089 34094 34124 34130 34140 34205 34257 34263 34265 34299 34308 34316 34319 34329 34366 34375 34377 34399 34412 34436 34444 34452 34453 34461 34477 34508 34511 34522 34524 34540 34580 34581 34586 34591 34611 34622 34638 34658 34665 34689 34701 34760 34781 34801 34802 34809 34822 34848 34867 34887 34960 34963 34973 35000 35003 35012 35037 35046 35063 35081 35083 35088 35091 35111 35130 35153 35160 35197 35204 35228 35268 35275 35287 35300 35302 35324 35333 35342 35343 35345 35349 35352 35362 35370 35415 35426 35430 35431 35451 35455 35471 35480 35525 35538 35559 35621 35637 35670 35675 35686 35691 35693 35695 35700 35714 35716 35717 35726 35740 35748 35757 35771 35821 35828 35829 35859 35872 35901 35944 35946 35990 35992 35998 36024 36056 36062
zelig 33305 33728 33845 34211 34316 34453 34595 34665 35063 35160 35197 35607 35882 35901
jozef 33305 33325 33382 33421 33629 33717 33728 33796 33810 33845 33889 33944 33987 34010 34024 34089 34140 34211 34265 34299 34366 34453 34522 34581 34595 34658 34665 34758 34867 34973 35003 35012 35063 35091 35160 35197 35204 35343 35415 35426 35559 35670 35675 35695 35714 35717 35771 35828 35859 35901 35944 35992 36024 36056
jankiel 33305 35063 35160
jerzy 33305 33325 33364 33564 35063 35714 35771 35828 35901 35944 36056
janina 33305 33325 33717 33810 34010 34140 34758 35771
zelazowska 33305
jun 33305 33325 33364 33382 33421 33571 33589 33629 33692 33717 33728 33775 33779 33782 33796 33810 33845 33889 33899 33944 33987 34010 34011 34024 34035 34089 34090 34140 34174 34230 34265 34299 34316 34366 34377 34383 34400 34453 34522 34581 34586 34658 34665 34671 34802 34849 34867 34973 35003 35012 35063 35091 35130 35150 35160 35197 35199 35204 35275 35333 35343 35345 35371 35415 35426 35525 35559 35675 35695 35714 35717 35771 35828 35859 35874 35882 35901 35940 35944 35992 36024 36056 36058
judes 33305 33944 34366 34453 35063 35415 35901
jul 33305 33325 33364 33382 33421 33519 33629 33717 33728 33796 33810 33845 33889 33944 33987 34010 34024 34089 34140 34265 34299 34316 34366 34453 34522 34581 34586 34658 34665 34809 34867 34973 35003 35012 35063 35091 35160 35197 35204 35275 35343 35345 35415 35426 35427 35446 35525 35559 35670 35675 35695 35714 35717 35771 35828 35859 35882 35901 35906 35944 35992 36024 36056
jakob 33305 33325 33364 33382 33421 33629 33717 33728 33796 33845 33889 33944 33987 34010 34024 34089 34140 34211 34265 34299 34316 34366 34453 34581 34586 34595 34658 34665 34867 34973 35003 35012 35063 35091 35160 35197 35204 35275 35343 35345 35415 35426 35525 35559 35675 35717 35771 35828 35859 35882 35901 35944 35992 36024 36056
jack 33307 33353 33386 33559 33796 34089 34400 34449 34453 34586 34716 34727 34798 34971 34973 34998 35027 35091 35187 35486 35553 35675 35715 35882 35895 36008 36043
jobarrival 33309
job 33309 33313 33410 33439 33502 33523 33585 33771 33813 33854 33926 33967 34013 34120 34158 34182 34306 34399 34444 34455 34480 34484 34510 34556 34622 34638 34784 34873 34919 34960 34978 34994 35045 35070 35081 35082 35083 35106 35127 35219 35232 35564 35621 35746 35767 35781 35819 35980
jobid 33309
july 33310 33313 33338 33345 33391 33396 33405 33430 33459 33469 33473 33501 33512 33519 33525 33530 33533 33591 33650 33666 33676 33681 33690 33701 33713 33753 33754 33764 33780 33801 33848 33897 33899 33909 33941 33968 33981 33995 34000 34034 34040 34055 34068 34073 34123 34165 34193 34195 34201 34219 34225 34226 34228 34232 34261 34282 34321 34328 34348 34362 34377 34381 34397 34398 34407 34415 34449 34460 34502 34513 34527 34539 34552 34555 34570 34571 34609 34634 34653 34695 34696 34752 34780 34807 34819 34820 34831 34864 34888 34927 34934 34962 34966 34971 34977 35018 35021 35070 35072 35080 35087 35104 35182 35199 35247 35248 35255 35278 35286 35306 35326 35353 35362 35366 35373 35388 35418 35438 35450 35473 35475 35485 35486 35526 35554 35557 35564 35572 35584 35590 35606 35610 35655 35680 35700 35712 35743 35744 35746 35748 35753 35760 35800 35818 35832 35860 35868 35876 35878 35882 35912 35920 35940 35964 36004 36008 36012 36022 36045 36050 36055 36060
just 33312 33313 33317 33323 33430 33431 33435 33439 33446 33469 33486 33493 33502 33532 33539 33559 33567 33585 33636 33667 33672 33680 33691 33732 33741 33771 33782 33785 33801 33813 33854 33865 33896 33913 33928 33944 34013 34035 34063 34069 34101 34110 34120 34133 34158 34180 34182 34194 34205 34232 34245 34256 34257 34259 34279 34298 34320 34329 34332 34333 34375 34377 34399 34402 34412 34424 34430 34444 34455 34480 34484 34505 34524 34525 34540 34547 34554 34579 34591 34608 34611 34626 34638 34671 34705 34707 34712 34738 34758 34765 34781 34800 34802 34806 34807 34809 34839 34873 34919 34960 34977 34983 35000 35008 35038 35045 35046 35070 35073 35081 35082 35130 35136 35150 35155 35169 35176 35177 35219 35228 35229 35246 35287 35292 35300 35349 35362 35427 35441 35444 35451 35538 35564 35607 35621 35639 35679 35681 35689 35737 35740 35748 35757 35789 35810 35819 35858 35878 35882 35884 35906 35918
james 33313 33382 33494 33519 33609 33667 33788 33820 33845 33899 33928 34024 34259 34265 34424 34453 34455 34779 34793 34934 34998 35069 35091 35126 35199 35408 35717 35789 35868 36011
joyce 33313 33364 33519 33667 34453 34973 35091
j 33313 33336 33359 33374 33382 33429 33458 33517 33519 33552 33615 33770 33781 33801 33845 34010 34055 34063 34082 34094 34153 34202 34205 34256 34257 34265 34412 34436 34453 34524 34586 34608 34634 34669 34680 34707 34748 34793 34801 34849 34862 34873 34940 35047 35083 35091 35126 35204 35287 35300 35443 35461 35492 35517 35604 35675 35677 35717 35748 35824 35926
january 33313 33366 33400 33409 33410 33446 33447 33449 33467 33468 33473 33552 33589 33726 33727 33731 33740 33741 33865 33899 33928 33973 34033 34063 34079 34091 34133 34167 34180 34208 34254 34259 34277 34332 34377 34405 34408 34459 34544 34606 34608 34611 34634 34656 34660 34703 34708 34751 34758 34807 34833 34872 34939 34966 35199 35246 35277 35295 35388 35405 35495 35497 35524 35539 35555 35563 35577 35591 35620 35632 35666 35748 35805 35819 35882 35890 35927 36004 36028 36031 36045 36050
jacobs 33313 33796 34265
journal 33313 33399 33409 33506 33519 33545 33650 33666 33700 33730 33758 33788 33835 33883 33899 33928 34003 34033 34055 34109 34282 34377 34400 34584 34608 34634 34707 34793 34848 34933 34934 35166 35199 35352 35380 35419 35452 35463 35479 35543 35700 35711 35746 35777 35789 35829 35874
josek 33318
jacob 33318 33382 33519 33570 33629 33845 33944 33987 34024 34069 34211 34265 34310 34409 34453 34481 34559 34586 34691 34798 34883 34973 34998 35012 35091 35275 35405 35426 35523 35559 35675 35771 35882
jonathan 33324 33409 33519 33521 33616 33913 34096 34198 34316 34455 34867 34935 34998 35155 35172 35222 35700 35746
janlaury 33325
jadwiga 33325 33717 34010 34316 34867 35714
judka 33325
jozefa 33325 34758 35675 35714
zygmunt 33325 33364 33382 33717 33810 34089 35003 35012 35091 35343 35675 35695 35771 35859 35901 36024
zygmund 33325 33889
julia 33325 33364 33519 33632 33717 33780 34024 34265 34316 34347 34355 34455 34586 34587 34664 34733 35275 35500 35724 35848 36008
zdzislaw 33325
jetzy 33325
jenny 33331 33888 34024 34371 34606 34971 35616
jo 33333 33364 33469 34042 34168 34198 34453 34829 35269
z 33336 33359 33374 33504 33652 34069 34082 34101 34131 34133 34279 34375 34399 34412 34450 34481 34484 34524 34533 34554 34582 34622 34626 34676 34760 34781 34801 35043 35046 35083 35228 35287 35451 35480 35488 35677 35748 35904
joshua 33350 33531 33655 33662 33670 33673 33729 33746 33773 33792 33878 33902 34015 34177 34336 34366 34455 34536 34595 34690 34702 34718 34807 34814 34912 34938 34941 34951 34998 34999 35098 35121 35126 35139 35178 35243 35344 35348 35432 35493 35548 35603 35605 35614 35690 35700 35701 35745 35771 35811 35891 35945 35976 36024 36040
joint 33351 33371 33666 34022 34101 34129 34282 34412 34793 34806 34864 34893 34921 35057 35106 35443 35479 35666 35700 35746 35769 35793 35835 35988
joked 33351
jim 33351 33381 33397 33404 33413 33519 33567 33782 33801 33899 33923 33959 34057 34259 34329 34587 34656 34671 34809 34897 34909 34934 34949 35000 35044 35081 35130 35152 35195 35199 35329 35424 35499 35538 35711 35748 35781 35946 36058
justin 33351 34832 34998 35003 35092 35700 35931
joining 33351 33502 33613 33758 34857 35070 35570 35746 35789
zhao 33351 33899 34400 34452 34455 34605 34998 35038 35070 35199 35874
zot 33351
julius 33353 33519 34265 34873 34998 35091 35426 35882
jumpback 33363
jane 33364 33460 33771 33845 34024 34257 34265 34316 34881 34998 35300 35748
jette 33364 35160
jean 33364 33519 33845 34010 34366 34730 35426
jay 33364 34282 34691 34960 35091
joanna 33364 34140 34366 34867
zator 33364 33944 33987 35063 35343
jamie 33364
josua 33364 33717 34316 35091 35675 36056
junger 33364 35675
zofia 33364 33717 33889 33944 34010 34140 34581 35012 35197 35343 35426 35525 35771 35882 35901
jerusalem 33364 33382 33519 33944 33987 34758 34807 35426 35828
josef 33364 33382 33629 33717 33944 33987 34010 34024 34089 34140 34316 34366 34453 34522 34595 34665 35003 35012 35091 35275 35333 35343 35426 35717 35771 35828 35882 35944
justyna 33364
jastrun 33364
jetta 33364 35675 35714 35771
jason 33366 33386 33683 33845 34661 34934 34998 35000 35069 35352 35403
zawodny 33366
ziang 33366
jayson 33367
javier 33373 34646 34676
joe 33381 33439 33460 33494 33519 33564 33788 33801 33845 34257 34287 34412 34647 34731 34897 34966 34971 35218 35300 35616 35675 35917 36008
judenstadt 33382 34211
zussel 33382 34024 34453
jochewed 33382
joseph+anna 33382
jessica 33382 33519 33788 33913 33987 34040 34316 34567 34933 34998 35324 35352 35456 35684 35700 35924
jaime 33382
jon 33386 34259 35679 35748
jeff 33391 33494 33806 34455 34544 35208 35499 35963 36008
joan 33396 34010 34265 34453 35064 35091 35542 36024
jedi 33398 35413 35756
java 33398 33400 33414 33439 33502 33581 33585 33617 33732 33745 33771 33854 33865 33883 34013 34110 34182 34257 34260 34402 34412 34436 34466 34484 34540 34554 34611 34622 34638 34689 34781 34784 34806 34835 34851 34914 35043 35123 35169 35208 35268 35292 35300 35305 35349 35351 35357 35413 35451 35499 35621 35626 35687 35689 35710 35716 35756 35819 35824 35869
japan 33399 33564 33650 33801 33845 33913 34772 34793 34966 35292 35683 35700 36050
jain 33409 33730 33899 34091 34909 34919 34933 34998 35075 35199 35700 35855
javid 33409
jacobson 33410 34412 34453 34806 35073 35204 35689 35819 35874
jensendcjensen 33413
judith 33413 33717 33796 33845 34211 34259 34265 34453 34522 34595 34934 35081 35091 35204 35559 35748
zero 33415 33486 33502 33506 33539 33552 33585 33608 33732 34092 34110 34172 34174 34257 34320 34323 34444 34514 34524 34525 34634 34707 34738 34755 34873 35043 35081 35228 35287 35300 35479 35529 35677 35740 35748 35821 35963 35996 36021 36027
joel 33421 33796 33845 33944 33987 34024 34211 34316 34453 34586 34658 35010 35012 35343 35345 35415
jacket 33426
j++ 33429
joy 33431 33899 35057 35127 35199 35675 35785
jeanelle 33431
junior 33435 33512 33519 33899 33981 34909 35070 35106 35199 35524 36050
zip 33439 33732 33771 34114 34484 34540 34781 35228 35689 35819 35824
justification 33439 33541 34724 35996
jeffrey 33446 33899 34024 34265 34453 34586 34934 34998 35003 35199 35700 35708
joined 33446 34120 34152 34259 34306 34400 34447 34938 34960 35045 35059 35081 35228 35285 35570 35711 35748
justifying 33446 35228 35329 35362
jokingly 33460
joke 33460 34444
jump 33469 33519 33585 34065 34270 34375 34556 34622 34809 35324 35352 35626 35927
jammalamadaka 33472 33663 33830 34714
jimmy 33472 34455 34998 35075
jewish 33473 33519 33986 34571 34758 34807 35405 35607 35882 36045
jasp 33482
jam 33482 33532 33899 33994 34938 35199 35524
jose 33486 33913 34400 34414 34629 34793 34832 34998 35267
zeroes 33493 33667 33865
judge 33494 33519 34807 35443 35906
jeanie 33494
juan 33495 33506 34004 34566 35942
jumping 33500 34259 34445 34992 35776
justified 33502 35451
jdk 33502
jre 33502 35689
jcss 33506
zoids 33508 33871 34997 35251 35400 35484
zealand 33519 33552 35470
j'lene 33519
jefiner7 33519
jerry 33519 33667 33676 35091
judy 33519 34329 34909 35000 35126 35700 35746 36008
johnson 33519 33586 33623 33845 33899 34022 34282 34566 34873 34998 35199 35419 35497 35652 35748 35990
zurich 33519 33928 34033
jehudah 33519
jackson 33519 35681 35882 36024
joann 33519
jägersmann 33519
journalist 33519 35714
zarie 33519
jovovich 33519
japanese 33519 33564 34707
jamesandlindaheckler 33519
juliaheckler 33519
jersey 33519 33845 33899 34024 34967 35199
zvi 33519 34595 35479 35906
zotlink 33523
jíří 33525
joret 33536 35641
jsac 33545 34634
zach 33546
zack 33551 33670 33729 33869 34602 35065 35091
joking 33559 34444
junkyard 33564 33680 33806 33927 34001 34087 34260 34533 35329 35592 35884 35996
jordan 33564 33813 33899 34087 34180 34566 34724 34807 34998 35091 35199 35329 35479 35592 35612 35700 35996
ziegler 33564 34214
zubek's 33564
zahran 33571
janeiro 33577 34086 35097
jeopardize 33585
jury 33585
jeopardy 33585 33854 34013
janken 33585
zipped 33585 33874 34554
judea 33585 33854 34648 35452
jones 33585 33771 33806 33854 33928 34013 34055 34705 34779 34793 34873 34938 35126 35127
jelles 33600 34468
jdavis 33609
jankok 33613
ziv 33616 33692 33779 33913 33988 34055 34090 34383 34455 35070 35126 35127 35371 35746
janice 33616 34453 34544 34933 35700 35708 35746
javadoc 33617 33732 33745 33883 34182 34689 35349 35716
juda 33629 33728 33796 33987 34024 34089 34140 34211 34265 34299 34586 34595 34867 34973 35063 35091 35333 35426 35525 35559 35675 35717 35771 35828 35901 35944 36056
jonasz 33629 33944 33987 34316 35091 35675
joanes 33629
jozua 33629 34089 34211 34265 34316 34453 34758 35091 35426
zlata 33629 34453 35063 35828
judessa 33629 34211 34453 34658 35670
joachim 33629 33944 34010 34024 34316 34581 34867 34873 34973 35003 35012 35197 35426 35505 35559 35717 35771 35828 35901 36056
jehan 33635
julian 33637 34734 34997 34998 35126 35275 35400 35484 35670 35771 35781
jian 33650
johnstone 33652
jrei 33667
jos 33680
jcleaver 33683
jabbarvand 33690 34864 34998
judgment 33692 34090 34383 34873
jena 33717
jakub 33717 33987 34758 35426
jocheskiel 33717
zakopane 33717 35714 35882
zenon 33717
jentel 33717 34010 34265 34366 35559 35675 35771
jekel 33717 35901
zyskind 33717
zhong 33724 33905 34801 35455 35541 35580 35707
judas 33728 33845 36004
zeroth 33741
zoo 33747 33838 34523 34926 34955 35238 35242 35475 36022
joins 33758 35746
jurisdiction 33766 34703 34807 35443 35620
jar 33771 35349
jars 33771
junjie 33775 34400 34998
zcomputer 33781 34202 34680 35926
jmutts 33788
journals 33788 33806 33928 34055 35268 35566 35700 35793 35977
josephson 33788
zzz 33791 35748
judel 33796 34010 34211 34316 34595 35426 35670
juno 33799
jacobsen 33801
jachet 33810 33944 34316 34586 34595 35091 35197 35426 35771 35901 36056
judyta 33810 35343
jet 33813 34433 35680
justifications 33817
jafarpour 33830 35059
jslein 33834
jaakko 33835
joel+mirli 33845
janowska 33845
jehiel 33845
zins 33845 34316
zinz 33845
zintz 33845
jennie 33845 34453
jeanette 33845 34453
jerome 33845 34260
jana 33845 34998 35704
josie 33845
jacqueline 33845 33888 33987 35091 35127 35564
zachary 33845 34010 34316 34586 34748 34971 35003 35127
jeremy 33845 33987 34316 35372
johanna 33845 35091 35717
janet 33845 34366 35467 35717
zhou 33846 34400 34998
zooms 33852
zap 33864 33971 34427 34644 34710 35890 35945 36033
zion 33871 33953 33987 35516 35704
johnny 33873 35748
judicial 33883 35443
zeisler 33889
zinner 33889
zmigrod 33889
jetty 33889 33944 34010 34522 35426 35675 35828 35859
zelda 33889 34265 34453 34586 35333 35882
joey 33892
jellies 33895
jelly 33895
jyothi 33899 33926 35199
zonta 33899 35199
jazette 33899 34998 35199
joyner 33899 35199
jilla 33899 35127 35199 35781
josh 33899 34934 35118 35127 35199 35524 35553
zheng 33899 34152 34282 34447 34605 34629 34857 34935 34998 35126 35199 35267 36008
jia 33905 34400 34998
jai 33913 34873
zivbase 33913 34455
jacky 33913
zahrae 33913
jorge 33913 34260 34432 34455 35646
jointly 33926 34101 35443 35479 35700 35918
judgments 33928 34793
zones 33928 34055 34175 35287
ji 33939 34998 35403 35786
jabloner 33944
jaroslaw 33944 34010 34089 34140 35063
jules 33944
joseph+eva 33944
zalman 33944 34453 34595 35882
zdunska 33944
joachym 33944 33987 34140 34366
zoladzi 33944
julianne 33944
jonas 33944 34024 34211 34299 34316 34522 34658 34867 34973 35204 35525
juggles 33953
jewishgen 33986
jews 33986 34194 34758 34807 35405 35882
zsido 33986
zboro 33986
zbehnov 33986
jucker 33987
zehnwirth 33987
jaworzno 33987 34586
jahanna 33987
zev 33987 34595 35882
zemach 33987
zollman 33987
zellman 33987
jehuda 33987 34453 36056
zlate 33987 35882
jeruchem 33987 34581 35828
zivassociate 33988
jungle 33992 34288 35283 35806
javaview 34001
jegou 34003
januray 34003 35666
zhang 34003 34178 34282 34455 34605 34634 34998 35874
josiek 34010
jakobi 34010
zwiet 34010
zucker 34010 34211 35063 35091 35426 36056
johan 34010 35771
zwierzyniec 34010 36056
josiah 34014 34815
johnathan 34014
zwilling 34024
jacques 34024
jenney 34024
joaquin 34024 34408 34823 35091 35212 35276 35513 35631 35890
julie 34024 34412 34587 35717
zygmowny 34024
zille 34024
joon 34055
jensen 34063 34068 34109 34259 34934 35070 35081 35127 35452 35458 35748
jit 34075 34687 35186 35658
zhu 34085 34120 34175 34998 35281
zanwel 34089 34211 34665 35012
janeta 34089
justifies 34090
jackie 34091
judges 34091 34544 35155 35443
jenusaitis 34091
j2=max 34094
j1=min 34094
j1 34094 34369
j2 34094
j1=supp 34094
j2=supp 34094
j+1 34094
jie 34096 34282 34998
junit 34110 34182 35689
jasper 34116
jaffe 34140 34998
ziemny 34140
zipper 34140
zaremba 34140
juliusz 34140 34366 34581 35091 35426 35714 35771
jungermann 34140
juncture 34145
zhuoqing 34146
janurary 34146
zvon 34153 35726 36011
jbig 34153 35726
jurafsky 34178
zhai 34178
zha 34178
zeros\n 34205
zoom 34205
zachariasz 34211 35091 35343
zandstein 34211
jenchem 34211
jankl 34211
zyssl 34211
johannes 34211
joles 34211
judengasse 34211
zlota 34211 35670
jozefawarszawska 34211
jasmin 34211
jankowski 34211
junk 34235 34781
zerubavel 34248
zutra 34248
j7 34256
j8 34256
jill 34257 34260 34316 35300
jpeg 34259 35626
jfc 34259
jmiller 34259
jradoff 34259
jenkins 34260
zucca 34260
zonohedra 34260
jovo 34260
jablan 34260
journey 34260 34455 34691 35176 35219 35405 35789
zerhusen 34260
zometool 34260
josephine 34265 34581 35091 35275 35695
jordana 34265
jocelyn 34265
zaun 34265 34453
juarez 34277
zippy 34278 35500
zhnag 34282
jdiq 34282
zhaoqi 34282
jcdl 34282
jochim 34299
jozef+sara 34299
joao 34304 35973
jarvis 34308
josuah 34316
jahr 34316
jessie 34316 34973
jacline 34316
zessi 34316
jarrett 34316 34453
jacqlyn 34316
z84 34320
zauscher 34366
jq 34369
jumpi 34375
january\or 34377
june\or 34377
july\or 34377
jss 34377
zo95 34383
zrk96 34383
zhiyun 34400
jabberingthreads 34402
jflap 34412
zelenski 34412
zima 34414
jagged 34418
zooks 34419
jargon 34424 35114
zentralblatt 34430
jpl 34433 35700
jarring 34444
jennai 34449
zarlin 34449
∪ 34450 35430
z2 34450
z3 34450
jude 34452
zeftia 34453
ziwia 34453
jenta 34453 35714 35771
zitver 34453
jentla 34453
jeri 34453
jannicelli 34453
zagorski 34453
zied 34453
jacoby 34455 35559
zimmer 34460
jeanne 34461 34511 34822 35998
janelle 34465 34637 35109
javascript 34470 35700 35769
jesse 34504 35613 36024
jozef+rifka 34522
j=1 34524
j=i+d 34524
jailhouse 34542
judging 34544 35560
zeta 34546 35329
zipping 34554
jorgensen 34566
jokes 34579 35215 35324 35352
janczalek 34581 35717
zysia 34581
jaques 34581
johana 34581
josefine 34581
jochan 34581
jachetta 34586 34665 34973 35012 35771
zagreb 34586
jaden 34586 35825
jodi 34587
justify 34591
jetti 34595
zeev 34595 35426
jechezkel 34595
jona 34595 35426
jokel 34595
zanvel 34595
jechiel 34595 35343 35901
jachett 34595
jerucham 34595
zissman 34595
zviya 34595
jenner 34595
jakel 34595
jerachmiel 34595
zilbiger 34595
zelsa 34595
jecheskel 34595
juttel 34595 34973
jchiel 34595
zaltzberg 34595
zedman 34595
zelinger 34595 34665
zeltner 34595
zeltzer 34595
zemmel 34595
zindels 34595
zinger 34595
ziskind 34595
jeruchim 34595
zussmann 34595
zerel 34595
zou 34605 34998
jflex 34622
jumps 34622 34809 34873 35083
jha 34634
zeitouni 34634
joys 34634
jp 34634
jannie 34634
zambonelli 34634
jisis 34634
jarecki 34634 35700 35739
joye 34634
zarki 34634 35700 35708
janson 34634
zatti 34634
jolas 34658 36024
joel+dobry 34658
zanden 34687
joal 34691
juice 34705 35017 35185
zw98 34707
jw+97 34707
judged 34707 35443
jarvenpaa 34707
jeong 34707
janz 34707
zelkowitz 34707
jits 34734
zydowskim 34758
zona 34758
ziec 34758
jebel 34758
jozek 34758
jesus 34758 36004
zydow 34758
judaica 34758
jotal25 34758
jonesassociate 34779
jajones 34779 35126
zips 34781
jamia 34793
zupan 34793
zebra 34796 35097
janty 34798
jew 34807
zlotys 34807
jakhimovich 34807
jekeles 34807
zolkiew 34807 35859
jonah 34807
jailed 34807
jail 34807 34873
jewry 34807 35405
jewelry 34807
zydzi 34807
jachimowicz 34807
jms 34812
jug 34832 35148
jingjing 34848
joske 34867
johann 34867
jenna 34867
joeeichberg 34867
juliet 34873 35057 35275 35559
zone 34873 35287 35748
jag 34904 35375
jeju 34908 36023
zhaoxia 34909 35627
johnbrock 34919 35177
zebras 34926
juston 34938
zijsweg 34956
zuid 34956
jobby 34960
jaist 34966
jachwet 34973 35771
jeffries 34973
jekisiel 34973
zadek 34973
zabawa 34973
jodowa 34973
zeros 34983 35342 35781
jiyoung 34998
zoi 34998
jiaren 34998
jingchen 34998
jing 34998 35874
junxian 34998
zhan 34998
junghoon 34998
ziyuan 34998
zhexuan 34998
jiarong 34998
zizhao 34998
jina 34998
jiawen 34998
zeyu 34998
jadhav 34998
jagannath 34998
jahangiri 34998
jakkamsetti 34998
jang 34998
jazayeri 34998
jhajj 34998
jiang 34998 35874
jiao 34998
jin 34998
jirigesi 34998
joshi 34998
zhixiu 34998
jyoti 34998
zhixiang 34998
jaylen 34998 35215
je 34998
jong 34998
junkyu 34998 35511
jiawei 34998
jiexun 34998
juerui 34998
zhenhan 34998
zichong 34998
zhanhang 34998
zipeng 34998
junze 34998
zhuang 34998
zixi 34998
junaid 34998
jabbar 34998
jiaming 34998
jingwen 34998
zahra 34998
jae 34998
jung 34998 35675
jihyun 34998 35786
zehua 34998
zhiying 34998
jimin 34998
zoe 34998 35264
jenifer 34998
judit 34998
javad 34998
jayeshbhai 34998
zhetai 34998
zhonghao 34998
jash 34998
zhaoyuan 34998
zhiyu 34998
janus 34998
ziwen 34998
zhe 34998
zhendong 34998
zhongwei 34998
zixu 34998
zuozhi 34998
zihua 34998
zhimin 34998
zuoxi 34998
jiaqi 34998
zian 34998
zhihao 34998
jiada 34998
zaber 34998
zaitsev 34998
zeng 34998
jitao 34998
zhenyu 34998
zhenyuan 34998
zhihong 34998
zhuoran 34998
zichun 34998
ziyang 34998
zhengli 34998 35038
zihan 34998
jiannan 34998
zhanyan 34998
zetao 34998
zlatkov 34998
zixiao 34998
zong 34998
zuhuruddin 34998
js 35000
zúñiga 35001
jozue 35003 35063 35771
jagowic 35003
jamaica 35003
jeffretfried 35003
jull 35012
javatm 35043
jaroslau 35063
zacharyasz 35063 35343
jarozolinski 35063
jente 35063
zareh 35063
jacklyn 35070
johndoe 35081
jzlzk 35083
zed 35083
jerk 35083
zotmyhealth 35088
jogging 35088
juel 35091
justina 35091
josephart 35091
josua+pesa 35091
judgement 35114 35228
jpd 35126
jfeldman 35126
joshug4 35126
jsolson 35126
zhengkai 35126
josep 35143
zelman 35160
jawogory 35160
zalel 35160
jaguar 35184 35375
zochlina 35204
jef 35218
z=x 35228
junkies 35236
jogathon 35264
jog 35264
journaling 35268
zerop 35287
zybook 35308
jodaiko 35321
zsarnow 35333
josias 35333
zacharias 35343
zarnowce 35343
zimerspitz 35343
zygfryd 35343
zalimer 35345
javac 35349
jarfile 35349
jarfname 35349
jaboutdialog 35351
jvisdialog 35351
judgements 35362
zhile 35403
jake 35403
jehoshua 35405
jozef+mary 35426
jakobowicz 35426
zusanna 35426
zlacia 35426
zimet 35426
jaslo 35426 35771
jakobowitz 35426
journalistic 35443
jsm2005 35479
z=c 35480
jumper 35499
jammers 35524
jeremiasz 35525
zisserman 35540
zeligman 35553
joseph+rose 35559
zeynwel 35559
jefferson 35564
zuckerberg 35564
zaks 35607 35882
jarwarsnia 35607 35882
jigsaw 35626
jed 35629
juniors 35639
jankel 35670
joffe 35675
jsd 35681
jaeger 35695
joost 35699
zen 35699
jayram 35700
janell 35700
joinvector 35707
jerichem 35717
jakob+hanny 35717
jokl 35717
jungbunzlau 35717
zzyzx 35748
jf 35757 35963
jodenstraat 35765
janskerk 35765
jachymowicz 35771
jochwet 35771
zuckor 35771
znojmo 35771
jams 35785
zena 35795 35879
julianna 35820
zgierz 35828
jute 35829
jozef+reyli 35859
zurawno 35859
jini 35868
jianying 35874
jianxin 35874
zali 35882
zelig4 35882
juditha 35882
zborov 35882
zev5 35882
zimmermann 35882
zevasser 35882
zalman6 35882
zichron 35882
zak 35882
zilina 35882
zeesel 35882
zelig5 35882
zissel 35882
jack7 35882
zgoda 35882
zeeshka 35882
zeeshka7 35882
zuse 35889
jpdc 35889
zivug 35906
jwongma 35926
jigsawjava 35938
jessa 35941
zoya 35941
jurkiewicz 35944
jonas+corka 35944
jurkowicz 35944
jorge+palo 35964
zinsler 35992 36024
zynsler 35992
judess 35992
jinfeng 36008
junfeng 36008
jrafferty 36011
zilles 36011
zlatte 36024
julka 36024
zuker 36024
jewels 36033
jgff 36045
zhengassociate 36048
zbaraz 36056
zwettel 36056
juliette 36056
ziring 36056
