hills 36063 36077 36078 36102 36198 36386 36396 36628 36654 36658 36753 36772 36797 36885 36946 37140 37244 37271 37274 37300 37369 37378 37461 37519 37553 37631 37839 37945 37954 37970 38048 38050 38228 38302 38323 38466 38488 38595 38626 38698 38707 38724 38792 38820
80mm 36063 36077 36080 36100 36123 36144 36158 36162 36184 36193 36198 36207 36300 36314 36327 36364 36366 36371 36375 36388 36396 36399 36406 36409 36445 36451 36476 36477 36486 36489 36498 36508 36516 36534 36559 36570 36584 36588 36602 36606 36612 36614 36673 36679 36684 36712 36834 36837 36864 36879 36882 36885 36893 36895 36919 36938 36942 36946 36976 36986 37004 37032 37048 37053 37056 37058 37062 37072 37080 37086 37090 37140 37151 37156 37167 37197 37240 37244 37291 37294 37300 37383 37387 37410 37411 37415 37441 37445 37446 37450 37463 37481 37494 37495 37510 37548 37553 37555 37560 37591 37654 37660 37666 37671 37696 37700 37718 37742 37745 37760 37770 37787 37808 37812 37817 37821 37840 37842 37847 37859 37874 37880 37889 37910 37944 37947 37958 37971 37975 37982 37987 38047 38048 38056 38081 38096 38100 38102 38118 38164 38181 38183 38192 38208 38211 38217 38223 38226 38230 38238 38239 38261 38315 38325 38331 38336 38379 38418 38420 38425 38431 38436 38446 38448 38529 38558 38565 38572 38579 38589 38599 38609 38611 38613 38624 38626 38640 38642 38650 38686 38690 38692 38731 38760 38792 38797 38826 38833
happen 36064 36343 36402 36412 36437 36458 36471 36474 36475 36522 36627 36719 36853 37016 37313 37368 37425 37520 37558 37581 37605 37623 37658 37688 37882 37959 37990 38084 38193 38288 38349 38419 38465 38539 38794
8 36064 36067 36073 36085 36090 36103 36117 36132 36134 36141 36147 36172 36186 36188 36189 36191 36207 36222 36232 36242 36259 36265 36273 36290 36297 36298 36299 36310 36322 36341 36342 36343 36344 36348 36357 36361 36373 36380 36392 36393 36403 36405 36412 36414 36420 36432 36437 36453 36458 36460 36468 36471 36474 36476 36479 36480 36481 36487 36496 36503 36505 36521 36539 36542 36548 36563 36567 36608 36611 36625 36627 36636 36652 36662 36666 36677 36708 36710 36715 36719 36723 36724 36734 36735 36739 36749 36773 36782 36783 36784 36790 36791 36831 36835 36847 36853 36876 36883 36894 36898 36900 36904 36905 36918 36925 36927 36945 36948 36992 37006 37024 37028 37036 37055 37061 37070 37075 37100 37103 37111 37112 37128 37133 37145 37164 37166 37188 37201 37207 37210 37213 37215 37217 37235 37241 37248 37249 37266 37278 37286 37311 37312 37323 37332 37349 37365 37368 37375 37385 37390 37399 37422 37433 37438 37449 37480 37516 37520 37523 37525 37529 37530 37535 37538 37539 37558 37576 37581 37584 37585 37588 37599 37600 37604 37619 37622 37624 37633 37648 37654 37656 37662 37686 37694 37707 37713 37721 37726 37733 37741 37749 37756 37761 37762 37789 37791 37800 37802 37806 37815 37819 37832 37860 37861 37862 37863 37866 37876 37882 37894 37903 37907 37913 37922 37926 37939 37941 37943 37948 37953 37955 37966 37976 37996 38005 38023 38032 38034 38055 38057 38069 38078 38085 38093 38095 38107 38110 38111 38131 38132 38137 38139 38150 38172 38178 38184 38221 38224 38233 38243 38266 38274 38276 38280 38289 38290 38292 38306 38311 38312 38321 38334 38350 38360 38372 38398 38404 38405 38410 38417 38419 38452 38455 38476 38483 38487 38488 38492 38499 38505 38527 38533 38539 38545 38548 38554 38561 38583 38603 38616 38620 38624 38628 38630 38638 38652 38653 38656 38662 38670 38671 38688 38691 38696 38714 38715 38732 38746 38750 38753 38767 38796 38806 38810 38817 38820 38821
x=0 36067 36222 36239 36472 36715 36817 36900 37656 37772
x=4 36067 36222 36239 36715 37656
x=3 36067 36222 36239 36715 37656 37855
x=5 36067 36222 36239 36617 36715 37656
x=6 36067 36222 36715 37656
x=2 36067 36222 36239 36715 37656 37705
x=1 36067 36222 36239 36472 36715 37656
x=7 36067 36222 36715 37656
hirschberg 36068 36103 36141 36186 36189 36257 36259 36273 36297 36299 36322 36357 36403 36468 36480 36505 36539 36548 36575 36608 36724 36749 36773 36791 36801 36811 36813 36831 36898 36909 36929 36992 37100 37185 37188 37241 37278 37299 37332 37349 37399 37470 37516 37539 37588 37600 37662 37707 37741 37819 37862 37866 37876 37895 37920 37941 37943 37955 38005 38023 38052 38057 38085 38093 38110 38137 38184 38233 38289 38314 38398 38404 38417 38452 38483 38488 38493 38612 38620 38670 38714 38732 38820
have 36068 36089 36092 36103 36106 36107 36112 36122 36125 36130 36134 36141 36143 36159 36168 36176 36182 36186 36188 36189 36191 36211 36217 36223 36227 36229 36231 36232 36241 36245 36251 36259 36268 36273 36289 36290 36297 36299 36302 36309 36310 36315 36322 36336 36338 36343 36348 36351 36357 36380 36385 36390 36402 36403 36412 36415 36424 36430 36437 36458 36460 36467 36468 36471 36474 36475 36480 36481 36487 36503 36505 36519 36522 36527 36539 36545 36548 36550 36566 36567 36571 36601 36605 36608 36617 36621 36625 36627 36636 36641 36645 36672 36677 36703 36719 36724 36730 36732 36739 36743 36747 36749 36758 36773 36783 36790 36791 36793 36794 36801 36802 36807 36809 36811 36822 36825 36831 36847 36862 36873 36874 36877 36880 36883 36884 36890 36891 36894 36897 36898 36905 36906 36909 36916 36917 36921 36923 36925 36926 36927 36931 36945 36948 36950 36954 36963 36965 36987 36989 36992 36994 37002 37013 37016 37019 37024 37026 37039 37041 37047 37061 37067 37087 37100 37111 37116 37120 37133 37134 37142 37154 37159 37160 37165 37183 37188 37201 37210 37213 37219 37222 37229 37233 37235 37236 37238 37239 37241 37248 37260 37265 37278 37286 37305 37308 37313 37320 37325 37327 37332 37333 37349 37356 37357 37365 37368 37373 37380 37384 37393 37399 37403 37412 37413 37422 37431 37433 37458 37468 37469 37470 37471 37476 37497 37498 37503 37511 37516 37520 37521 37525 37526 37538 37539 37543 37549 37556 37558 37563 37565 37574 37581 37587 37588 37592 37600 37601 37605 37608 37619 37623 37629 37635 37637 37644 37658 37662 37669 37683 37684 37688 37695 37698 37705 37707 37709 37712 37721 37722 37723 37726 37729 37735 37737 37741 37744 37750 37758 37762 37784 37789 37800 37813 37819 37820 37832 37850 37862 37863 37864 37866 37876 37877 37882 37884 37886 37894 37907 37913 37920 37922 37926 37939 37941 37943 37948 37950 37953 37955 37959 37961 37974 37976 37990 37991 38005 38022 38023 38032 38041 38052 38055 38057 38059 38060 38078 38080 38084 38085 38090 38093 38110 38111 38114 38136 38137 38139 38143 38153 38159 38160 38178 38184 38193 38213 38233 38240 38241 38250 38263 38268 38274 38278 38280 38281 38282 38286 38287 38288 38289 38295 38304 38306 38312 38313 38314 38334 38349 38350 38354 38359 38360 38375 38376 38377 38398 38404 38410 38413 38417 38419 38441 38452 38457 38465 38472 38483 38488 38490 38495 38498 38507 38531 38533 38535 38539 38546 38550 38551 38564 38578 38583 38603 38612 38615 38619 38620 38621 38631 38633 38635 38652 38660 38663 38665 38670 38683 38701 38714 38718 38732 38735 38737 38739 38746 38756 38763 38767 38769 38770 38771 38780 38783 38794 38808 38812 38817 38820 38824 38825
hoc 36068 36242 36739 36945 37953 38488 38758
here 36068 36070 36087 36129 36143 36152 36176 36188 36210 36223 36241 36251 36272 36289 36295 36309 36310 36336 36342 36348 36372 36380 36385 36390 36393 36415 36424 36460 36471 36506 36521 36566 36578 36594 36617 36621 36627 36645 36657 36672 36708 36719 36730 36739 36755 36783 36802 36809 36818 36822 36833 36842 36847 36862 36877 36883 36890 36894 36905 36906 36913 36927 36937 36945 36950 36954 36959 36989 37007 37012 37016 37018 37019 37039 37054 37065 37068 37087 37111 37133 37139 37154 37160 37165 37169 37174 37183 37189 37213 37222 37233 37235 37238 37248 37253 37260 37279 37286 37325 37329 37352 37360 37368 37380 37384 37425 37428 37455 37462 37477 37493 37497 37524 37526 37538 37541 37543 37544 37592 37601 37605 37609 37623 37637 37658 37667 37684 37688 37705 37723 37744 37750 37789 37813 37824 37832 37849 37864 37877 37882 37894 37907 37926 37928 37939 37948 37953 37974 37978 37990 38041 38069 38078 38084 38090 38135 38136 38143 38160 38193 38213 38241 38268 38274 38278 38284 38286 38288 38296 38304 38306 38312 38317 38334 38348 38349 38350 38351 38410 38413 38419 38433 38441 38456 38465 38472 38490 38507 38533 38535 38546 38553 38564 38577 38583 38633 38644 38680 38754 38756 38763 38766 38771 38783 38796 38808 38817
how 36068 36070 36079 36098 36106 36112 36117 36122 36134 36143 36152 36176 36183 36188 36191 36200 36211 36213 36217 36223 36227 36231 36232 36235 36240 36241 36251 36268 36271 36276 36279 36289 36290 36295 36303 36309 36310 36316 36320 36326 36336 36338 36343 36348 36350 36351 36380 36381 36390 36402 36412 36415 36421 36424 36430 36437 36455 36458 36460 36467 36471 36473 36474 36475 36481 36487 36494 36495 36497 36517 36519 36522 36527 36529 36545 36550 36566 36605 36617 36621 36623 36626 36627 36637 36674 36677 36708 36719 36730 36731 36732 36739 36743 36757 36758 36760 36768 36771 36783 36790 36793 36794 36802 36808 36809 36813 36847 36848 36862 36873 36874 36880 36883 36884 36890 36891 36894 36902 36905 36906 36916 36923 36926 36927 36931 36937 36943 36945 36965 36987 36988 36989 36993 37005 37016 37023 37026 37039 37041 37047 37061 37065 37069 37087 37099 37111 37116 37118 37133 37134 37142 37154 37159 37160 37161 37165 37169 37182 37183 37199 37210 37213 37222 37233 37239 37243 37248 37265 37269 37284 37292 37313 37320 37325 37327 37333 37352 37356 37357 37360 37368 37380 37386 37393 37395 37399 37421 37422 37428 37431 37433 37435 37439 37447 37457 37464 37468 37469 37471 37476 37477 37486 37497 37501 37503 37505 37520 37521 37525 37538 37543 37558 37564 37565 37566 37579 37581 37582 37596 37605 37619 37623 37627 37629 37644 37658 37659 37669 37683 37684 37688 37698 37705 37715 37717 37723 37735 37736 37737 37744 37750 37758 37762 37781 37784 37789 37791 37796 37800 37801 37805 37813 37818 37832 37846 37852 37864 37877 37882 37886 37888 37894 37907 37921 37922 37924 37926 37929 37948 37959 37961 37969 37974 37976 37990 37992 38005 38022 38039 38069 38074 38080 38084 38090 38114 38125 38139 38143 38159 38160 38176 38178 38193 38213 38241 38253 38264 38268 38271 38278 38284 38286 38287 38288 38306 38312 38334 38349 38351 38354 38359 38360 38365 38376 38377 38396 38410 38413 38419 38429 38437 38441 38456 38457 38462 38465 38476 38488 38490 38498 38511 38522 38530 38533 38535 38539 38541 38546 38556 38564 38570 38583 38618 38619 38631 38635 38651 38652 38660 38673 38709 38711 38718 38735 38737 38755 38756 38763 38767 38769 38770 38771 38780 38783 38788 38794 38800 38803 38808 38824
honolulu 36069 36494 36735 37139 37635 37834 38005 38480 38488
holiday 36069 36117 36337 36341 36393 36426 36437 36588 36662 36687 36783 36847 37061 37363 37543 37558 37581 37762 37789 37791 37834 37906 37939 38178 38480 38696
home 36070 36087 36093 36094 36104 36106 36131 36143 36152 36182 36191 36200 36211 36212 36213 36217 36223 36227 36231 36235 36240 36241 36242 36251 36254 36264 36268 36271 36276 36298 36310 36315 36320 36326 36338 36347 36348 36350 36351 36379 36381 36390 36402 36415 36430 36453 36455 36457 36458 36460 36467 36471 36478 36481 36485 36487 36495 36504 36517 36527 36529 36537 36542 36563 36566 36572 36579 36603 36605 36611 36615 36621 36623 36637 36644 36649 36674 36676 36677 36718 36722 36724 36730 36731 36735 36736 36739 36743 36755 36757 36760 36763 36771 36790 36793 36798 36802 36813 36823 36825 36835 36841 36847 36848 36858 36859 36862 36870 36873 36883 36890 36894 36897 36902 36906 36917 36924 36937 36945 36987 36988 36989 36993 37005 37007 37017 37020 37023 37024 37026 37047 37060 37061 37065 37069 37082 37083 37087 37092 37099 37102 37113 37120 37134 37142 37149 37161 37165 37174 37182 37199 37243 37248 37253 37260 37263 37265 37269 37277 37279 37284 37286 37292 37320 37333 37338 37352 37357 37360 37365 37380 37386 37421 37428 37431 37464 37468 37469 37486 37498 37503 37505 37508 37520 37521 37524 37544 37551 37564 37566 37582 37596 37598 37602 37608 37627 37628 37644 37657 37659 37668 37678 37712 37715 37720 37735 37736 37744 37749 37750 37755 37757 37758 37768 37781 37790 37796 37810 37816 37818 37827 37829 37846 37852 37863 37868 37884 37888 37891 37894 37897 37907 37914 37921 37924 37929 37931 37946 37949 37961 37969 37978 37989 37992 37994 38022 38034 38039 38040 38041 38055 38065 38069 38074 38080 38090 38091 38105 38132 38135 38136 38139 38148 38159 38160 38176 38187 38193 38195 38196 38213 38222 38224 38241 38253 38264 38268 38274 38277 38279 38284 38286 38287 38295 38330 38348 38351 38359 38360 38365 38376 38378 38396 38407 38410 38419 38429 38437 38456 38459 38460 38490 38498 38511 38521 38522 38530 38531 38533 38539 38541 38551 38564 38570 38583 38618 38619 38631 38644 38651 38673 38680 38701 38703 38704 38706 38709 38711 38716 38735 38737 38755 38756 38763 38766 38769 38770 38780 38788 38791 38803 38806 38808 38812 38818 38829 38831
hall 36070 36106 36117 36143 36152 36164 36200 36211 36213 36217 36227 36231 36235 36240 36268 36276 36290 36298 36316 36320 36326 36338 36348 36350 36360 36381 36388 36390 36402 36408 36412 36415 36430 36437 36455 36458 36460 36467 36471 36474 36483 36487 36517 36527 36529 36532 36550 36563 36566 36575 36576 36605 36611 36621 36623 36626 36637 36662 36674 36677 36686 36701 36731 36739 36743 36757 36760 36771 36775 36790 36793 36796 36813 36847 36866 36886 36890 36892 36894 36902 36906 36925 36937 36944 36945 36952 36963 36987 36988 36989 36993 36994 37005 37023 37026 37045 37065 37066 37069 37082 37087 37134 37142 37161 37165 37179 37182 37199 37243 37248 37262 37269 37284 37292 37305 37306 37333 37352 37360 37414 37421 37428 37431 37437 37439 37464 37468 37486 37503 37505 37520 37521 37549 37558 37564 37566 37582 37596 37608 37625 37627 37644 37659 37690 37704 37715 37735 37736 37750 37755 37758 37762 37765 37781 37793 37818 37832 37846 37852 37924 37929 37961 37968 37969 37991 37992 38022 38039 38074 38080 38090 38091 38113 38125 38139 38159 38176 38178 38183 38240 38241 38253 38262 38264 38281 38287 38306 38351 38360 38365 38376 38396 38416 38429 38437 38456 38468 38488 38498 38511 38522 38530 38531 38539 38583 38603 38618 38619 38631 38651 38673 38686 38696 38700 38709 38711 38735 38737 38756 38770 38780 38788 38803 38806 38831
highlights 36070 36106 36143 36152 36188 36200 36211 36213 36217 36227 36231 36235 36240 36268 36276 36320 36326 36338 36348 36350 36381 36390 36415 36430 36455 36467 36471 36485 36487 36517 36527 36529 36566 36605 36621 36623 36637 36674 36677 36731 36743 36757 36760 36771 36790 36793 36813 36847 36890 36894 36902 36906 36927 36937 36945 36987 36988 36993 37005 37023 37026 37065 37069 37087 37134 37161 37182 37199 37243 37248 37269 37284 37292 37333 37352 37360 37421 37428 37431 37464 37468 37476 37486 37503 37505 37521 37564 37566 37582 37596 37627 37644 37659 37715 37735 37736 37750 37758 37781 37818 37846 37852 37924 37929 37961 37969 37974 37992 38022 38039 38074 38080 38090 38139 38159 38176 38241 38253 38264 38287 38351 38360 38365 38376 38396 38429 38437 38456 38498 38511 38522 38530 38583 38618 38619 38631 38651 38673 38709 38711 38735 38737 38770 38780 38788 38803 38808
▸ 36070 36106 36143 36152 36200 36211 36213 36217 36227 36231 36235 36240 36268 36276 36320 36326 36338 36348 36350 36381 36390 36415 36430 36455 36467 36487 36517 36527 36529 36566 36605 36621 36623 36637 36674 36677 36731 36743 36757 36760 36771 36790 36793 36813 36890 36894 36902 36906 36937 36945 36987 36988 36993 37005 37023 37026 37065 37069 37087 37134 37161 37182 37199 37243 37248 37269 37284 37292 37333 37352 37360 37421 37428 37431 37464 37468 37486 37503 37505 37521 37564 37566 37582 37596 37627 37644 37659 37715 37735 37736 37750 37758 37781 37818 37846 37852 37924 37929 37961 37969 37992 38022 38039 38074 38080 38090 38139 38159 38176 38241 38253 38264 38287 38351 38360 38365 38376 38396 38429 38437 38456 38498 38511 38522 38530 38583 38618 38619 38631 38651 38673 38709 38711 38735 38737 38770 38780 38788 38803
housing 36070 36106 36143 36152 36200 36211 36213 36217 36227 36231 36235 36240 36268 36276 36320 36326 36338 36348 36350 36381 36390 36415 36430 36455 36467 36487 36517 36527 36529 36566 36605 36621 36623 36637 36674 36677 36731 36743 36757 36760 36771 36790 36793 36813 36890 36894 36902 36906 36937 36945 36987 36988 36993 37005 37023 37024 37026 37065 37069 37087 37134 37161 37182 37199 37243 37248 37265 37269 37284 37292 37333 37352 37360 37421 37428 37431 37464 37468 37486 37503 37505 37521 37564 37566 37582 37596 37627 37644 37659 37715 37735 37736 37750 37758 37781 37818 37846 37852 37924 37929 37961 37969 37992 38022 38039 38074 38080 38090 38139 38159 38176 38241 38253 38254 38264 38287 38351 38360 38365 38376 38396 38429 38437 38456 38498 38511 38522 38530 38583 38618 38619 38631 38651 38673 38709 38711 38735 38737 38770 38780 38788 38803
handbook 36070 36106 36143 36152 36191 36200 36211 36213 36217 36227 36231 36235 36240 36268 36276 36320 36326 36338 36348 36350 36381 36390 36415 36430 36455 36467 36475 36487 36517 36527 36529 36566 36605 36621 36623 36637 36674 36677 36731 36743 36757 36760 36771 36790 36793 36813 36883 36890 36894 36902 36906 36937 36945 36987 36988 36993 37005 37023 37026 37065 37069 37087 37134 37139 37161 37182 37199 37243 37248 37269 37284 37292 37313 37333 37352 37360 37421 37428 37431 37455 37464 37468 37486 37503 37505 37521 37564 37566 37582 37596 37627 37644 37659 37715 37735 37736 37750 37758 37781 37818 37846 37852 37924 37929 37961 37969 37992 38022 38039 38074 38080 38090 38114 38139 38159 38176 38241 38253 38264 38287 38351 38360 38365 38376 38396 38429 38437 38456 38488 38498 38511 38522 38530 38583 38618 38619 38631 38651 38673 38709 38711 38735 38737 38758 38770 38780 38788 38803 38817
homepage 36070 36143 36200 36213 36227 36235 36240 36276 36310 36320 36326 36338 36348 36350 36381 36390 36415 36430 36455 36460 36467 36471 36487 36517 36527 36529 36605 36621 36637 36674 36677 36757 36760 36771 36790 36793 36813 36890 36902 36906 36937 36987 36993 37005 37023 37026 37065 37069 37087 37134 37161 37165 37182 37199 37243 37248 37269 37284 37292 37325 37333 37352 37360 37421 37428 37431 37464 37468 37486 37503 37505 37521 37566 37582 37596 37619 37627 37644 37659 37715 37735 37736 37750 37758 37762 37781 37818 37846 37852 37924 37929 37959 37961 37969 37992 38022 38039 38074 38080 38138 38139 38160 38176 38241 38253 38263 38264 38287 38351 38360 38365 38396 38429 38437 38456 38498 38511 38522 38530 38564 38583 38618 38619 38631 38651 38669 38673 38709 38711 38735 38737 38756 38770 38788 38803
805kb 36072
80 36075 36083 36095 36096 36121 36124 36165 36171 36180 36186 36202 36218 36258 36259 36274 36287 36293 36294 36304 36310 36311 36335 36345 36357 36383 36391 36395 36412 36415 36428 36429 36433 36439 36460 36474 36481 36491 36499 36509 36514 36536 36539 36540 36543 36555 36557 36565 36591 36627 36630 36635 36636 36638 36646 36669 36706 36733 36742 36744 36749 36754 36773 36776 36785 36787 36791 36792 36801 36812 36838 36839 36840 36844 36846 36862 36865 36881 36888 36903 36905 36930 36953 36962 36984 36995 37011 37021 37025 37027 37034 37037 37042 37046 37063 37077 37084 37096 37128 37138 37141 37165 37175 37176 37180 37193 37201 37214 37229 37241 37246 37251 37255 37270 37283 37290 37298 37321 37336 37347 37354 37379 37381 37391 37434 37444 37467 37469 37483 37484 37485 37499 37500 37504 37528 37530 37542 37543 37558 37577 37615 37630 37639 37645 37646 37647 37675 37699 37707 37719 37723 37732 37735 37753 37754 37777 37792 37803 37825 37853 37876 37878 37901 37920 37925 37926 37953 37997 38005 38027 38043 38051 38058 38070 38075 38110 38114 38126 38144 38155 38165 38166 38169 38170 38171 38184 38198 38221 38258 38270 38316 38322 38324 38326 38327 38343 38347 38362 38363 38369 38370 38382 38390 38392 38417 38419 38442 38469 38472 38481 38488 38490 38491 38508 38514 38527 38539 38576 38585 38588 38625 38670 38672 38675 38685 38687 38699 38712 38714 38745 38748 38756 38762 38779 38820 38824 38828 38830
hi 36079 36217 36310 36457 36802 36862 36873 36877 36917 37265 37789 38233 38570
has 36079 36092 36093 36098 36106 36107 36112 36134 36143 36159 36176 36183 36188 36191 36211 36217 36223 36227 36229 36231 36232 36241 36251 36268 36271 36272 36302 36309 36310 36315 36329 36336 36342 36343 36348 36360 36372 36379 36381 36402 36412 36415 36424 36430 36437 36455 36458 36460 36467 36471 36472 36474 36475 36481 36485 36487 36493 36494 36517 36522 36550 36575 36601 36605 36617 36626 36637 36641 36677 36708 36711 36719 36722 36726 36730 36732 36739 36743 36755 36757 36783 36793 36802 36807 36822 36847 36851 36862 36873 36877 36883 36891 36894 36905 36906 36910 36921 36927 36945 36958 36965 36987 36989 36993 36994 37013 37016 37019 37024 37026 37041 37047 37061 37065 37069 37085 37111 37118 37133 37134 37139 37149 37154 37159 37165 37174 37182 37183 37201 37210 37213 37227 37233 37236 37238 37239 37248 37258 37260 37263 37265 37286 37308 37313 37318 37320 37325 37333 37344 37356 37357 37360 37368 37380 37399 37403 37412 37422 37425 37428 37455 37457 37460 37469 37471 37476 37486 37497 37498 37501 37503 37511 37520 37521 37524 37525 37530 37538 37543 37544 37549 37556 37558 37565 37566 37574 37579 37581 37592 37605 37611 37627 37629 37635 37643 37644 37657 37658 37659 37661 37669 37688 37705 37709 37723 37726 37729 37735 37736 37744 37758 37784 37789 37796 37800 37813 37820 37824 37832 37849 37850 37864 37882 37886 37894 37907 37913 37922 37926 37929 37948 37950 37953 37959 37961 37974 37990 37998 38005 38022 38053 38055 38059 38060 38078 38080 38084 38090 38111 38128 38139 38143 38158 38160 38176 38187 38193 38213 38241 38263 38268 38272 38278 38280 38281 38282 38284 38286 38287 38288 38297 38304 38306 38312 38317 38319 38329 38348 38349 38350 38354 38359 38360 38376 38377 38378 38396 38410 38412 38413 38419 38429 38441 38445 38457 38465 38472 38490 38505 38507 38511 38517 38522 38533 38535 38539 38544 38546 38583 38619 38631 38635 38651 38652 38663 38669 38673 38701 38708 38711 38718 38725 38735 38746 38756 38763 38767 38769 38770 38771 38783 38794 38808 38812 38817 38824
halloween 36080 36386 36407 36465 36541 36628 36654 36658 36753 36797 36847 36864 37035 37094 37240 37271 37274 37369 37378 37415 37461 37742 37839 37845 37945 38026 38050 38239 38261 38302 38323 38336 38484 38528 38595 38686 38698 38707 38724
8000 36082 36767 37173 37424 37554 37953 38268
h 36082 36087 36103 36157 36194 36200 36228 36235 36322 36323 36334 36403 36492 36495 36539 36563 36580 36600 36667 36732 36767 36809 36813 36822 36869 36897 36918 36923 36990 37007 37019 37057 37093 37108 37111 37113 37133 37137 37149 37201 37213 37241 37253 37315 37423 37424 37469 37474 37511 37554 37558 37580 37609 37662 37672 37701 37705 37715 37723 37741 37744 37757 37789 37813 37876 37891 37926 37941 37985 38005 38023 38040 38055 38110 38187 38233 38238 38277 38320 38397 38490 38494 38507 38571 38632 38701 38703 38716 38739 38758 38766 38773 38813 38820
hierarchical 36082 36087 36093 36131 36157 36194 36228 36271 36290 36334 36478 36492 36495 36537 36563 36580 36600 36644 36667 36676 36722 36755 36763 36767 36883 36897 36933 36990 37007 37020 37047 37057 37083 37093 37099 37108 37113 37137 37253 37263 37286 37299 37315 37386 37423 37424 37474 37544 37551 37554 37565 37628 37672 37678 37701 37757 37768 37790 37882 37888 37891 37897 37914 37921 37931 37985 37995 38040 38078 38148 38187 38277 38279 38348 38378 38407 38410 38460 38472 38488 38494 38571 38680 38703 38716 38766 38773 38813 38818
hybrid 36082 36157 36194 36228 36334 36492 36563 36580 36600 36662 36667 36719 36767 36841 36927 36945 36990 37057 37093 37108 37137 37142 37315 37423 37424 37474 37554 37565 37672 37701 37882 37985 38066 38494 38571 38658 38773 38811 38813
heuristic 36082 36157 36188 36194 36228 36298 36334 36344 36471 36475 36485 36492 36580 36600 36667 36703 36767 36841 36847 36883 36943 36990 37057 37093 37108 37133 37137 37142 37229 37233 37313 37315 37368 37423 37424 37474 37554 37565 37570 37614 37658 37672 37701 37985 38005 38084 38113 38168 38300 38409 38488 38494 38571 38696 38771 38773 38806 38813
hamiltonian 36084 36271 36847 36874 36883 37458 38005
highlighting 36086 37721 37992
xcode 36087 36093 36131 36478 36495 36537 36644 36676 36722 36755 36763 36897 37007 37020 37083 37099 37113 37253 37263 37286 37386 37425 37544 37551 37628 37678 37757 37768 37790 37888 37891 37897 37907 37914 37921 37931 38040 38148 38187 38277 38279 38348 38378 38407 38460 38680 38703 38716 38766 38818
hog 36087 36093 36131 36478 36495 36537 36644 36676 36722 36755 36763 36897 37007 37020 37083 37099 37113 37253 37263 37286 37386 37544 37551 37628 37678 37757 37768 37790 37888 37891 37897 37914 37921 37931 37953 38040 38148 38187 38277 38279 38348 38378 38407 38460 38680 38703 38716 38766 38818
x 36087 36109 36192 36200 36223 36235 36241 36289 36290 36343 36459 36478 36493 36496 36519 36537 36545 36563 36567 36617 36627 36730 36755 36763 36766 36807 36809 36813 36825 36880 36883 36897 36923 36926 36931 36954 36989 37007 37019 37022 37099 37111 37113 37116 37133 37154 37183 37213 37253 37260 37281 37286 37309 37325 37368 37422 37425 37465 37525 37538 37544 37549 37571 37580 37592 37601 37605 37628 37629 37657 37688 37705 37715 37721 37723 37737 37744 37757 37765 37782 37790 37877 37888 37891 37894 37907 37922 37926 37990 38008 38012 38032 38055 38069 38136 38143 38193 38250 38268 38271 38277 38279 38281 38282 38286 38288 38349 38378 38407 38419 38462 38488 38490 38507 38533 38544 38663 38680 38696 38716 38718 38766 38771 38783 38812 38814 38836
http 36089 36119 36173 36188 36223 36232 36241 36242 36277 36310 36316 36344 36351 36402 36412 36421 36437 36457 36458 36460 36471 36474 36475 36481 36571 36611 36617 36625 36636 36637 36672 36719 36732 36739 36758 36768 36802 36836 36847 36858 36862 36868 36877 36916 36923 36925 36927 36931 36933 36945 36950 36954 36989 37013 37039 37047 37061 37067 37139 37159 37165 37183 37235 37238 37242 37243 37260 37265 37313 37320 37357 37384 37422 37469 37520 37530 37558 37563 37581 37737 37744 37765 37791 37796 37815 37829 37850 37863 37894 37900 37907 37948 37995 38024 38105 38135 38136 38138 38213 38274 38281 38284 38286 38295 38306 38350 38354 38376 38410 38445 38472 38485 38517 38534 38535 38539 38544 38546 38550 38616 38632 38680 38756 38794 38801 38812 38824
help 36091 36092 36126 36143 36152 36175 36176 36188 36211 36223 36230 36251 36268 36272 36290 36310 36338 36343 36348 36372 36384 36393 36402 36412 36415 36430 36437 36457 36458 36460 36471 36474 36475 36481 36496 36522 36545 36566 36568 36605 36617 36623 36662 36677 36719 36739 36743 36757 36783 36790 36794 36847 36862 36883 36894 36906 36927 36945 36948 36954 36955 36965 37016 37041 37054 37087 37111 37134 37142 37154 37159 37165 37194 37199 37213 37230 37233 37235 37248 37265 37313 37314 37330 37356 37365 37380 37393 37421 37422 37425 37457 37468 37469 37471 37486 37497 37498 37501 37503 37518 37520 37521 37537 37538 37558 37564 37566 37567 37581 37592 37599 37605 37609 37623 37644 37658 37659 37684 37723 37737 37744 37749 37791 37800 37813 37815 37832 37882 37894 37907 37923 37926 37959 37974 38005 38055 38074 38080 38136 38143 38158 38193 38241 38248 38278 38281 38286 38287 38306 38309 38312 38317 38334 38340 38341 38350 38359 38360 38366 38376 38396 38397 38406 38410 38413 38419 38441 38457 38488 38490 38513 38522 38533 38535 38539 38591 38592 38619 38621 38653 38671 38696 38737 38756 38771 38794
hides 36092 37538 37800
hence 36093 36232 36732 36927 36965 37019 37047 37183 37239 37325 37457 37562 37592 37688 37882 37888 37907 37974 38084 38286 38306 38708 38756 38767 38812
hallman 36094 36847
heirarchical 36094
8cf4173356fb06b1197c09ba6fddba038f1843 36096
homework 36098 36117 36119 36122 36191 36272 36290 36344 36412 36453 36471 36474 36475 36479 36481 36507 36662 36724 36743 36783 36847 36870 36874 37039 37112 37116 37222 37235 37236 37313 37320 37323 37438 37511 37529 37530 37543 37549 37558 37629 37684 37698 37749 37762 37815 37823 37894 37907 37922 37926 37978 38060 38063 38079 38084 38134 38136 38178 38219 38282 38286 38350 38377 38462 38507 38539 38541 38652 38696 38763 38794 38796
his 36098 36117 36138 36176 36187 36188 36191 36213 36227 36229 36295 36302 36310 36315 36329 36336 36348 36350 36372 36381 36415 36455 36457 36517 36522 36556 36571 36611 36619 36637 36649 36677 36731 36739 36793 36802 36847 36862 36873 36890 36906 36913 36917 36927 36929 36945 36966 37002 37016 37017 37019 37024 37026 37082 37111 37139 37149 37159 37165 37182 37265 37279 37292 37310 37357 37360 37365 37368 37455 37471 37476 37497 37503 37530 37538 37566 37623 37627 37644 37671 37680 37709 37717 37735 37750 37758 37789 37813 37816 37832 37843 37846 37894 37895 37913 37924 37950 37974 37991 38022 38054 38068 38078 38080 38090 38111 38178 38193 38241 38264 38268 38274 38284 38287 38317 38334 38376 38410 38413 38419 38427 38472 38490 38511 38526 38591 38597 38616 38621 38631 38673 38701 38709 38711 38735 38756 38769 38796 38804 38824
hint 36098 36117 36122 36545 36617 36757 37154 37183 37213 37458 37538 37698 37789 37990 38143 38178 38286 38288 38312 38334 38462 38535
hanna 36103 36141 36186 36273 36297 36299 36322 36357 36480 36505 36539 36566 36749 36791 36801 37188 37278 37332 37470 37516 37588 37600 37662 37741 37819 37862 37866 37955 38057 38093 38110 38137 38184 38233 38289 38398 38404 38417 38483 38488 38670 38714 38820
818482 36103
8o 36103 36322 36403 36539 36548 37188 37241 37278 37332 37662 37741 37955 38023 38110 38184 38233 38670 38714 38820
8x 36103 36322 36403 36505 36539 37188 37241 37278 37332 37349 37662 37955 38023 38085 38110 38184 38233 38670 38714 38820
herman 36103 36310 36322 36371 36403 36773 36791 36802 36906 37539 37662 37741 37943 37955 38022 38023 38137 38184 38233 38398 38417 38620 38670 38732
henrietta 36103 37662 38093 38670
haven 36103 36906 37539 37741 37941 38176 38488 38490 38820
harry 36103 36143 36241 36310 36458 36480 36505 36517 36529 36539 36567 36773 36989 37659 37662 37796 38057 38085 38137 38223 38233 38287 38452 38473
heiman 36103
hollis 36103
herbert 36103 36403 36471 36480 36505 36539 36847 37265 37832 37941 38033 38314
81 36103 36106 36186 36259 36297 36357 36396 36403 36450 36505 36539 36548 36627 36731 36785 37128 37201 37241 37332 37399 37920 38057 38093 38114 38221 38488 38732 38820
hinda 36103 36141 36186 36189 36299 36310 36322 36357 36403 36480 36548 36749 37100 37241 37516 37539 37600 37662 37707 37866 37876 37920 37941 37955 38052 38093 38110 38184 38233 38289 38314 38398 38452 38670 38714 38820
hudes 36103 36186 36468 37349 38093 38137 38404 38670 38820
hochstim 36103 36186 36357 36548 36909 37201 37278 38452 38670 38820
hirsch 36103 36141 36186 36259 36297 36310 36322 36357 36403 36468 36480 36505 36539 36548 36608 36749 36773 36791 36831 36898 36909 36992 37188 37201 37241 37278 37332 37349 37470 37516 37539 37600 37662 37707 37741 37866 37876 37943 37955 38023 38057 38085 38093 38110 38137 38184 38233 38289 38404 38417 38452 38483 38670 38714 38732 38820
henryk 36103 36186 36189 36273 36403 36468 36480 36791 36801 37278 37349 37662 37707 37866 37941 37943 38057 38085 38093 38110 38184 38233 38289 38404 38417 38670 38714
helena 36103 36141 36186 36273 36322 36357 36403 36480 36505 36749 36773 36791 36801 36909 37188 37241 37332 37349 37516 37600 37662 37866 37941 37955 38085 38093 38110 38184 38289 38483 38620 38670 38732 38820
808 36103 36189 36480 37201 37349 37635 38404
890 36103 36357 37201 38233
82 36103 36310 36322 36357 36396 36429 36548 36627 36785 36898 37128 37201 37278 37332 37539 37955 38093 38110 38114 38137 38184 38221 38417 38488 38620 38714
hyman 36103 36310 38057 38184
helen 36103 36141 36273 36310 36322 36480 36539 36747 36802 36862 37539 37876 37941 38233 38452 38483
8081 36103 37173
hartsville 36103
hart 36103 36521 37299 37460 38268 38488 38493 38708 38800 38817
heustess 36103
haim 36103 36831 37588 37941 38184
hill 36103 36344 36542 36802 37079 37182 37357 37986 38488
harriet 36103 36539 36658 36773 36802 37662 37876
haia 36103 36186 36322 36480 36791 37539 38110 38137 38184 38820
hinde 36103 36186 36403 36457 36749 37201 37241 37819 37866 38184 38398 38417
85 36103 36480 36627 36749 36794 36905 37201 37332 37349 37819 37866 37943 38093 38114 38221 38314 38488 38714 38820
83 36103 36141 36322 36396 36403 36429 36468 36627 36710 36735 36749 37128 37201 37241 37516 37539 37926 38110 38114 38184 38221 38398 38483 38488 38620 38732 38820
handwritten 36104 36310 36527 36847 38541
hair 36106 37813 38164
‘ 36106 36217 36605 36637 36677 36771 36847 36906 37087 37134 37352 37421 37469 37486 37521 37566 37582 37659 37744 37781 37992 38143 38284 38287 38351 38490 38619 38651 38770
host 36106 36143 36563 36566 36732 36835 36927 37083 37503 37567 37609 37658 38090 38286 38359 38472 38490 38680
had 36106 36176 36188 36211 36217 36309 36310 36338 36348 36390 36402 36415 36430 36437 36455 36457 36460 36471 36527 36572 36593 36617 36621 36623 36641 36663 36739 36743 36793 36802 36862 36873 36878 36883 36891 36894 36906 36927 36945 36954 36956 36963 37019 37023 37024 37026 37087 37127 37139 37142 37149 37154 37165 37170 37233 37265 37279 37329 37393 37399 37428 37429 37457 37497 37503 37581 37605 37611 37644 37658 37688 37720 37723 37758 37864 37886 37894 37926 37948 37961 37990 37992 38022 38080 38084 38111 38139 38143 38160 38193 38287 38288 38365 38376 38410 38465 38490 38511 38521 38533 38564 38570 38583 38631 38756 38769 38824
hassles 36106
hang 36106 36835 36894 38533
hejrati 36106
huang 36106 36563 37019 37111 37520 38758 38835
xiaoyi 36106
harris 36106 36322 36566 36676 36813 36894 36988 37269 37608 37662 38022 38023 38187 38488
heterogeneous 36107 36143 36563 36719 36735 36916 36945 37139 37142 37154 37538 37565 37796 38702 38831
hierarchy 36107 36176 36188 36244 36279 36290 36621 36794 36880 36891 36927 37016 37047 37169 37527 37537 37538 37565 37635 37995 38205 38410 38413 38457 38472 38535
human 36107 36143 36176 36290 36338 36412 36420 36424 36474 36522 36563 36566 36719 36732 36757 36847 36880 36883 36884 36906 36927 36933 36937 36945 37047 37142 37210 37233 37357 37360 37380 37393 37399 37521 37538 37558 37758 37813 37832 37926 37990 38039 38080 38090 38111 38127 38241 38354 38472 38476 38488 38531 38619 38644 38660 38755 38770
hilbert 36107 37813 38488
horizontal 36109 36239 36739 36825 36883 37183 37399 37460 37476 37538 37601 37605 37688 38136 38280 38635 38746 38800
high 36112 36143 36253 36257 36309 36347 36348 36351 36402 36412 36415 36458 36471 36474 36481 36597 36627 36653 36719 36739 36743 36775 36794 36795 36835 36847 36848 36883 36894 36912 36916 36945 37047 37111 37118 37133 37142 37210 37213 37284 37325 37329 37356 37368 37395 37435 37464 37476 37498 37520 37521 37525 37534 37580 37635 37723 37864 37894 37907 37926 37953 37992 38005 38078 38227 38254 38263 38278 38280 38287 38306 38419 38456 38488 38513 38583 38631 38711 38758 38763 38767 38824
xteam 36112
hmm 36112
hit 36115 36167 36233 36241 36617 36989 37146 37154 37247 37320 37723 37800 37816 37907 38195 38286 38490 38657 38718
hot 36115 36155 36167 36233 36236 36461 36694 36735 36823 36927 36956 37098 37104 37127 37245 37247 37640 37642 37741 37799 37816 37827 37838 37911 38005 38029 38103 38185 38195 38206 38234 38334 38573 38677 38758 38809 38829
hamiltonhamilton 36116
xerox 36116 37047 37422 38410 38488 38817
hogg 36116
hopmann 36116 38535
hongzhou 36116
henry 36116 36310 36403 36505 36539 36743 37188 37332 37349 37422 37662 37813 37955 38023 38057 38093 38184 38452 38670 38714 38835
hours 36117 36191 36192 36241 36242 36342 36344 36402 36412 36437 36455 36458 36460 36471 36474 36481 36527 36566 36605 36662 36724 36783 36835 36847 36920 36927 36945 37052 37165 37308 37380 37428 37469 37497 37520 37530 37543 37549 37558 37581 37606 37684 37749 37762 37832 37863 37894 37926 38054 38160 38178 38193 38219 38274 38282 38334 38350 38419 38495 38539 38616 38631 38696 38756 38780
howard 36117 36310 36480 36506 36539 37357 37741 37813 38085 38176 38287 38488
hslh 36117
homeworks 36117 36191 36298 36344 36437 36471 36481 36662 36870 37235 37529 37530 37581 37684 37815 38178 38224 38696 38806
however 36117 36125 36143 36159 36188 36223 36232 36242 36254 36289 36310 36315 36336 36343 36412 36437 36460 36474 36481 36487 36519 36532 36611 36617 36627 36708 36719 36730 36732 36757 36774 36783 36847 36848 36862 36883 36891 36923 36926 36927 36931 36987 36994 37019 37047 37111 37134 37154 37159 37160 37165 37183 37191 37210 37229 37233 37265 37344 37368 37377 37380 37399 37422 37427 37429 37455 37498 37538 37565 37581 37592 37619 37658 37723 37800 37813 37850 37864 37877 37882 37894 37907 37926 37939 37950 37990 37991 38005 38078 38136 38153 38158 38193 38213 38241 38267 38284 38297 38306 38350 38354 38375 38405 38410 38413 38419 38465 38490 38533 38535 38544 38553 38746 38756 38824
her 36117 36217 36227 36231 36252 36310 36381 36390 36415 36485 36593 36611 36705 36719 36743 36747 36862 36873 36878 36894 36906 36929 36945 36956 37024 37104 37111 37127 37134 37146 37149 37165 37170 37171 37199 37201 37279 37284 37332 37333 37352 37357 37365 37393 37471 37521 37530 37623 37640 37659 37690 37702 37894 37961 38013 38019 38073 38080 38090 38111 38121 38139 38178 38193 38195 38253 38264 38274 38334 38351 38354 38365 38396 38413 38419 38490 38496 38498 38539 38564 38583 38616 38621 38651 38701 38702 38711 38735 38737 38756 38769 38770 38787 38809
hand 36117 36134 36188 36223 36289 36310 36336 36343 36380 36412 36460 36474 36475 36617 36719 36730 36739 36755 36783 36847 36851 36883 36894 37041 37058 37159 37165 37222 37233 37258 37313 37356 37380 37399 37435 37469 37520 37538 37558 37623 37637 37658 37688 37723 37789 37850 37882 37894 37907 37926 38005 38049 38143 38193 38241 38266 38286 38349 38410 38413 38419 38472 38583 38756
heapsort 36117 36724
hashing 36117 37133 37299 37543 37723 37939 37953 38005
hulls 36117 37476 38005 38178 38488 38507
having 36117 36176 36188 36217 36310 36402 36412 36437 36458 36474 36475 36481 36519 36522 36605 36627 36739 36743 36793 36802 36809 36822 36847 36883 36891 36894 36926 36927 37002 37047 37087 37094 37133 37134 37139 37213 37229 37313 37320 37329 37365 37380 37399 37422 37428 37520 37521 37538 37558 37565 37581 37605 37623 37658 37723 37739 37744 37813 37820 37850 37882 37886 37894 37926 38078 38090 38143 38160 38193 38281 38334 38365 38413 38419 38465 38490 38533 38535 38539 38718 38794 38824
hw 36119 36377 36438 37894 38160 38213 38278 38550 38808
heading 36119 36252 36377 36438 36927 37260 37496 37926 38022 38791
html 36119 36210 36290 36402 36421 36460 36471 36567 36571 36636 36732 36743 36793 36874 36877 36880 36883 36965 37165 37260 37357 37422 37473 37482 37605 37657 37762 38055 38132 38153 38160 38213 38278 38410 38441 38457 38472 38535 38570 38638 38756
head 36120 36190 36252 36415 36606 36617 36731 36732 36927 36929 36945 36996 37023 37187 37201 37562 37723 37913 38061 38090 38280 38299 38472 38488 38533 38539 38546 38631
happens 36122 36217 36627 36883 36923 36945 37111 37213 37356 37399 37538 37605 37623 37688 37723 37744 37990 38288 38312 38349 38419 38472 38718 38783 38794
hardware 36122 36188 36191 36254 36276 36290 36303 36350 36460 36719 36743 36809 36880 36945 37061 37165 37538 37565 37643 37829 37882 37913 37974 37992 38286 38306 38459 38488 38490 38756 38780
height 36122 36239 36739 36763 36999 37020 37133 37183 37213 37399 37744 37762 37790 37813 37931 38771
huntingdale 36128
histogram 36131 36676 37083 37263 37789 38460 38703
happy 36134 36223 36402 36412 36437 36458 36474 36481 36783 36802 36847 36883 37016 37026 37154 37159 37160 37411 37428 37520 37550 37558 37564 37581 37948 38193 38350 38376 38413 38511 38533 38539 38635 38677 38770
hypercube 36134 36883 37574 37948 38635 38708
homeomorphic 36134 36883
hierarchically 36134 36719 36883 37882 38635
holten 36134 36935 37399 37976
8242 36134 36641 36883 36935 37173 37399 37976
8871 36134 37173 37229 37399
hull 36134 36732 36883 37191 37358 37476 37948 38053 38214 38507
helps 36138 36217 36276 36310 36415 36458 36566 36621 36719 36730 36739 36783 36890 36945 37023 37065 37368 37399 37509 37566 37723 37744 37750 37894 37926 38055 38288 38377 38465 38490 38619 38794
89 36141 36297 36299 36310 36373 36429 36505 36539 36749 36801 37128 37188 37201 37332 37530 37819 37866 37920 37926 37955 38005 38023 38192 38221 38404 38483 38499 38691 38714 38732 38792
heinrich 36141 36322 37278 37470 38057 38184
88 36141 36429 36480 36505 36749 36785 37111 37128 37201 37332 37580 37741 37866 37894 37941 38093 38110 38114 38221 38233 38289 38404 38417 38714 38732 38792
hendel 36141 36297 36357 36403 36468 36539 36548 36749 36791 37201 37278 37600 37707 37920 38085 38093 38110 38137 38233 38289 38398 38417 38452 38670
harold 36141 36310 36539 37355
84 36141 36186 36189 36322 36480 36505 36539 36608 36627 36739 36773 36791 36905 37128 37201 37241 37278 37332 37600 37866 37955 38085 38093 38110 38184 38221 38398 38417 38452 38483 38488 38670
health 36143 36213 36336 36338 36561 36793 36835 36862 36890 36945 36965 37023 37024 37061 37134 37327 37365 37431 37566 37750 37864 37926 38090 38111 38360 38429 38644 38701 38711 38831
hope 36143 36309 36310 36412 36424 36430 36437 36457 36471 36474 36475 36621 36739 36802 36862 36884 37019 37111 37134 37159 37183 37210 37233 37265 37308 37313 37352 37365 37520 37521 37530 37558 37581 37644 37658 37758 37836 37884 38264 38351 38533 38619 38663 38735
helping 36143 36217 36415 36894 36945 37082 37087 37233 37248 37352 37521 37644 37926 38080 38090 38351 38456 38583 38794
highest 36143 36188 36309 36471 36517 36641 36807 36847 37041 37111 37133 37233 37431 37469 37538 37735 37926 38005 38090 38136 38264 38312 38334 38419 38507 38527 38651 38673
healthcare 36143 36209 36566 36993 37026 37134 37505 37627 37913 37992 38644 38831
humans 36143 36348 36471 36621 36847 36906 36927 37360 37368 37538 38080 38143 38441 38803
holding 36143 36241 36292 36731 36891 36894 36975 36989 37111 37308 37680 37800 37824 38412 38413 38490 38551 38643 38701 38803
house 36143 36172 36195 36250 36284 36310 36336 36527 36552 36802 36843 37061 37199 37201 37210 37265 37394 37593 37653 37843 38247 38254 38287 38328 38354 38488 38702 38711
harm 36143 36310 36424 37526 37658 38111 38465
healthy 36143 36372 38317 38456
happening 36143 36627 37111 37118 37153 37566 37658 37744 37907 37990 38193 38278 38286 38783
harmonic 36149 38771
heads 36155 36169 36697 37040 37201 37269 37623 37658 37877 37989 37990 38718
800 36155 36193 36207 36233 36261 36300 36314 36328 36396 36451 36461 36480 36584 36614 36673 36679 36681 36683 36687 36707 36837 36919 36946 36996 37032 37053 37056 37086 37098 37163 37170 37171 37201 37202 37288 37387 37396 37411 37510 37681 37718 37727 37742 37760 37769 37809 37847 37937 37947 37958 37971 38038 38081 38102 38109 38181 38184 38185 38192 38211 38214 38230 38246 38261 38410 38436 38446 38581 38613 38692 38693 38694 38729 38731 38732 38768 38792 38826
8947958 36157
8987415 36157
highly 36159 36188 36227 36254 36268 36272 36276 36424 36460 36703 36735 36739 36945 37165 37213 37222 37421 37623 37894 38005 38039 38090 38193 38334 38375 38376 38409 38419 38429 38570 38756
hist 36166
heartbreakers 36170 36216 36417 36500 36511 36618 36714 36860 36961 37076 37273 37304 37310 37319 37359 37506 37811 37883 38003 38014 38061 38121 38194 38259 38283 38333 38364 38477 38543 38678 38682 38804
handshake 36170 36777 37736 37799 37994
hajiaghayi 36172 36883 37163 37820
hashcode 36175 36230 37194 37567 38248 38309
hearing 36176 36310 36424 36802 36862 37566 38490
half 36176 36310 36460 36471 36475 36561 36641 36794 36809 36822 36847 36862 37026 37039 37118 37281 37313 37320 37399 37562 37566 37623 37628 37658 37794 37800 37813 37863 37926 37948 38268 38306 38334 38349 38375 38419 38472 38651 38794
hour 36176 36460 36471 36605 36783 37039 37165 37308 37320 37380 37543 38334 38756
hole 36176 36348 37183
handling 36176 36188 36290 36481 36730 36732 36818 36835 36945 37047 37111 37723 37726 37791 38288 38354 38413 38460 38465 38488 38539 38746
hold 36176 36271 36503 36732 36883 36959 36993 37099 37248 37435 37623 37757 37863 37926 37953 38022 38139 38143 38193 38300 38410 38490
higher 36176 36309 36424 36471 36522 36621 36719 36730 36793 36795 36847 36883 36894 36923 36933 36945 36994 37017 37087 37111 37120 37190 37222 37233 37239 37325 37357 37368 37399 37501 37601 37625 37813 37846 37882 37926 38022 38090 38176 38280 38334 38349 38410 38413 38427 38530 38711 38811
he 36176 36188 36191 36217 36223 36227 36229 36240 36268 36310 36336 36348 36372 36381 36402 36412 36415 36424 36430 36437 36457 36458 36471 36474 36517 36522 36572 36611 36621 36623 36637 36677 36719 36731 36739 36771 36790 36793 36802 36835 36847 36862 36873 36877 36902 36906 36927 36945 37002 37016 37019 37024 37026 37087 37134 37139 37149 37165 37233 37236 37265 37269 37279 37357 37365 37428 37503 37520 37521 37530 37538 37558 37566 37581 37644 37649 37688 37717 37720 37735 37744 37758 37789 37796 37812 37813 37832 37849 37882 37886 37895 37913 37950 37974 37989 38022 38078 38090 38111 38176 38193 38241 38268 38274 38284 38287 38306 38317 38376 38410 38413 38441 38472 38495 38511 38578 38583 38616 38619 38631 38701 38711 38756 38769 38804 38824
harder 36176 36309 36847 36883 37368 37399 37605 37623 37688 37894 37948 38139 38193 38334 38718 38825
853kb 36184 38805
hitting 36185 36416 36617 36847 36883 37127 37638 37723 37810 38286 38490 38829
hirschl 36186
hirsz 36186 36297 36322 36357 36403 36480 36505 36539 36749 36773 36831 37201 37278 37332 37470 37539 37662 37862 37866 37955 38052 38093 38110 38137 38184 38233 38398 38670 38820
hersch 36186 36310 36322 36357 36403 36749 36873 37201 37241 37516 37741 37819 37866 37943 37955 38110 38417 38620
herszke 36186 36909
837 36186 36189 37201 38093 38417 38820
811 36186 36505 37201 38732
hauptman 36186
horowitz 36186 36322 36357 36403 36480 36719 36773 36791 36802 36898 37201 37278 37876 38057 38137 38233 38670
hillel 36186 37201 38233
hilel 36186 36322 37201 37662 38417
844 36186 37100 37201 38137
856 36186 36322 36480 37201
861 36186 36189 37201 37955
holzer 36186 36403 37201 37241 37349
holocaust 36186 36189 36310 36403 36457 36572 36749 36791 36862 37278 37600 37707 37866 37876 37941 37955 38085 38110 38184 38233 38670 38769 38820
810 36186 36189 36468 37201 37866 38110 38820
hudessa 36186 37349 38417 38452
86 36186 36241 36429 36608 36627 36749 36785 36989 37201 37241 37349 37662 37866 37943 38093 38110 38221 38488 38732
herz 36186 36403 36749 37470 37600 37955 38085 38110
hirt 36186 36403
hedwig 36186
87 36186 36299 36322 36403 36627 36997 37128 37201 37241 37332 37662 37876 37926 38093 38221 38233 38314 38417 38670 38732
highlighted 36188 36381 36415 36566 36672 37538 37563 37721 37737
him 36188 36227 36268 36310 36336 36381 36457 36802 36862 36873 37002 37016 37024 37393 37566 37758 37913 38084 38090 38111 38284 38287 38376 38419 38490 38564 38621 38701
hindsight 36188
holes 36188 36212 36310 36387 36522 36883 36927 37004
hypertext 36188 36242 36460 36567 36571 36665 36719 36732 36883 37047 37165 37238 37355 37357 37422 37796 37801 38005 38132 38160 38213 38278 38410 38472 38523 38535 38615 38616 38756 38817
hard 36188 36191 36223 36310 36351 36381 36402 36412 36424 36437 36474 36561 36627 36739 36743 36793 36847 36880 36883 36933 36939 37016 37087 37183 37213 37368 37380 37384 37399 37412 37429 37469 37520 37558 37581 37623 37658 37688 37723 37744 37789 37800 37832 37882 37948 38005 38080 38139 38160 38193 38268 38282 38284 38286 38287 38306 38312 38419 38490 38511 38533 38631 38817
heed 36188
hypothetical 36188 36730 37039 37320 37658 38143
816 36189 36505 37201 38714
827 36189 36710 37201 38093 38417 38732
heimerling 36189
841 36189 36322 36357 37201 38093 38670
836 36189 37201
819 36189 36403 36505 37201
857 36189 36403 36791 37201
herzl 36189
herszl 36189 36259 36297 36322 36480 36505 37201 37470 37866 37920 37941 38483 38820
heim 36189 37201
homework1 36191
xhx 36200 37715
xiaohui 36200 36841 36847 36945 37715 37870 38039
xie 36200 36209 36835 36841 36847 36945 37128 37715 38039
history 36205 36241 36298 36310 36344 36374 36424 36471 36735 36862 36877 36883 36927 36989 37061 37134 37277 37292 37333 37357 37399 37422 37428 37455 37486 37503 37556 37605 37723 37758 37801 37813 37827 37883 37961 38005 38059 38114 38132 38143 38364 38410 38419 38441 38472 38488 38490 38564 38653 38671 38683 38696 38769 38806 38808 38824
888kb 36207
hic 36209
hyperref' 36210
handle 36210 36289 36333 36424 36522 36621 36627 36730 36732 36739 36758 36782 36809 36883 36998 37016 37041 37111 37142 37168 37357 37422 37498 37525 37538 37658 37723 37764 37789 37828 37907 37953 37959 37976 38005 38040 38153 38253 38271 38281 38288 38410 38413 38419 38578 38718 38746 38763
hyperref 36210
hyperlinks 36210 37320 38281
honor 36211 36227 36245 36381 36390 36471 36517 36527 36731 36847 36945 36963 36993 37229 37399 37421 37625 38005 38090 38287 38511 38673 38708 38817
hobby 36211 36739
holcombs 36214
heritage 36214 36424 36619 36685 36996 37149 38808
honored 36217 36227 36268 36637 36649 36945 37087 37352 37421 37758 38090 38351 38767
hoek 36217 36455 36611 36793 36945 37139 37357 37428 37521 37846 38090 38274 38410 38616 38638 38812
helped 36217 36231 36310 36390 36424 36467 36729 36743 36793 36906 36945 36987 37087 37201 37333 37566 37796 37948 38073 38080 38241 38287 38456 38583 38619
husband 36217 36310 36802 37201 38770
honors 36217 36227 36231 36381 36437 36487 36542 36550 36743 36783 36945 36965 36988 37199 37243 37468 37581 37735 37784 37894 38022 38090 38193 38284 38350
hci 36217 36227 36420 36475 36945 37313 37320 38090 38441 38476 38644
x=8 36222
hood 36223 36348 36447 36458 36534 37566
xp 36223 36437 37222 37558 37581 37800 38143 38441 38490
hide 36223 36254 36494 36496 37800 38005 38457 38488 38535 38653 38671
hotspot 36223
hennigan 36223 37886 38193
85mm 36224 36552 36746 37158 38515 38581
helper 36230 36537 36719 36730 37133 37357 37538 37551 37605 37931 38041 38460 38533 38578 38783
hopes 36231 36348 36390 36906 37087 37566 38080 38631
huh 36232
handled 36232 36621 37120 37213 37233 37235 37543 37655 37658 37850 37882 38090 38193 38288 38312 38462 38533
halfway 36236 37139 37644 38472 38697
harvard 36241 36268 36372 36989 37380 38317 38488 38535
hrinkwrap 36241 36989
hypothesis 36242 36253 36847 36883 37762 38143 38300 38488
handed 36242 36927
heaven 36242 36310 36927 38284 38472
hauswirth 36242
hashtable 36244 36279 37953
handler 36244 36279 37111 38297 38312
handlername 36244 36279
hyperbolic 36245 36295 36883 36913 37399 37813 37976 38005 38268 38635 38817
hendrickson 36251 37139 37165 37358 38756
hots 36252 36401
89mm 36252 36683 38177
humid 36253
homescu 36254 38241
hugo 36254 36739 36848 37163 37539 38670
huntington 36257 36539 36549 36563 36979 37185 37250 37695 38174 38820
herschel 36259 36273 36299 36480 36548 36773 36791 36831 37201 37332 37662 37707 37819 37866 37876 37941 37955 38093 38184 38233 38417 38670 38820
hass 36259 37201
hana 36259 36357 36480 36608 37201 38184 38268 38398 38820
843 36259 37201 37941 38289 38417
hayden 36263 36960 37741
huskies 36270 36559 37618 37909 38411 38559
hochbaum 36271 38817
heuristics 36271 36298 36303 36344 36703 36719 36880 36883 37399 37498 37565 37570 37614 37974 38005 38409 38488 38696 38806 38817
8th 36271 36725 36735 36826 36883 36933 36945 37079 37685 37697 37720 38005 38179 38479 38488 38643 38756 38758
herszel 36273 36548 36608 36773 36791 37201 37332 37470 38057 38093 38233 38398 38417 38452 38670 38820
hersz 36273 36403 36505 36548 37201 37539 37588 37600 38110 38620 38670
husiatyn 36273
803 36273 36322 37201
hadoop 36276 36835
893kb 36278
handlers 36279 37111 37477 37655
harbor 36284 36310 36348 37231 37545 37918 38000 38421 38443
828kb 36284 36832
hierarchies 36290 36732 36736 36883 36933 36945 37047 37213 37320 37537 37538 37813 38413 38488 38706
huson 36295
holroyd 36295 38268
heptagons 36295 38268
hatch 36295
hyperboliques 36295
hexagons 36295 36942
herszl+hanny 36297
herszander 36299
858 36299 36408 37201
8s 36300
hoffman 36310 36539 37734 38289
herchle 36310
hartman 36310
hertzman 36310
hivniv 36310
hannah 36310 36539 37358
husbands 36310
hear 36310 36412 36437 36457 36474 36475 36550 36572 36718 36802 36862 36873 36917 37134 37149 37265 37279 37313 37365 37421 37558 37581 37598 37832 37926 38737 38769 38794
hesitate 36310 36412 36437 36474 36481 36847 37019 37425 37520 37558 37581 38539
hail 36310 36912
813 36310 36322 37201 37941 38110
8765 36310 37173
histories 36310 36945 37961 38410
hebrew 36310 36485 36802 36862 37161 37265 38769
hy 36310
hello 36310 36471 36730 36802 36862 37019 37183 37737 37907 38413 38533
helene 36310 36322 36403 36539 38314 38452
herskovits 36310
hilkkel 36310
hannach 36310
heard 36310 36424 36802 36862 36927 37016 37019 37183 38287 38376 38472 38490
hamburg 36310 36791 37813
heller 36310 36539 36791 37955 38093
hx 36310
hls 36310
harvey 36310 37341 38781
happened 36310 36385 36412 36437 36460 36474 36481 37165 37520 37558 37581 37959 38143 38288 38490 38539 38583 38756
huna 36310
hampden 36310
habaal 36310
hasharon 36310
hopefully 36310 36471 36906 37065 37233 37990 38078 38583
helpful 36310 36402 36412 36415 36437 36458 36471 36474 36481 36758 36802 36847 36923 36948 37087 37333 37393 37469 37520 37558 37581 37605 37762 37789 37836 37926 37939 37950 37974 38281 38287 38306 38334 38490 38533 38535 38539 38763
historic 36310 36923
howitzer 36310
hamavdil 36310
8166 36310 37173
hetzky 36310
hungary 36310 36539 36572 36735 36773 36802 37600 37662 37707 38085 38093 38110 38404
hotel 36310 36741 36828 37120 37130 37388 37635 37959 38702 38742
hapnim 36310
hungarian 36310 37598 38547
hecht 36310 37662 37862
hae 36310
hospital 36310 36415 36566 36852 37107 37134 38242 38770
hymie 36310
haddassah 36310
haifa 36310 36357 36480 36567 36873 38085 38110 38233
honour 36310 36542
hiring 36315 37758 37926 38080 38376 38621 38669
homes 36315 36835 37023 37265
homeland 36315
https 36315 36402 36412 36467 36471 36474 36611 36886 37305 37530 37558 37590 37775 37829 37831 37894 37907 37979 38274 38429 38472 38539 38616
hacking 36315 36542 36623 38078 38360
habit 36320 37744 37789
860 36322 36480 37201 38184 38714
x791 36322
hirszel 36322 36749 37201 37862 37941 37955
886 36322 37201 38023 38110 38184
838 36322 36403 37201
haja 36322 36357 36403 36548 37278 37862 37955 38085 38110 38398 38417 38714 38820
hudson 36322 36739 38375
hellbron 36322
hulnick 36322
haley 36322 37095 37146 37171 38203
x86 36323 36526 36869 37829 37907 38286 38320 38680
hpj 36323 36869 38320
header 36323 36732 36869 36927 37016 37047 37111 37213 37422 37893 37926 37931 37953 38084 38320 38354 38413 38680 38718 38746 38771 38783
hpp 36323 36869 38320
hxx 36323 36869 38320
hm 36323 36869 38320
hsl 36325 36687 36798
headlights 36330
headlands 36333 38247
hundreds 36336 36343 36916 36945 37213 37565 37926 38022 38193 38281 38287 38396 38711 38771
herself 36336 37521 37845 38111 38287
healio2019 36338
hhs 36338
hipaa 36338 37864
healio 36338
haskell 36342 36622 37669 38533 38651
hu 36344 36883 36988 38414 38726
honesty 36344 36412 36437 36458 36460 36471 36474 36475 36481 36487 36783 36847 37165 37243 37248 37313 37468 37469 37520 37558 37581 37784 37852 37894 37926 37929 38193 38334 38419 38437 38490 38539 38756 38794
handouts 36344 36662 37112 37222 37438 37815 38079
headed 36348 36621 37134 38055 38631 38769
heliconius 36348
heat 36348 36424 36430 37210 38074 38490
hadron 36348
huge 36348 36627 36739 36862 36891 37233 37368 37428 37503 37926 38139 38376 38651
hopeless 36348 38193
huff 36348
household 36348 38090 38111
xi 36356 37128 37571 38507
herschel+blumy 36357
hindel 36357 37100 37539 38417
hendla 36357 37819
herschthal 36357
herska 36357
812 36357 37201 37955 38670
hochstein 36357 36480
866 36357 37201 38417
852 36357 37201 38289
840 36357 37201 37332 38184
hollander 36357 37201 37539 37955 38184
806 36357 36801 37201 37332 38398
holloschau 36357
802kb 36370 37167
holds 36372 36481 36537 36627 36730 36793 37019 37056 37111 37213 37592 37658 37796 37914 38005 38317 38544 38711 38770
841kb 36375
hosted 36381 36841 36906 36945 37333 37428 37818
held 36381 36415 36458 36460 36521 36566 36571 36605 36731 36739 36783 36883 36894 36906 36945 37111 37139 37165 37301 37308 37357 37422 37530 37541 37543 37784 37796 37813 37849 37894 37963 38005 38090 38107 38111 38132 38193 38350 38359 38488 38621 38651 38721 38756 38770
habits 36381 36739 36847 37832 38193 38253
hiking 36385 37158 38603
hike 36385 36690 36908 37158 37456 38209
honeycomb 36389
hopper 36390
hye 36393
hiding 36393 36424 36880 37882 38288 38535 38803
htdp 36402 36437 37558 37581 37684
h21 36402 36437 36545 37558 37581 37684 37744 37789 38334
hints 36402 36412 36437 36458 36474 36481 36617 37019 37393 37520 37558 37581 37789 37907 38490 38533 38535 38539 38771
haskel+hai 36403
hofstadter 36403 38114
hirschsprung 36403 37201 37955
807 36403 36927 37201 37941
hanka 36403 36539
hania 36403
815 36403 37201 38085 38620
halman 36403
hackney 36403 37241 37332 37662 37955 38093
895 36403 37201
hasek 36403
herta 36403 37278
869 36403 37201 38483
halina 36403 36992 37100 37539 38398
hants 36403
hague 36403 37349 38093 38110 38268
hornstein 36403
holon 36403
harlow 36403 37741
hirschthal 36403
hochfeld 36403
hedwige 36403
884 36403 37201
haiti 36403
hauser 36403 36862 37201 37819
hennie 36403
hane 36403 37201 38233
haringey 36403 37662
hampstead 36403 37662 37955 38023 38093
hertfordshire 36403 37662 38023
horan 36403
xv 36409 36941
horizons 36412 36437 36474 37520 37558 37581 38831
holidays 36412 36437 36474 36481 37469 37520 37558 37581 38350 38539
hired 36415 38376
hasn 36415 37087
hospitality 36415
hospitals 36415 36993
hire 36415 36458 37758 38621
864kb 36416
838kb 36417
healing 36417
headers 36421 36732 36836 36927 37016 37047 37213 37422 37552 37722 37789 37844 37953 38267 38410 38517 38746
hoods 36423
harmful 36424
heretofore 36424
historical 36424 36425 36481 36877 36945 37961 38111 38143 38354 38746
hasty 36424
harmed 36424
honest 36424 36471 36783 36847 37393 38465
haphazard 36424 36719
hoare 36424
hothouse 36424
humidity 36430
h22 36437 37581 38136
h23 36437 37581 38350
hersh 36457 36572 36802 37039 38023 38769
holczer 36457
xinning 36458
humanities 36458 37306 37393 37414 37520 37659 37725 38090 38429
happiness 36458 36862
hal 36458 36471 36847 38039 38770
href 36460 37165 38756
hkplayers 36460
xref 36463
820 36468 36801 37201
hereby 36471 38306
hardcover 36471 38114
xxxxxx 36471
honda's 36471 36847
hubble 36471
hits 36471 36847 36927 37368 38286 38594 38718
helicopter 36471 36847 38228
halt 36475 37047 37313 38286 38794
heublum 36480 37349
heyblum 36480
haibloom 36480
801 36480 36927 37201 37422 38110 38233
heights 36480 36739 37133
80405 36480
hollywood 36480 36771 38233 38287
hofheimer 36480
hiel 36480
899 36480 37201 38184
hermele 36480
8375 36480 37173
hailbloom 36480
8019 36480 37173
haiblum 36480
haas 36480 37866
hempstead 36480
hilpolsteiner 36480
heiblum 36480
809 36480 37201 37241 38110 38184
horoszowski 36480
hui 36481 37711
huia 36481
hands 36481 37111 37813 38194 38546 38807
86mm 36482
holistic 36487 36719 37039 37431 37565
hawaii 36494 36563 36567 36735 37139 37635 38005 38488 38577 38808
hash 36494 36627 36676 36732 36809 37111 37133 37543 37723 37939 37953 38005 38178 38306 38488
hausdorff 36494
h\ 36495
h^ 36495
xit\tctrl+x 36496
hammerschlag 36505
hene 36505 37662 38110
833 36505 37201 37941 38714
hammerszlag 36505 37201 38404
842 36505 37201 37241 37332 38483
hirschprung 36505 36791 37332 37955 38184 38670
hep 36506
heart 36508 36730 36906 37233 37339 38090 38287 38360 38410
halftime 36511 36556 37304 37811 38804
xu 36517 36835 37520 38726
heaviest 36519 36883
hyperlinked 36521 36916 38633
huseynov 36521
hamiltonicity 36521
hurtado 36521 37227
80x86 36526 37111
hardest 36527 36621 38354
headquarters 36527 36945
herumi 36527
havvaei 36532 36756 37305 37894 38005
hamideh 36532
hom 36537 37914
homogeneous 36537 36676 37083 37538 37565 37914 38460
homhomogeneous 36537 37914
875 36539 37201 38417
hamburger 36539 37201
8386 36539 37173
8560 36539 37173
harper 36539 38488
heffron 36539
8003 36539 37173
8421 36539 37173
honey 36539
hirshl 36539
hattie 36539 37662 38233 38452
8632 36539 37173
huiatt 36539
holt 36539 38488
hackfest 36542 38831
huawei 36542
h21assignments 36545
hindele 36548
hirszsamson+frumet 36548
hawa 36548 36773 37332
heitner 36548
herstein 36548 36773 37278 38233 38714
859 36548 36992 37201 38233
holzapfel 36548 36791
herzhaft 36548
hirschenzweig 36548 37707
helmet 36562 36589 37127 37491 38098 38197 38257 38623 38809
hatfield 36563
hodac 36563
hung 36563 37734 38354
ho 36563 38488
haussler 36563
h5n1 36563
hoang 36563 36783 36944
hb 36563
hiv 36563 36847 38711
homopolymeric 36563
hanson 36563 37813 38488
hunter 36563 36566 38488
hadar 36566 36567 38090 38660
hsu 36566
hartung 36566
hiroe 36566
xibo 36566
haren 36566
hadil 36566
hypermedia 36567 36719 37139 37357 37796 37882 38410 38441
896 36567 37201
heimbigner 36567 37139 38132
xiping 36567
hypertext97 36567
819kb 36570
hotmetal 36571
hosting 36571 37352 37357 37566 38351 38784
henrik 36571 37422 37959 38410
heschel 36572 37201 37955
hazel 36579 37139 38452 38756
hosts 36601 36927 37087 38128 38570 38737
hackathon 36605 36945
hackers 36605 37222 37269 38074 38278 38488
herszlowicz 36608
hades 36608 37201
845 36608 37201 38110
hangouts 36611 38274
hardcopy 36617 37926
handles 36617 36732 36905 37111 37422 37953 37990 38288 38306 38476
helpbrowser 36617
harming 36621
hackerspace 36623
hartooni 36623
huynh 36623 37520
8x8 36627 37233
hexadecimal 36627 37605 38476 38696
x^ 36627
hernando 36637 36847
helmholtz 36637
8889 36641 37173 38005
houses 36653 36731 37982 38106 38315
heavy 36653 36739 36886 37239 37380 37498 37658 38281
hor3 36653
hendy 36661 37677
hybrids 36662 37429 37815 38224
heristics 36662
8class 36662
halfadd 36672
hangout 36675 38807
hat 36676 37859 37898 37904 38021 38265 38286 38306 38473
xyz 36676 37538
hierachical 36676 37544
honoree 36677 37026
homology 36701
830 36710 37201 37955 38110
halem 36711
htcpcp 36717
hamelech 36718
horizon 36719 36927 36945 37368 38817
haimes 36719
holders 36719 37239 37344 37526 37913 37959 38090 38274 38633 38767
hostile 36719 37142
hue 36720 38087 38724
hopcroft 36724
hypertree 36726
hammock 36727 38112
858kb 36727
hey 36730 37154
handy 36730 37111 37154 37380 37469 37658 37907 37926 38490
xor 36730 36809 37953 38154
xanadu 36732
xml 36732 37047 37552 37657 37726 37791 37801 37981 38024 38055 38441 38472 38534 38702 38784 38824
hamilton 36732 36883 37139 38005 38410 38488 38631 38638 38820
hoped 36732
ht 36732 37201
hammad 36735
hamid 36735 37477 37755
xiao 36735 36835
hong 36735 36965 38263 38417 38488 38547
hyderabad 36735
holger 36735
hausi 36735
hassan 36735 38831
harshini 36735 36835
hossein 36735 37565
hashimoto 36735
handheld 36735 38758
himalaya 36737
harvest 36737 36739 37724
harlequin 36739
herein 36739 37953 38306
872522 36739
harmonics 36739
highs 36739
hosek 36739
hmd 36739
halved 36739
hundred 36739 37728 37961 38465 38780
hardly 36739 36877 38078
8925 36739 37173
hancock 36739
hh 36739 37525
hadn 36743 38511
handedly 36743
hobbies 36743
henoch 36749 36791 37241 37943 38110 38233 38404 38417
hartuch 36749 37201
henryka 36749 37100 37600
hela 36749 37941 38110 38184 38233
837kb 36752 37553
x\ 36755
hidden 36757 37153 37210 37384 37744 37815 37882 38090 38488 38490 38535 38796
harsh 36757 38193 38288
hao 36760 36835
hover 36760 37233 37260
huy 36760
honorable 36760 36945 37355
histograms 36763 37790
heightimage 36763 37020 37790
x=a+y=b+z=c 36768
8724 36773 37173
849 36773 37201 38137
hanny 36773 36831 37201 37516 37600 38670
haskiel 36773 37201 37539 38670
hansi 36773
heterogeneity 36781 37565
hai 36783 36835 38137
hourse 36783
honestly 36783 37894 38376
8423 36785 37173
hilfstein 36791
877 36791 37100 37201 37470
894 36791 37188 37201
864 36791 37201
831 36791 37201 37955 38620
henri 36791 38023 38093 38110 38184 38714
henne 36791 37201 37516 37662 38110 38483
havel 36791
halberstein 36791
hena 36791 37941 37955 38820
huppert 36791 38137
hans 36791 37941 38670
hoffmann 36791 37311 38289
826 36791 37201 37332 37866 38184 38670
huttinger 36791 37201
878 36791 37201 38110
hilary 36791 37741
hayes 36793 36813 36945 36989 37564 38005 38488 38522 38670
harassment 36793 37333
hallways 36793
headlines 36794 37087 37210
hops 36795
hertzig 36801 36909 36929 38620
hofrochter 36801
hoping 36802
halves 36809 38143
hicel 36811 37819
hayesg 36813
hermans 36813
horizontally 36822 37990 38280
herik 36822
huntjens 36822
826kb 36826
herzig 36831
hennenberg 36831
horiz9 36832
xiaomi 36835
hsiao 36835
hongjian 36835
xingdong 36835
xuan 36835
huddar 36835
harijanto 36835
hou 36835 38488
horie 36835
habitat 36835
hareshkumar 36835
huan 36835
xue 36835
harun 36835 37520
xiaofeng 36835
haji 36835
hubail 36835
han 36835 38758
xiaoli 36841
huffman 36847 38488 38746
heins 36847
hangul 36847
hitchbot 36847
hitchhiking 36847
xxxx 36847
hyphen 36847 37744
homewood 36849
he's 36862
רב 36862
ר 36862
888 36877 37188 37201 37662
hurt 36877 37623 37744 38195 38278 38300 38334 38419
85–101 36883 38615
halving 36883 38266
halfspaces 36883
83–86 36883
hexahedral 36883 38005
hinged 36883
hinges 36883
hexagon 36883 38005
853–861 36883 37399
hardness 36883 37399 38005
heraklion 36883 37399
hexagonal 36883 37399 38114
hadwiger 36883
hyperconvexity 36883 38005
hyperconvex 36883 38005
81–99 36883
halin 36883 37399 38005
heap 36883 37083 37380 37511 37723 38005 38306 38460 38462
hoveling 36886
hardening 36890 37750
harshly 36891
hesse 36892 37819
halim 36894
xar 36894
histc 36897
hitsc 36897
hartuck 36898
892 36898 37100 37201
872 36900 37201
85+90+77 36905
humanity 36906 37292 37503 38090 38673
hurricanes 36906
haniser 36909
henke 36909
834 36909 37201 37941 38093 38417
helical 36913 37813
hammer 36913 37260 38557
horn 36913 37866 38023 38137 38224 38268
helicoid 36913 38268
xah 36913 37813
helices 36913 37813
xw 36923
8p+13q 36923
xy 36926 38282
himself 36927 37002 37233 38111 38631
805 36927 37201 37600 37920
heresy 36927
hopelessly 36927 38419
hollerith 36927
headings 36927 37393
homesteads 36927
821 36927 37201 38093
850 36927 37201 37349 37955
hdr 36927
hhmmss 36927
henek 36929 38110
hertz 36929 36945 37201 38110 38472
h92 36933
hershberger 36933
hs91 36933
hr98 36933
hubert 36933 38282
hyperplane 36933 38005
hearn 36939 38005
xiii 36941
892kb 36942
hunt 36945 37357 38490
88th 36945
hackathons 36945
hailed 36945
hackerspaces 36945
xin 36945
xsede 36945
homeowners 36945
hfd 36945
honoring 36945
hakan 36945 38670
hacigümüs 36945
htc 36945
hacked 36945
hawaiian 36946 37813
horses 36950
hack 36950 38090
hell 36950
hari 36957 37299
hild 36964
homer 36966 37908
hooks 36983 38472
hellbent 36986
hanreich 36988
haverlock 36988
hoanglong 36988
huong 36988
hac 36989
hoofnagle 36989
853 36992 37201 37241
herszlikiewicz 36992
husain 36994
hellenes 37002
hearers 37002
huddle 37003
hokusai 37004
hanzo 37017
hoey 37019 37183 38488
hinted 37019
811kb 37035
hospitalized 37061
hazed 37064 37766
horiz10 37064
hitomi 37067 37139 38376
highlight 37082 37087 37352 37413 37425 38272 38351 38621
heidi 37087
humbling 37087
hussain 37087
hanging 37098 37723 38396
hsv 37099
xk 37099
xlabel 37099
846 37100 37201 38670
832 37100 37201 37332 37707
891 37100 37201 37662
8254 37111 37173
h's 37111
hz 37111
xia 37128
xiz 37128
xca 37128
xcz 37128
xpa 37128
xpz 37128
xta 37128
xtz 37128
xifcb 37128
xifu 37128
xifl 37128
xifm 37128
xifce 37128
xib 37128
xcb 37128
xc 37128
xce 37128
xob 37128
xo 37128
xoe 37128
xofb 37128
xof 37128
xofe 37128
xz 37128
81mm 37130 37935
hueristic 37133
hashmaps 37133
heigh 37133
hashmap 37133 37380
harness 37134
xadl 37139 38441
holly 37139
hildreth 37139
hymn 37139
x440p 37142
homecoursesteaching 37150
hallmarks 37154 37339 37990
hotmail 37165 38756
8001 37173
8002 37173
8004 37173
8005 37173
8006 37173
8007 37173
8008 37173
8009 37173
8010 37173 38488
8011 37173
8012 37173
8013 37173
8014 37173
8015 37173
8016 37173
8017 37173
8018 37173
8020 37173
8021 37173
8022 37173
8023 37173
8024 37173
8025 37173
8026 37173
8027 37173
8028 37173
8029 37173
8030 37173
8031 37173
8032 37173
8033 37173
8034 37173
8035 37173
8036 37173
8037 37173 37399
8038 37173
8039 37173
8040 37173
8041 37173
8042 37173
8043 37173
8044 37173
8045 37173
8046 37173
8047 37173
8048 37173
8049 37173
8050 37173
8051 37173
8052 37173
8053 37173
8054 37173
8055 37173
8056 37173
8057 37173
8058 37173
8059 37173
8060 37173
8061 37173
8062 37173
8063 37173
8064 37173 38527
8065 37173
8066 37173
8067 37173
8068 37173 38527
8069 37173
8070 37173
8071 37173
8072 37173
8073 37173 38527
8074 37173
8075 37173
8076 37173
8077 37173
8078 37173
8079 37173
8080 37173 38306 38824
8082 37173
8083 37173
8084 37173
8085 37173
8086 37173
8087 37173
8088 37173
8089 37173
8090 37173
8091 37173
8092 37173
8093 37173
8094 37173
8095 37173
8096 37173
8097 37173
8098 37173
8099 37173
8100 37173
8101 37173
8102 37173
8103 37173
8104 37173
8105 37173 38488
8106 37173
8107 37173
8108 37173
8109 37173
8110 37173
8111 37173
8112 37173
8113 37173
8114 37173
8115 37173
8116 37173
8117 37173
8118 37173
8119 37173
8120 37173
8121 37173
8122 37173
8123 37173
8124 37173
8125 37173
8126 37173
8127 37173
8128 37173
8129 37173
8130 37173
8131 37173
8132 37173
8133 37173
8134 37173
8135 37173
8136 37173
8137 37173
8138 37173
8139 37173
8140 37173
8141 37173
8142 37173
8143 37173
8144 37173
8145 37173
8146 37173
8147 37173
8148 37173
8149 37173
8150 37173
8151 37173 38527
8152 37173
8153 37173
8154 37173
8155 37173
8156 37173
8157 37173
8158 37173
8159 37173
8160 37173
8161 37173
8162 37173
8163 37173
8164 37173
8165 37173
8167 37173
8168 37173
8169 37173
8170 37173
8171 37173
8172 37173
8173 37173
8174 37173
8175 37173
8176 37173
8177 37173
8178 37173
8179 37173
8180 37173
8181 37173
8182 37173
8183 37173
8184 37173
8185 37173
8186 37173
8187 37173
8188 37173
8189 37173
8190 37173
8191 37173
8192 37173 37953
8193 37173
8194 37173
8195 37173
8196 37173
8197 37173
8198 37173
8199 37173
8200 37173
8201 37173
8202 37173
8203 37173
8204 37173 38527
8205 37173
8206 37173
8207 37173
8208 37173
8209 37173
8210 37173
8211 37173
8212 37173
8213 37173
8214 37173
8215 37173
8216 37173
8217 37173 38527
8218 37173
8219 37173
8220 37173
8221 37173
8222 37173
8223 37173
8224 37173
8225 37173
8226 37173
8227 37173
8228 37173
8229 37173
8230 37173
8231 37173
8232 37173
8233 37173
8234 37173
8235 37173
8236 37173
8237 37173
8238 37173
8239 37173
8240 37173
8241 37173
8243 37173
8244 37173
8245 37173
8246 37173
8247 37173
8248 37173
8249 37173
8250 37173
8251 37173
8252 37173
8253 37173
8255 37173
8256 37173
8257 37173
8258 37173
8259 37173
8260 37173
8261 37173
8262 37173
8263 37173
8264 37173
8265 37173
8266 37173
8267 37173
8268 37173
8269 37173
8270 37173
8271 37173
8272 37173
8273 37173
8274 37173
8275 37173
8276 37173
8277 37173
8278 37173
8279 37173
8280 37173
8281 37173
8282 37173
8283 37173
8284 37173
8285 37173
8286 37173
8287 37173
8288 37173
8289 37173
8290 37173
8291 37173
8292 37173
8293 37173
8294 37173
8295 37173
8296 37173
8297 37173
8298 37173
8299 37173
8300 37173
8301 37173 38753
8302 37173
8303 37173
8304 37173
8305 37173
8306 37173
8307 37173
8308 37173
8309 37173
8310 37173
8311 37173
8312 37173
8313 37173
8314 37173
8315 37173
8316 37173
8317 37173
8318 37173
8319 37173
8320 37173
8321 37173
8322 37173
8323 37173
8324 37173
8325 37173
8326 37173
8327 37173
8328 37173
8329 37173
8330 37173
8331 37173
8332 37173
8333 37173
8334 37173
8335 37173
8336 37173
8337 37173
8338 37173
8339 37173
8340 37173
8341 37173
8342 37173
8343 37173
8344 37173
8345 37173
8346 37173
8347 37173
8348 37173
8349 37173
8350 37173
8351 37173
8352 37173
8353 37173
8354 37173
8355 37173
8356 37173
8357 37173
8358 37173
8359 37173
8360 37173
8361 37173
8362 37173
8363 37173
8364 37173
8365 37173
8366 37173
8367 37173
8368 37173
8369 37173
8370 37173
8371 37173
8372 37173
8373 37173
8374 37173
8376 37173
8377 37173
8378 37173
8379 37173
8380 37173
8381 37173
8382 37173
8383 37173 38527
8384 37173
8385 37173
8387 37173
8388 37173
8389 37173
8390 37173
8391 37173
8392 37173
8393 37173
8394 37173
8395 37173
8396 37173
8397 37173
8398 37173
8399 37173
8400 37173
8401 37173
8402 37173
8403 37173
8404 37173
8405 37173
8406 37173
8407 37173
8408 37173
8409 37173
8410 37173
8411 37173
8412 37173
8413 37173
8414 37173
8415 37173
8416 37173
8417 37173
8418 37173
8419 37173
8420 37173
8422 37173
8424 37173
8425 37173
8426 37173
8427 37173
8428 37173
8429 37173
8430 37173
8431 37173
8432 37173
8433 37173
8434 37173
8435 37173
8436 37173
8437 37173
8438 37173
8439 37173
8440 37173
8441 37173
8442 37173
8443 37173
8444 37173
8445 37173
8446 37173
8447 37173
8448 37173
8449 37173
8450 37173
8451 37173
8452 37173
8453 37173
8454 37173
8455 37173
8456 37173
8457 37173
8458 37173
8459 37173
8460 37173
8461 37173
8462 37173
8463 37173
8464 37173
8465 37173
8466 37173
8467 37173
8468 37173 38527
8469 37173
8470 37173
8471 37173
8472 37173
8473 37173
8474 37173
8475 37173
8476 37173
8477 37173
8478 37173
8479 37173
8480 37173
8481 37173
8482 37173
8483 37173
8484 37173
8485 37173
8486 37173
8487 37173
8488 37173
8489 37173
8490 37173
8491 37173
8492 37173
8493 37173
8494 37173
8495 37173
8496 37173
8497 37173
8498 37173
8499 37173
8500 37173
8501 37173 38753
8502 37173
8503 37173
8504 37173 38005
8505 37173
8506 37173 38527
8507 37173
8508 37173
8509 37173
8510 37173
8511 37173
8512 37173
8513 37173
8514 37173
8515 37173
8516 37173
8517 37173
8518 37173
8519 37173
8520 37173
8521 37173
8522 37173
8523 37173
8524 37173
8525 37173
8526 37173
8527 37173
8528 37173
8529 37173
8530 37173
8531 37173
8532 37173
8533 37173
8534 37173
8535 37173
8536 37173
8537 37173
8538 37173
8539 37173
8540 37173
8541 37173 38753
8542 37173 38753
8543 37173
8544 37173
8545 37173
8546 37173
8547 37173
8548 37173
8549 37173
8550 37173
8551 37173
8552 37173
8553 37173
8554 37173
8555 37173
8556 37173
8557 37173
8558 37173
8559 37173
8561 37173
8562 37173
8563 37173
8564 37173
8565 37173
8566 37173
8567 37173
8568 37173
8569 37173
8570 37173
8571 37173
8572 37173
8573 37173
8574 37173
8575 37173
8576 37173
8577 37173
8578 37173
8579 37173
8580 37173
8581 37173
8582 37173
8583 37173
8584 37173
8585 37173
8586 37173
8587 37173
8588 37173
8589 37173
8590 37173
8591 37173
8592 37173
8593 37173
8594 37173
8595 37173
8596 37173
8597 37173
8598 37173
8599 37173
8600 37173
8601 37173
8602 37173
8603 37173
8604 37173
8605 37173
8606 37173
8607 37173
8608 37173
8609 37173
8610 37173
8611 37173
8612 37173
8613 37173
8614 37173
8615 37173
8616 37173
8617 37173
8618 37173
8619 37173
8620 37173
8621 37173
8622 37173
8623 37173
8624 37173
8625 37173
8626 37173
8627 37173
8628 37173
8629 37173
8630 37173
8631 37173
8633 37173
8634 37173
8635 37173
8636 37173
8637 37173
8638 37173
8639 37173
8640 37173
8641 37173
8642 37173
8643 37173
8644 37173
8645 37173
8646 37173
8647 37173
8648 37173
8649 37173
8650 37173
8651 37173
8652 37173
8653 37173
8654 37173
8655 37173
8656 37173
8657 37173
8658 37173
8659 37173
8660 37173
8661 37173
8662 37173
8663 37173
8664 37173
8665 37173
8666 37173
8667 37173
8668 37173
8669 37173
8670 37173
8671 37173
8672 37173
8673 37173
8674 37173 37592
8675 37173
8676 37173
8677 37173
8678 37173
8679 37173
8680 37173
8681 37173
8682 37173
8683 37173
8684 37173
8685 37173
8686 37173
8687 37173
8688 37173
8689 37173
8690 37173
8691 37173
8692 37173
8693 37173
8694 37173
8695 37173
8696 37173
8697 37173
8698 37173
8699 37173
8700 37173
8701 37173
8702 37173
8703 37173
8704 37173
8705 37173
8706 37173
8707 37173
8708 37173
8709 37173
8710 37173
8711 37173
8712 37173
8713 37173
8714 37173
8715 37173
8716 37173
8717 37173
8718 37173
8719 37173
8720 37173
8721 37173
8722 37173
8723 37173
8725 37173 38527
8726 37173
8727 37173
8728 37173
8729 37173
8730 37173
8731 37173
8732 37173
8733 37173
8734 37173
8735 37173
8736 37173
8737 37173
8738 37173
8739 37173
8740 37173
8741 37173
8742 37173
8743 37173
8744 37173
8745 37173
8746 37173
8747 37173
8748 37173
8749 37173
8750 37173
8751 37173
8752 37173
8753 37173
8754 37173
8755 37173
8756 37173
8757 37173
8758 37173
8759 37173
8760 37173
8761 37173
8762 37173
8763 37173
8764 37173
8766 37173
8767 37173
8768 37173
8769 37173
8770 37173
8771 37173
8772 37173
8773 37173
8774 37173
8775 37173
8776 37173
8777 37173
8778 37173
8779 37173
8780 37173
8781 37173
8782 37173
8783 37173
8784 37173
8785 37173
8786 37173
8787 37173 38527
8788 37173
8789 37173
8790 37173
8791 37173 38527
8792 37173
8793 37173
8794 37173
8795 37173
8796 37173
8797 37173
8798 37173
8799 37173
8800 37173
8801 37173 38753
8802 37173
8803 37173
8804 37173
8805 37173
8806 37173 38233
8807 37173
8808 37173
8809 37173
8810 37173
8811 37173
8812 37173
8813 37173
8814 37173
8815 37173
8816 37173
8817 37173
8818 37173
8819 37173
8820 37173
8821 37173
8822 37173
8823 37173
8824 37173
8825 37173
8826 37173
8827 37173
8828 37173
8829 37173
8830 37173
8831 37173
8832 37173
8833 37173
8834 37173
8835 37173
8836 37173
8837 37173 38233
8838 37173
8839 37173
8840 37173
8841 37173 38753
8842 37173 38753
8843 37173 38452
8844 37173
8845 37173
8846 37173 38233
8847 37173
8848 37173
8849 37173
8850 37173
8851 37173
8852 37173
8853 37173
8854 37173
8855 37173
8856 37173
8857 37173
8858 37173
8859 37173
8860 37173
8861 37173
8862 37173
8863 37173
8864 37173
8865 37173
8866 37173
8867 37173
8868 37173
8869 37173
8870 37173
8872 37173
8873 37173
8874 37173
8875 37173
8876 37173
8877 37173
8878 37173
8879 37173
8880 37173
8881 37173
8882 37173
8883 37173 38527
8884 37173
8885 37173
8886 37173
8887 37173
8888 37173
8890 37173
8891 37173
8892 37173
8893 37173
8894 37173
8895 37173
8896 37173
8897 37173
8898 37173
8899 37173
8900 37173
8901 37173 38753
8902 37173
8903 37173
8904 37173
8905 37173
8906 37173
8907 37173
8908 37173
8909 37173
8910 37173
8911 37173
8912 37173
8913 37173
8914 37173
8915 37173
8916 37173
8917 37173
8918 37173
8919 37173
8920 37173
8921 37173
8922 37173
8923 37173
8924 37173
8926 37173
8927 37173
8928 37173
8929 37173
8930 37173
8931 37173
8932 37173
8933 37173
8934 37173
8935 37173
8936 37173
8937 37173
8938 37173
8939 37173
8940 37173
8941 37173
8942 37173
8943 37173
8944 37173
8945 37173
8946 37173
8947 37173
8948 37173
8949 37173
8950 37173
8951 37173
8952 37173
8953 37173
8954 37173
8955 37173
8956 37173
8957 37173
8958 37173
8959 37173
8960 37173
8961 37173
8962 37173
8963 37173
8964 37173
8965 37173
8966 37173
8967 37173
8968 37173
8969 37173
8970 37173
8971 37173
8972 37173
8973 37173 38005
8974 37173
8975 37173
8976 37173
8977 37173
8978 37173
8979 37173
8980 37173
8981 37173
8982 37173
8983 37173
8984 37173
8985 37173
8986 37173
8987 37173
8988 37173
8989 37173
8990 37173
8991 37173
8992 37173
8993 37173
8994 37173
8995 37173
8996 37173
8997 37173
8998 37173
8999 37173
hazmat 37174 37524
humboldt 37183 37352 37355 37435 38351
hankie 37183
handkerchief 37183
huttar 37183
handwriting 37187
heutel 37188 37278
hs 37201 37828
houseowner 37201
honigbaum 37201 38233
handel 37201 38137
herzel 37201
hirschel 37201 37955 38137
haubensztok 37201
hycel 37201
henuch 37201 38732
865 37201 37955
herzki 37201
848 37201 37600 38714
henna 37201 37741 37876
hentsche 37201 38820
hizel 37201
hirschfeld 37201 37600 38023 38110 38670
hotzner 37201
82b 37201
hebald 37201 38137
heldbrand 37201
hindy 37201
haser 37201
867 37201
heilman 37201 38110
herschlin 37201
814 37201 37278 38184 38233
817 37201 37866 38398 38714 38820
802 37201 37943 38306
804 37201 38093 38110 38417
818 37201 37941 37955
822 37201
823 37201
824 37201 37600 37955 38184 38483
825 37201 38023
828 37201 37332 38023
829 37201 37941
854 37201 37600
835 37201 37278
839 37201 37332 37580 37941 38093
847 37201 37600
85b 37201
851 37201 38417
855 37201
862 37201
863 37201
868 37201 37470 38732
870 37201 38110
hatzedek 37201
871 37201 37332 37600 38404
873 37201 37866 37941 38085
874 37201 37941 38085
876 37201 37600 37707 38398 38732
879 37201 37741
880 37201
881 37201 37941 37943
882 37201 38306 38714
883 37201 37516
885 37201 37600 38137
887 37201 38417 38483
889 37201 37600
893 37201 38093 38732
897 37201
898 37201 38093 38233
hahndel 37201
hirszka 37201
heilpron 37201
horowicz 37201 38137
hindi 37201
herzog 37201 37866
himmelblau 37201 37539 38093 38137 38184 38417 38612 38820
honig 37201 38314
hirsche 37201
hadas 37201 37866 38417
hirzki 37201
halldorsson 37208
hydroelectric 37210
x+=step 37213
x+h 37213
85–108 37229 37399
heavily 37233 37538 37592 37926 38306 38619
∨ 37236 37549
holder 37239 37344 37422 37526 38274 38633 38767
hershkowitz 37241
hammersmith 37241
hendon 37241 37662 37955 38093
hadassah 37241
heszel 37241 37600 38714
hugin 37242 37815
hoovering 37254
handout 37260 37926
hetty 37269
hostages 37269
hoczner 37278 37741 38670 38820
hocaust 37278
hadasa 37278 38820
θmin 37281
θ 37281 37723 38240
θ2=θ+1 37281
≈ 37281
θy 37281
θ9 37281
θ2+θ 37281
θ5 37281
hardestyfour 37284
hippopotamus 37287
harel 37299
hester 37299 38488
8am 37308
here—beginning 37320
806532 37329
813531 37329
817938 37329
818034 37329
823836 37329
832333 37329
857329 37329
864627 37329
885828 37329
8890131 37329
893624 37329
heather 37332 37662 37941 38023
hodges 37332 38114
hilde 37332
hostility 37333
harnessing 37333
860kb 37337
homochiality 37339
homochirality 37339
holander 37349 38023
haarlem 37349
hamel 37349
hosub 37355
xinru 37355
hci04 37355
horvath 37355
hawkey 37355
halifax 37355 37399 37976 38005 38800
hassle 37356
hypertexts 37357 37801
halasz 37357
hypertext'91 37357
haake 37357 38410
hicks 37357 38410
hypertext'96 37357 37796 38410
østerbye 37357
hyperpro 37357
hänßgen 37357
horrible 37368
hugely 37368
882kb 37370
hrs 37380
hephaestus 37384
870kb 37388 37686
hesitant 37393
helpfully 37393
heal 37398 37441
hereditary 37399 38005
hasse 37399 38005
hanauer 37399
87–98 37399
805–824 37399
homotopy 37399
http11 37422
82820861 37424
82003526 37424
82333611 37424
82626025 37424
81844907 37424
81776684 37424
83121503 37424
82215304 37424
81999420 37424
82470350 37424
homebrew 37425
healthempowering 37431
hetz 37435
hornbill 37448
heaps 37458 37543 37939
h197 37468
hasan 37469
hasanc 37469
happily 37469
hamann 37476
hinter 37476
hargrove 37476
highways 37476
hiller 37476
heterogeneities 37476
halfspace 37476
haataja 37476
xhtml 37497
hipub 37498
hojjat 37498
hanni 37516
helina 37516
hib 37520
xigui 37520
hanver 37520
hires 37521
863kb 37522
harms 37526
xfinity 37526
holybible 37538
howbig 37538
x+1 37538 38507
holy 37538 38570
herschl 37539
hyman+rose 37539
hikm 37544 38460
hardened 37556 37926
h7 37558
h14 37558
h19 37558
h25 37558
h29 37558
haynes 37559 37680
8q4 37562
hero 37564
herkersdorf 37565
hosseini 37565
hmp 37565
hmps 37565
henkel 37565
hipp 37566
highf 37580
highf=50 37580
xlab= 37580
xlim=c 37580
homomorphism 37587
haskel+nichy 37588
hochgelertner 37588
hsrm 37590 37775 37831 37979
87152 37592
henche 37600
hiera 37600
heitler 37600
henryetta 37600
herschfeld 37600
hex 37605 37737 38114 38696
horiztontal 37605
x=79 37605
x=257 37605
x=82 37605
x=263 37605
x=85 37605
x=269 37605
x=88 37605
x=275 37605
hotham 37625
heilbron 37625 38233
hideo 37635
hiraki 37635
hiroshi 37635
hironori 37635
hwswpartition 37643
headsets 37644
hypotheses 37644 37762 38282 38556
xslt 37657 38055
x×y 37657
x∈x 37657
∈γ 37657
x→y 37657
hasmoredata 37658
hilarity 37658
ham 37662 37813
hortense 37662
holborn 37662
henry+terez 37662
hounslow 37662
henny 37662
hencia 37662
haskellexamples1 37669
84mm 37682 38386
huntingtin 37695
hd 37695
x' 37705
herschenzweig 37707
hirshenzweig 37707
heilporn 37707
halporn 37707
hüseynov 37709 38016
hashes 37723 38306 38507
hattori 37734
xilinx 37735
houston 37741 38427 38758
henry+rose 37741
hank 37741
holland 37741 37895 38023 38110 38488
horace 37741
hoyt 37741 38314
hurts 37744 37789 38334
xl 37757 38076
xlim 37757
hieger 37758
hall2013 37762
highway 37762 38808
hmwk6 37762
862kb 37766
xetex 37775
xelatex 37775
hypertext'99 37796
hypertext'97 37796
847kb 37804
heavenly 37813
henderson 37813
halexandria 37813
hébert 37813
hourglass 37813
herds 37813
hilltop 37813
hawkins 37813
hauke 37813
heckerman 37815
horvitz 37815
hovel 37815
hadi 37815
hop 37822
x64 37829
hoekprofessor 37846
x46188 37863
hien 37863
hienpark 37863
hin 37864
80b 37866
hava 37866
hackes 37876
herschman 37876
hooked 37882
xms 37882
hotjava 37882
heavyweight 37882 38533
heartbeat 37882
hypothesize 37882
hsia 37884
x2 37894 38032 38282
x1 37894 38032
homeowork 37894
handwrite 37894
homwork 37894
x^2 37894
hats 37904
xv6 37907 38286 38459 38763
harbour 37910
hula 37917
hooper 37917
83mm 37918
hencza 37920
hacks 37926
harsher 37926
hillside 37930
heightheight 37931
hightstown 37941
hartford 37941
hemien 37941
hechter 37943
xmas 37944
huber 37948
hsize 37953
harpo 37953
htab0 37953
htab1 37953
htab2 37953
htab3 37953
htab4 37953
htab5 37953
htab6 37953
htab7 37953
htab8 37953
htab 37953
htabof 37953
hshift 37953
hshift++ 37953
hunk 37953
htab+hsize 37953
hadera 37955 38110
hister 37955
hirsprung 37955
haje 37955
hirschnat 37955
hewitt 37959 38488
hegemonic 37961
heteronormative 37961
h2 37981
height=100 37981
href= 37981 38550
8has 37996 38554
hemachandra 38005
892nd 38005
houdini 38005
83–92 38005
hodorkovsky 38005
hesterberg 38005
helsinki 38005
809kb 38009
hyde 38023 38184 38488
herbst 38023
haag 38023
hendrik 38023
hajje 38023
heriberta 38023
873kb 38026
xn 38032
80° 38055
hudupd 38055
huddown1 38055
huddown2 38055
heninger 38055
hale 38057
hindla 38057 38085
hauff 38057
horodlo 38059
hrubieszow 38059
huta 38059
harvested 38074
haraway 38078
hodgkin 38078
horobin 38078
holmes 38081 38291
hasnext 38084
80530 38085
haskel 38085
hermann 38085 38110
haubenstock 38085 38670
honorees 38090
hochberger 38093
hove 38093
holetown 38106 38315
hyatt 38107
hanizer 38110
hirshprung 38110
haber 38110
hochschuler 38110 38417
hala 38110
hochwald 38110
hereinafter 38111
hugh 38114 38213
hamlyn 38114
hearted 38114
hasami 38114
hoppers 38114
83a 38114
83b 38114
xiangqi 38114
hsiang 38114
hor2 38115
hijacking 38127
humble 38135 38413
hostmaster 38135
handing 38136 38194 38288 38350
x+y 38136
hanover 38137
hertha 38137
harrison 38137 38488
hutt 38137
hambrusch 38138
hypothesis–about 38143
80n 38143
xxx 38145 38527
horatius 38145
halbreich 38184
haphazardly 38193
813kb 38212
hefner's 38213
xmodem 38213
hyertext 38213
xiaohong 38219
hogwarts 38223
829kb 38230 38640
hilfred 38233
hasenlauf 38233
horner 38235
82mm 38247 38648
horiz 38250
hsiung 38263
hams 38265
handcrafted 38268
hoaxers 38268
helaman 38268
heptagon 38268
hyperspace 38268
hart's 38268
hoberman 38268
houtrust 38268
hyperboloid 38268
hypergami 38268
harshbarger 38268
htm 38268
helpers 38268 38533
hess 38268
xdelete 38279
xmeans 38279
xiv 38284
xforms 38284
8010b50c 38286
8010b4e0 38286
headless 38286
hw2 38286
8mm 38287
hues 38287
hanks 38287
humbled 38287
895kb 38302
hexdigit 38306
htonl 38306
htons 38306
hostname 38306
hojda 38314
hojdi 38314
haciendings 38314
harryarthur 38314
8pm 38321
hildenbrand 38330
hourly 38334
hinge 38348
hinder 38354
xscale 38375
heck 38376
huffington 38396
hofer 38398
holzgrun 38398
harer 38404
haare 38404
hallam 38410
handful 38413 38631
hencze 38417
hader 38417
hauptschein 38417
heuberger 38417
hilda 38417 38452
hummel 38419
howie 38427
hri 38441
hessling 38452
histogramtracecomparisons 38471
havoc 38472
horse 38478 38546 38734
hanyzer 38483 38820
hentcze 38483
hitchhiker 38488
halftone 38488
hedin 38488
holography 38488
holograms 38488
x3 38488
x3l2 38488
hughes 38488
hubnet 38488
hillsdale 38488
heinz 38488
horspool 38488
hercules 38488
hasemar 38488
heineman 38488
hanko 38488
85635 38488
handicapped 38488
hagelbarger 38488
halbert 38488
hammond 38488
harth 38488
harvester 38488
hartigan 38488
hartley 38488
hasling 38488
haugeland 38488
hays 38488
heath 38488
heckbert 38488
hendrix 38488
hibbard 38488
hiltz 38488
hintikka 38488
ha 38488
hosticka 38488
hovy 38488
hutchings 38488
houghton 38488
harley 38488
hutchinson 38488
hight 38488
hupp 38488
humphries 38488
xprobe 38488
hildesheim 38488
harmony 38488
xerox\|corp 38488
hemisphere 38488
horsepower 38490
headphones 38490
helpdesk 38490
hina 38498
hashx 38507
xbox 38522
helmets 38532 38623
hurdles 38533
xs 38533
hassubs 38535
hulk 38540
huf 38547
hrk 38547
hkd 38547
heterogenous 38570 38758
xianghua 38577
href=http 38577
hiroko 38577
hkust 38577
hanlin 38609
homebound 38618
henrryk 38620
haven't 38621
880kb 38623
hypertextual 38633
halevy 38633
hernandez 38633
hellerstein 38633
hypermail 38638
hut 38648
xit 38653 38671
highlife 38665
holbrookcontact 38669
hermina 38670
helmy 38670
hjalmar 38670
hede 38670
hugosson 38670
hoglund 38670
helmer 38670
hendli 38670
856kb 38674
hawk 38686
hippie 38698
houtan 38702
xiaochun 38702
historgram 38703
holden 38714
herzfeld 38714
hemet 38714
horwich 38714
hrad 38723
xiaobo 38726
historically 38735 38746
833kb 38744
xresolution 38746
hgt 38753
80001 38753
80301 38753
80341 38753
80601 38753
80801 38753
80841 38753
81241 38753
81401 38753
81451 38753
81501 38753
81751 38753
82701 38753
83801 38753
83841 38753
83901 38753
83952 38753
80051 38753
80641 38753
80642 38753
80651 38753
81201 38753
81541 38753
81551 38753
81552 38753
81701 38753
81741 38753
82743 38753
82744 38753
83951 38753
xlinkit 38756
hpcc 38758
hyunok 38758
8g 38758
hw1 38763
halberstam 38769
honorarium 38770
hessian 38796
hinton 38796
hopscotch 38797
housewarming 38797
heartbreaker 38804
hotlist 38808
heirarchy 38812
ht=7ex 38815
ht=7cm 38815
hwang 38817
handwerk 38820
hameiri 38820
hager 38820
hortner 38820
holtzer 38820
86a 38820
883kb 38822
hydra 38831
hellman 38831
hankyong 38831
xianghong 38835
hickerson 38836
