kite 22195 22260 23517 24703
keep 22196 22213 22257 22331 22389 22398 22427 22435 22451 22480 22617 22664 22688 22712 22720 22764 22768 22794 22815 22854 22861 22893 22944 22956 22973 22975 22989 23034 23087 23090 23118 23237 23272 23291 23293 23297 23340 23348 23358 23398 23402 23430 23441 23444 23453 23474 23477 23480 23601 23656 23726 23744 23776 23783 23828 23880 23934 23949 23962 23994 24036 24037 24073 24106 24115 24131 24140 24146 24154 24157 24212 24281 24285 24313 24330 24333 24369 24397 24407 24419 24483 24487 24515 24550 24602 24630 24653 24658 24660 24681 24699 24706 24736 24746 24791 24822 24848 24852 24857 24965
kind 22196 22209 22213 22335 22371 22388 22389 22518 22568 22617 22656 22664 22688 22768 22778 22785 22790 22794 22829 22861 22866 22914 22960 22975 23028 23087 23158 23166 23197 23244 23287 23324 23348 23358 23367 23444 23480 23516 23588 23591 23645 23752 23801 23825 23828 23914 23934 23941 23955 23962 23979 23994 24001 24091 24114 24115 24168 24266 24281 24293 24313 24323 24334 24340 24355 24397 24407 24436 24445 24508 24514 24528 24681 24699 24701 24736 24746 24749 24822 24857 24899 24965
know 22198 22209 22213 22221 22228 22237 22257 22278 22331 22349 22371 22382 22388 22389 22398 22414 22421 22435 22469 22480 22485 22491 22503 22518 22551 22561 22568 22570 22595 22617 22663 22664 22666 22688 22691 22717 22720 22723 22785 22790 22794 22861 22863 22869 22914 22917 22944 22956 22960 22970 22975 22982 22989 23009 23087 23090 23134 23158 23166 23197 23237 23244 23293 23324 23358 23398 23402 23413 23420 23441 23453 23464 23474 23477 23480 23516 23537 23588 23598 23601 23603 23622 23645 23701 23726 23734 23752 23801 23828 23857 23872 23880 23881 23913 23934 23949 23955 23957 23962 23977 23991 23994 24001 24036 24037 24073 24099 24115 24125 24131 24133 24140 24168 24221 24252 24281 24313 24333 24355 24369 24376 24397 24407 24415 24419 24443 24463 24487 24508 24515 24528 24553 24602 24657 24660 24670 24671 24722 24732 24736 24755 24822 24833 24848 24852 24857 24940 24965
kernel 22200 22371 22709 23484 23746 23806 23893 23960 24037 24060 24077 24104 24177 24333 24597 24763 24866
kluwer 22200 23993
[ 22200 22209 22221 22235 22237 22257 22282 22290 22301 22302 22330 22336 22358 22375 22379 22382 22385 22389 22398 22408 22459 22474 22503 22507 22519 22526 22533 22561 22572 22585 22586 22588 22592 22595 22597 22631 22650 22664 22670 22677 22687 22707 22709 22712 22717 22723 22750 22768 22772 22778 22784 22790 22794 22825 22836 22859 22861 22863 22866 22882 22883 22893 22914 22936 22938 22940 22945 22946 22956 22962 22975 22990 23009 23015 23017 23018 23021 23028 23032 23041 23066 23080 23094 23101 23106 23121 23134 23155 23158 23166 23173 23175 23195 23197 23204 23206 23213 23236 23244 23254 23288 23293 23306 23315 23319 23325 23328 23340 23354 23367 23380 23381 23389 23402 23404 23420 23421 23430 23464 23471 23472 23474 23484 23487 23490 23501 23532 23534 23550 23567 23575 23588 23596 23601 23603 23606 23614 23623 23627 23665 23689 23698 23713 23728 23729 23742 23744 23754 23757 23764 23778 23784 23790 23796 23799 23803 23819 23836 23841 23846 23850 23857 23858 23872 23880 23883 23888 23914 23943 23949 23957 23958 23960 23962 23973 23981 23991 23993 23994 24009 24016 24028 24031 24036 24042 24060 24065 24074 24089 24096 24115 24126 24148 24157 24164 24168 24169 24176 24177 24221 24248 24266 24269 24275 24276 24281 24293 24296 24313 24318 24323 24330 24333 24335 24353 24355 24356 24357 24369 24374 24381 24384 24397 24398 24406 24407 24436 24440 24443 24444 24448 24489 24504 24508 24522 24525 24528 24538 24570 24585 24610 24627 24633 24644 24665 24671 24674 24681 24688 24713 24730 24732 24742 24746 24747 24772 24791 24793 24799 24805 24814 24816 24822 24833 24864 24882 24889 24899 24905 24909 24918 24936 24947 24956 24958 24960
known 22201 22209 22238 22257 22335 22349 22377 22567 22570 22595 22605 22611 22613 22656 22666 22794 22869 22917 22937 22982 23028 23062 23115 23118 23175 23223 23235 23260 23293 23368 23420 23430 23441 23472 23477 23480 23516 23661 23665 23725 23828 23831 23857 23872 23924 23949 23962 24002 24036 24051 24115 24169 24175 24212 24266 24333 24397 24485 24489 24508 24525 24528 24592 24651 24662 24746 24755 24909 24965
killing 22201 22371 22413 23625
+ 22209 22221 22235 22242 22282 22302 22330 22335 22336 22373 22389 22441 22469 22503 22519 22533 22585 22592 22597 22650 22656 22670 22688 22707 22825 22829 22861 22863 22866 22882 22883 22962 22968 22975 22982 22990 23009 23017 23101 23121 23166 23223 23241 23244 23254 23288 23319 23328 23381 23400 23420 23421 23471 23474 23480 23487 23490 23532 23534 23545 23550 23567 23575 23623 23637 23645 23689 23698 23713 23742 23752 23819 23828 23836 23850 23883 23918 23924 23926 23943 23949 23950 23960 23981 23990 23994 24009 24016 24028 24031 24065 24126 24140 24168 24177 24248 24266 24275 24281 24313 24318 24323 24333 24335 24341 24356 24381 24397 24406 24413 24444 24487 24504 24508 24559 24568 24601 24602 24627 24631 24644 24660 24662 24674 24746 24772 24793 24796 24805 24814 24816 24864 24889 24899 24918 24956 24960 24965
k 22209 22221 22302 22327 22469 22484 22503 22558 22638 22650 22709 22717 22829 22866 22902 23009 23011 23028 23157 23197 23290 23315 23326 23368 23395 23420 23430 23440 23454 23471 23495 23496 23515 23550 23588 23608 23865 23872 23891 23943 23960 23973 24009 24028 24159 24212 24275 24333 24349 24356 24416 24436 24538 24572 24573 24602 24631 24638 24746 24909
kn 22209
kids 22210 22244 22587 22615 22717 22778 22785 22860 22911 22936 23132 23291 23337 23424 23567 23802 24036 24263 24554 24559 24599 24668 24721 24786 24792
kay 22211 22230 22237 22332 22345 22348 22352 22391 22430 22435 22485 22496 22503 22506 22554 22559 22561 22568 22587 22592 22627 22639 22648 22650 22660 22664 22677 22696 22700 22717 22721 22741 22764 22766 22772 22776 22785 22809 22838 22860 22861 22867 22904 22936 22944 22947 22956 22970 22973 22978 22992 22995 23001 23034 23044 23069 23075 23084 23085 23087 23090 23129 23134 23144 23162 23176 23178 23237 23245 23253 23291 23335 23340 23348 23395 23398 23403 23422 23443 23504 23529 23534 23537 23538 23565 23598 23603 23611 23622 23628 23634 23651 23688 23701 23739 23763 23787 23835 23842 23895 23913 23914 23957 23995 24002 24028 24043 24051 24062 24064 24091 24092 24099 24106 24129 24136 24154 24187 24221 24225 24239 24267 24271 24293 24295 24301 24303 24308 24310 24314 24315 24382 24391 24448 24463 24469 24483 24498 24514 24572 24585 24599 24614 24618 24621 24625 24638 24660 24667 24671 24698 24706 24715 24722 24727 24739 24753 24767 24771 24791 24855 24868 24876 24878 24940 24941 24953 24958
keeping 22213 22273 22480 22648 22861 22869 22956 23441 23444 23480 23545 23588 23962 24037 24157 24266 24293 24313 24397 24407 24463
key 22213 22241 22310 22335 22346 22377 22389 22408 22450 22505 22617 22664 22712 22720 22762 22766 22794 22815 22860 22890 22936 22944 22960 22975 23009 23158 23173 23197 23215 23291 23293 23324 23453 23458 23474 23480 23601 23603 23606 23638 23677 23752 23806 23941 23943 23949 23962 24073 24087 24091 24114 24157 24175 24281 24293 24313 24333 24369 24384 24393 24397 24436 24445 24448 24462 24489 24528 24656 24657 24736 24899 24909
{ 22213 22221 22290 22330 22336 22358 22371 22389 22445 22469 22514 22533 22631 22687 22692 22709 22768 22770 22784 22859 22882 22893 22960 22962 22975 23009 23017 23018 23028 23029 23157 23195 23197 23203 23244 23254 23280 23288 23319 23324 23328 23369 23413 23420 23430 23471 23474 23484 23487 23550 23606 23623 23627 23698 23702 23713 23783 23796 23871 23949 23960 23962 23994 24009 24028 24070 24073 24176 24177 24266 24281 24296 24321 24334 24355 24356 24381 24397 24440 24489 24508 24528 24553 24573 24601 24602 24633 24649 24662 24665 24674 24730 24746 24805 24842 24864 24889 24934 24956 24965
kept 22213 22398 22829 23441 23444 23828 23962 24001 24303 24313 24445
kinds 22213 22345 22388 22389 22398 22595 22688 22720 22790 22893 22960 22975 23115 23158 23244 23324 23340 23422 23480 23734 23796 23828 23934 23962 23977 24001 24114 24115 24252 24281 24334 24340 24397 24407 24487 24489 24571 24592 24660 24699 24736 24746 24791 24822 24953 24965
+= 22213 22398 22768 22770 22861 22914 22962 23017 23018 23197 23272 23280 23471 23480 24157 24397 24822
kaufmann 22219 22375 23728 23993 24096 24644 24936
kaiserslautern 22227
kurdahi 22230
krakow 22235 22282 22302 22330 22336 22519 22533 22585 22592 22597 22608 22650 22707 22787 22882 22883 22990 23101 23121 23175 23288 23319 23328 23381 23532 23534 23550 23575 23623 23689 23713 23742 23819 23836 23850 23883 23924 23981 24016 24031 24065 24126 24248 24275 24318 24335 24356 24381 24406 24504 24644 24674 24772 24793 24805 24814 24864 24918 24956 24960
kliper 22235
kotow 22235
klasno 22235 22330 22533 22650 23575 23689 23850 24016 24065
kornreich 22235 23713 24814
klein 22235 22592 22917 22990 23175 23420 23534 24016 24169 24206 24356 24864
kraus 22235 23836 23883
korenhauzer 22235
krzecin 22235 22302
kolin 22235
kowel 22235
kleiman 22235
kopel 22235 23328 23532 23534 23857 24016 24169 24504 24644
krikorian 22237 23134
knowledge 22238 22257 22345 22354 22366 22375 22379 22450 22470 22474 22503 22518 22568 22588 22595 22611 22657 22691 22712 22717 22741 22773 22785 22794 22869 22914 22936 22944 22960 22973 23175 23235 23260 23398 23420 23441 23444 23446 23474 23480 23590 23601 23611 23651 23661 23728 23729 23759 23775 23801 23828 23857 23908 23924 23949 23991 23994 24036 24043 24070 24096 24154 24164 24169 24251 24252 24293 24313 24340 24366 24436 24462 24463 24489 24514 24528 24592 24625 24651 24680 24686 24688 24713 24742 24749 24776 24876 24936
任杰 22241 23574
kidding 22257
kayla 22261 22908 22995 23319 23756 23853 24227 24636 24678 24960
kline 22263 24036
kobsa 22273 22385 22559 22802 23090 23232 24049 24187 24293 24383
kumpost 22273
kosaraju 22281
kessler 22282 22900 23175
knopf 22282 23850 24016 24275 24814
karol 22282 22336 22519 22592 24065 24275 24864
kalman 22282 22585 22592 22650 22883 23101 23175 23288 23319 23328 23381 23534 23623 23713 24016 24031 24275 24318 24356 24644 24674 24793 24805 24864 24918
kate 22282 22519 22698 23963
kunstler 22282 22592 24016 24031
kennemerland 22283
kimble 22284
» 22287 22554 22624 22639 22766 22867 22904 23651 23989 24087 24308 24315
kuperberg 22293 22917 23516
keith 22301 22794 23175 23293 23752 23764 24528 24553
kreindel 22302 22650 23981 24126 24248 24651
kleinberg 22302 22883 23381
kwai 22304
keile 22330 23121 24016 24335 24356
kasner 22330 24016
katz 22330 23031 23550 23924 24036 24169 24356 24651 24864 24960
kent 22330 22480 22592 23175 23934
klym 22330
karpel 22330
kamila 22330
kreindl 22330
krzeszowic 22330
kleczy 22330
kleinman 22330 22336
kaila 22330 22585 23121 23713 24016 24275 24960
karyl 22330
konigsberg 22335 24674
keys 22335 22960 23009 23197 23363 23480 23606 23880 23943 24419 24621 24656 24727 24736 24965
koral 22336
kurcbard 22336
kobryn 22336
klipper 22336 23288 23534
korngold 22336 23836 23981 24356
kohn 22336 23550
kurzer 22336
kolbuszow 22336 23575 23883
katie 22338 23174 24109 24220 24275 24463 24870
khan 22342 22587 22936
kumar 22342 22588 23306 23413 24354
knew 22352 22717 22785 22944 22973 23162 23441 23444 23601 23763 23977 24036 24140 24448 24732
+1 22371 22982 23135 23327 23420 23484 23773 23928 24216 24397 24559 24573 24779
keypair 22371
kvm 22371
kill 22371
kanemitsu 22372
kusakabe 22372
kentaro 22372
kudoh 22372
kano 22372
kosuke 22372
kunieda 22372
kazuki 22372 24278 24622
koller 22375 24042
kjaerulff 22375 24042
kanazawa 22375 24042
korb 22375 24042
kevin 22375 22382 22691 22866 23029 23031 23819 23820 24031 24042 24092 24356 24957
kindness 22382
khare 22382 23293 23752 24001 24528 24559 24732 24899
ken 22382 22917 23398 23592 23601 23734 23806 23904
koster 22382
kosut 22382
kammer 22382 24559
korea 22385 22904 23215 23295 23760 24825
keywords 22388 22794 23195 23325 23400 23565 23796 24391 24528 24791 24842
keyword 22388 22794 23272 23348 23950 23994 24334 24391 24528 24891
knowing 22389 22503 22717 22973 22975 23324 23420 23480 23709 23828 24115 24281 24323 24334 24355 24407 24448 24462 24528 24656 24732 24736 24822 24857
+10 22389 22429 22975 23761
+5 22389 22975
+6 22389 22975
king 22401 22595 22809 23026 23085 23147 23432 23901 23928 23989 23993
kinghm 22401
katrinka 22407 23363
kunkel 22414 24594
klara 22417 23175
kaiser 22435 22860 23293 24016 24484
kmdnahid 22435
knox 22457
kiss 22465 23977
+d 22469
kurisna 22474
koopman 22480
kwon 22485 23806
kelsey 22489 22494 22511 22621 23177 23283 23558 23978 24167 24439 24808 24824 24841
kit 22491 23358 23601 23819 23842 24436
kadon 22491
kaleidoscopes 22491
kicked 22494 23174 23470
knauer 22501 22827 22877
krob 22503
kitayama 22503
kari 22505 24182 24559
kenneth 22505 23306 23534 23613 23819 24016 24275 24356 24681
kathy 22518 23906
klastorska 22518
kopalince 22519
kolomiya 22519
karawan 22519
kantor 22519 23713 23806 24559
kupersmith 22519
koplowitz 22519
karin 22519
kupp 22519
katya 22519
karwoski 22519
karen 22519 22650 22794 23086 24016 24356 24528
kornblum 22519 22585 22592 22597 23328
kathleen 22526 22597 23381 23575
kracer 22533
kotke 22533
keil 22533
kamsler 22533
kehoss 22533
keller 22533 23464 24169 24592
kwasniewski 22533
keren 22533
krystyna 22533 23550 24016
kristine 22533
knot 22544 24755
kaye 22544
karunatree 22544
kid 22544 23480 23977
khibnik 22570
katzner 22585 22597 22707 24793
keila 22585 22592 23121 23319 23328 23550 23713 23742 23926 24016
korall 22585
krosno 22585 23532
kalev 22586 23490 23888 23958 24070 24570
kask 22586 23888 23958 24070 24570 24610
kindred 22587
kdd 22588 23806 24656
kickoff 22590 23084 24914
kaile 22592 23121
kazimierz 22592 24275
korcyl 22592
komorow 22592
kossowski 22592
kawwrninska 22592
krakowski 22592
kajla 22592 23121 24016 24318 24805
kesla 22592
kunstlinger 22592
katherine 22592 22650 22698 22717 23622 23898 24064 24187 24618
kinstler 22592
kriedman 22592
kowna 22592
kiley 22592 23740 23898 24903
kolodziejc 22592
karolina 22592 22883 23121 23532 23575 23742 23926 24016 24275 24318
kplumber 22595
+more 22595
ko 22595
kral 22595 23314
kasai 22595
knight 22595 23806
keio 22595 24622
krzechow 22597
kahane 22597 24356
keri 22597
kathie 22597
krzeszow 22597
kaufman 22597 23175 23534 24275 24381
kanade 22601
killed 22608 22794 22900 23857 24899
kalikimaka 22612
konstanz 22614 23491 23972
kc\endcsname 22631
kd\endcsname 22631
kn\endcsname 22631
kr\endcsname 22631
kp\endcsname 22631
kt\endcsname 22631
k\endcsname 22631
kai 22648 22718
kielce 22650 23121 24016 24275 24356 24864
kumer 22650
kl 22650
klapholz 22650
kansas 22650 23550 23977
kara 22650 24275
kan 22650
kallech 22657
kalich 22657
kehati 22657
kurfirstenstrasse 22657
keyboard 22664 22785 23272 23474 23480 23727 23778 24114 24140 24148 24376 24443 24614 24621 24727
keeps 22664 22677 22970 23324 23441 23480 23828 23994 24037 24115 24508 24965
key= 22664
kicking 22670 22750
kirke 22675
+esther 22691
+louis 22691
+ronald 22691
+abby 22691
+stephen 22691
+stacy 22691
+myra 22691
+susan 22691
+jerry 22691
+tami 22691
+elaine 22691
+svien 22691
kjennerud 22691
+girl 22691
+jay 22691
+melvin 22691
kolb 22691
+david 22691
+marvin 22691
+boy 22691
kupperman 22707
kurt 22707 22860 23550
k\ 22709
k=1 22709 24631
kampa 22716 24465
kindergarten 22717 23402 23551 24795 24858
knows 22720 22960 23028 23420 23567 23596 23783 23801 23934 23941 23962 24036 24397 24656 24732 24771 24822
keynote 22721 23253 24043 24559
krishnendu 22741
kyuseok 22741
kannanuniversity 22741
kasikboeingfor 22741
katabimassachusetts 22741
kautzuniversity 22741
kleinbergcornell 22741
kumartexas 22741
kitchen 22757 23153 23435 23843 24564
+i+ 22768
kernan 22785
kingdom 22785 22904 23588
kolejowa 22787
kenji 22794 23733 24278 24528
krauskopf 22794 24528
kayle 22798
kolja 22827 22877
kelp 22847 23006 24359 24801 24886
kaydor 22860
kibo 22866
ksbrown 22866
kiwe 22883 24793
kehndel 22883
kathe 22883
kleinberger 22883 24126
kristin 22892 23085
kookmin 22904
köln 22917
köllner 22917
kohlmarkt 22925
kayaks 22927
kraemer 22936 24559
++ 22962 24037
kick 22973 22974 23406 23558 23791 24037 24544 24736
kowalik 22973
kingston 22982 24275
krieger 22990
kett 22990
klain 22990
kronprinzgarten 22991
koto 22992
kuci 22992 24553
kimura 22992
klopfer 22992
kris 22995 23977
krishnan 22995
k^k 23009 23943
k0 23009 23943 24009
+base 23018
k=4 23028
karthik 23029 23701
kranthi 23029
krishnamurthi 23034 24483
kallioninen 23074 24823
khuerth 23085
knol 23101
kalman+witta 23101
koppe 23109
kites 23115 24755
k3 23115 24212
kong 23115 23325 23354
k=0 23115 24631
kings 23115 23661
klikow 23121
kalmus 23121 23550 24275
kolbuszowa 23121 24805
kutas 23135 23928 24216 24613 24779
khuller 23152 24091
kilometers 23158
krone 23162
kinderdijk 23172 23811
koschitzki 23175
kozicki 23175
katowice 23175 23550 23857
keva 23175
koschitzky 23175
kislev 23175
kitty 23175 24125 24199 24797
kevi 23175
kidney 23175 23962
kass 23175
kornitzer 23175
kooperwasser 23175
kalashnikov 23195 23246 24842
kv 23197 24965
key=lambda 23197
key=none 23197
key=key 23197
killer 23207 24415 24850 24899
ksii 23215
kmeans 23236 23832
kozberg 23245
kim 23246 23560 23734 23806 24340 24354
kpcc 23253
klefstad 23272 23529 23622
kaleidoscope 23289
krueger 23291
kern 23293 23396 23483 23733 23819 24733
knoxville 23293
kitching 23306
kitagawa 23306
kadioglu 23306
kenil 23306
kiln 23312
kilns 23312
klimosova 23314
kendall 23314
kohayakawa 23314
kindly 23323 23601 24436
kalam 23323
knumber 23326
kerner 23328 24504
kirsch 23328 24918
koscielna 23328
kollenda 23328
kestenbaum 23328
kromotow 23328
keiner 23328 23713
kennamer 23331
keator 23331
kilroy 23337
kao 23349
kashyap 23354
krichmar 23354 24443
katiana 23354
khouri 23354
korean 23361 24479
kinetic 23368
λ 23368 23454
ku 23398 24014 24338
krush 23399
kalichman 23402 24369
kathryn 23403 23534 23819 24031 24489
kleist 23403 24092
+w 23420
kallick 23420
knuth 23420 23817 23871 24039
kth 23420
kripke 23430
kleene 23430
knesset 23441
knowingly 23441
kilian 23443
kappa 23454
k++ 23471
kilobytes 23480
keypresses 23480
kerneltype 23484
kerneltypetype 23484
kernels 23484 23960 24060 24333 24597
keddar 23490
kreveld 23491
klibanow 23532
krotoszyn 23532
kopelik 23534
kopelowicz 23534
koplik 23534 24275
koppelman 23534
kinzelberg 23534
kunzelberg 23534
kinnear 23534
kelly 23534 24086 24275 24356 24448
kellerman 23534
kleiner 23534 24016
koncius 23534
koplowicz 23534 24960
knopfel 23534
krasnor 23534
korn 23534
keryx 23548
katersohn 23550
kunz 23550
krusse 23550
kantrowitz 23550
keyport 23550
kimbil 23550
kahan 23550 24169
kiriat 23550
kutscher 23550 24016
keromytis 23565 23806
kausmann 23575
kuppermann 23575
kreszow 23575
krebs 23575 23819
kolomya 23575
kolomyja 23575 24814
kohane 23575 24016 24356
kathleeng22 23575
+0100 23588 24662
+1100 23588
kepert 23588
+0000 23588 23755
+44 23588
+1000 23588
knagata 23601
kurtzweil 23623
karatsuba 23652
knapsack 23652
korula 23674
kittens 23681
komarnow 23689
knownregions 23702
kutless 23709
kaldau 23713
krzeszowice 23713
kauffmann 23729 24713 24742
knots 23734
kabai's 23734
kauffman 23734
kayli 23742
katarzyna 23742
kaufler 23742 24956
kemerlis 23806
kruegel 23806
koscher 23806
kohno 23806
kagurazaka 23810
+20 23813 24258 24692
keyholder 23815
kisber 23819
kaliski 23819
karl 23819 24065
ky 23819 24016
kahn 23819
kolonia 23819
kammacher 23836
krakowska 23836
koenig 23843
kellie 23843
kohs 23850
knottedness 23851
kosice 23857
kufushani 23857
kane 23857
krynica 23857 24016
knuth92 23871
kw91 23872
klee 23872
kkask 23888
+c 23922
kopita 23924
kanczuga 23924
kandel 23924
kops 23926 24275 24356 24864
kihei 23934
kirill 23949
+k 23960
kidneys 23962
kinfo 23962
kino 23962
kabc 23967
kobourov 23972 24464
kook 23973
ka 23973
kodak 23977
kodak's 23977
konstantinides 23993
keyerror 23994
keyboardinterrupt 23994
+sigma 24009
+log 24009
+y 24009
+dnorm 24009
+dmvt 24009
kenner 24016
krzestowice 24016
kopczynca 24016
krasny 24016
kleinhandler 24016
kurz 24016 24159
kreisler 24016
klarman 24016 24356
kursumlijska 24016
katerina 24016
kornheiser 24016
kamiensk 24016
kalwaria 24016
kam 24016
krautenfeld 24016
kukurtz 24016
korozyna 24016
kerri 24031
korner 24031
kensington 24031 24275
knwo 24036
kingswood 24036
kornhauser 24036
krakov 24036
kornhausr 24036
karyn 24036
+100 24037
keen 24051
keerthi 24060
kinghorn 24060
koenderink 24060
kamm 24060
kenrels 24060
kimberly 24064
kimbed2 24064
krumholz 24065
kuperman 24065
kosches 24069 24318 24356 24814
kangaroos 24071
karp 24091
khaladkar 24092
kleifarvatn 24101
kopper 24126
kamilla 24126
kew 24154 24463
kling 24154 24632
kipur 24164
korman 24169
kendel 24169
kanner 24169
klagsbald 24169
kvadwratd 24169
kauftheil 24169
kurihara 24206
katey 24221
khobkirk 24221
kyle 24225 24278 24613 24622 24964
kummer 24248
krengel 24248 24356
keynotes 24261
kolischer 24275
kraczkow 24275
koenigsberg 24275 24356
katzenstein 24275
krafchick 24275
krafchik 24275
kylie 24275
killian 24275
kooken 24275
klinger 24275
kackel 24275
kaplan 24275
kise 24278
kubota 24278
kyushu 24278 24964
kiyofumi 24278
kahului 24278 24964
+∞ 24281
korattikara 24293
ksc 24293
karel 24293 24338
kayprofessor 24295
kernighan 24313
kalma 24318
kiryat 24318
k+1 24333 24631
kellem 24335
krystian 24338
kexiang 24339
kaushik 24339
kringkai 24339
kyungbaek 24340
kyungbaekkim 24340
kerrigan 24354
kotzias 24354
kirshner 24354
krestel 24354
kennemar 24354
krasnopol 24356
kuchler 24356
koszyce 24356
kaspar 24356
katrina 24356 24391
korolevka 24356
kotok 24366
kasparov 24366
khanh 24369
kaggle 24374
kraft 24397
+\w 24397
+\w'if 24397
+\w'half 24397
+\w'value 24397
kucera 24397
+\n 24397
+\w'\fivax 24397
+\w'time 24397
+\w'bounds 24397
+\w'\finotes 24397
kutna 24406
kluwers 24443
kissell 24448
kristen 24463
khuu 24463
kinesthetic 24480
kotti 24486
kristina 24489
++i 24508
++count 24508
kastellet 24518
kat 24531
keypoint 24538
keypoints 24538
kurtz 24553
kyoto 24559
kanomata 24559
knownow 24559
kauai 24592
kb 24592
kortenkamp 24594
kitaev 24595
kaashoek 24597
karim 24601
kia 24610
kstrasse 24613
keyboards 24614 24621 24727
kashani 24618
kavanaugh 24618
kicks 24618
kei 24622
kogge 24622
kasahara 24622 24964
kitsuregawa 24622
kamehameha 24622
kahuku 24622
k+3 24631
k1 24631
k2 24631
k1=0 24631
k+1+d1 24631
k=2 24631
krantz 24644
kamienica 24644
kolodny 24651
klingsberg 24651
kleinwachs 24674
kawarabayashi 24675
kaitlyn 24678
kills 24680 24955
kmp 24694
kolodziejczak 24699
kolodziejczyk 24699
kolodziejski 24699
knap 24699
kaczmarek 24727
koduru 24732
k' 24746
kepler 24755
kibler 24776
konigel 24793
konig 24793
+number1 24796
+number2 24796
+number 24796
+expr1 24796
+expr2 24796
+expression 24796
+from 24796
+to 24796
+step 24796
kopmann 24805
karlsbad 24805
kasier 24805
kosmopoulos 24814
kaner 24814
kranz 24814
kalwaryiski 24814
kanglan 24857
kejia 24857
kolman 24864
kernbase 24889
knocking 24899
kudos 24899
keystroke 24899
keystrokes 24899
krieser 24918
karlsruhe 24918
koren 24918
kinect 24940
kusnadi 24940
kattersohn 24956
kameralny 24960
kostmann 24960
krizer 24960
kw 24965
