ziv 27743 27778 28812 29106 29899
johnson 27744 27760 27855 27904 27917 28083 28300 28392 28414 28585 28619 28981 29031 29061 29062 29275 29369 29561 29569 29798 29899 29926 30290 30499
john 27744 27843 27855 28004 28023 28065 28083 28155 28329 28672 28690 28730 28803 28841 28842 28867 28891 28928 28950 29061 29081 29144 29237 29261 29276 29352 29369 29380 29490 29556 29567 29666 29747 29798 29837 29926 29952 30101 30119 30135 30182 30238 30261 30298 30322 30360 30374 30376 30389 30426 30482
java 27744 27800 27840 27952 27960 27976 27986 28066 28092 28112 28120 28193 28218 28285 28294 28374 28414 28526 28537 28539 28602 28671 28700 28728 28781 28832 28842 28917 28924 28930 29014 29054 29061 29113 29204 29275 29352 29387 29390 29425 29427 29601 29624 29663 29747 29812 29855 29859 29861 29882 29906 29926 30005 30023 30111 30171 30261 30377
just 27744 27791 27821 27863 27870 27902 27907 27911 27918 27943 27950 27952 27983 28003 28024 28027 28051 28057 28065 28066 28074 28078 28092 28103 28122 28156 28159 28169 28181 28190 28230 28236 28285 28289 28294 28304 28315 28318 28330 28344 28360 28400 28425 28456 28488 28520 28525 28526 28529 28537 28561 28590 28615 28631 28636 28638 28641 28646 28671 28685 28687 28690 28700 28714 28749 28781 28798 28804 28846 28847 28852 28867 28886 28891 28897 28905 28917 28924 28930 28942 28944 28970 28976 29014 29037 29044 29046 29054 29064 29078 29113 29127 29128 29142 29144 29155 29159 29215 29232 29237 29249 29250 29255 29258 29261 29280 29309 29313 29333 29346 29352 29360 29369 29379 29387 29390 29406 29413 29425 29441 29464 29481 29490 29491 29526 29574 29578 29588 29596 29601 29604 29607 29654 29708 29727 29747 29767 29781 29798 29826 29837 29857 29859 29861 29864 29866 29898 29906 29917 29919 29926 29950 29977 29981 29998 30013 30023 30040 30072 30120 30121 30153 30161 30167 30182 30208 30221 30232 30239 30251 30252 30279 30282 30284 30288 30299 30301 30306 30315 30316 30321 30332 30335 30390 30442 30451 30476 30483
january 27744 27849 27900 27911 27915 28001 28011 28023 28051 28065 28066 28083 28169 28207 28250 28253 28281 28314 28325 28347 28360 28690 28730 28731 28751 28754 28782 28790 28891 28960 29054 29080 29130 29144 29204 29208 29250 29258 29265 29289 29313 29339 29359 29369 29390 29406 29416 29425 29433 29574 29578 29592 29628 29629 29656 29747 29806 29870 29900 29917 29929 30013 30040 30047 30086 30217 30238 30252 30271 30289 30320 30331 30343 30399 30432 30476
joining 27744 27932 28048 28218 28315 28510 28537 28671 28672 28687 28700 28728 29005 29255 29504 29636 29863 30442
job 27744 27911 27948 27966 28078 28159 28285 28360 28614 28625 28631 28646 28671 28688 28690 28700 28831 28886 29014 29113 29155 29200 29250 29289 29352 29360 29387 29424 29425 29737 29747 29767 29798 29859 29864 30062 30121 30232
july 27747 27755 27782 27783 27791 27800 27827 27829 27850 27855 27886 27895 27940 27944 28007 28072 28073 28078 28111 28112 28117 28141 28168 28201 28220 28222 28225 28259 28262 28276 28306 28331 28352 28367 28394 28409 28435 28474 28585 28586 28592 28604 28628 28641 28647 28672 28677 28681 28695 28711 28731 28736 28757 28781 28791 28800 28832 28845 28862 28881 28891 28903 28917 28963 28965 28974 29011 29021 29023 29075 29081 29088 29090 29096 29145 29152 29173 29178 29229 29255 29270 29297 29319 29369 29373 29375 29386 29388 29412 29415 29423 29453 29458 29464 29478 29486 29504 29528 29529 29538 29549 29566 29570 29574 29595 29599 29614 29616 29643 29649 29678 29687 29695 29707 29729 29746 29747 29785 29791 29794 29808 29825 29852 29916 29936 29964 29977 30019 30094 30168 30170 30178 30189 30193 30209 30214 30236 30283 30305 30332 30344 30346 30376 30385 30390 30428 30444 30471 30472 30480 30485
joaquin 27748 28155 28213 28424 28643 28673 29080 29422 30205 30360
jawornik 27752
zvi 27752 27974 28950 29021 29677 29926 30219 30301
jacob 27752 27898 27954 28122 28155 28184 28195 28213 28271 28427 28545 28559 28841 28891 28928 28950 29183 29232 29380 29442 29666 29677 29869 29911 30277 30302 30360 30442
zelig 27752 28155 28231 29380 29567 30219 30267 30275 30459
josef 27752 27756 27824 27836 27954 28069 28122 28213 28217 28248 28271 28464 28502 28802 28928 28932 28950 29202 29350 29911 30219 30360 30398 30449 30459
jutla 27756 29116
jakob 27756 27757 27824 27836 27852 27954 28069 28090 28122 28126 28155 28184 28195 28213 28217 28248 28271 28442 28451 28464 28545 28663 28760 28802 28841 28859 28869 28892 28914 28928 28932 28950 29012 29116 29202 29276 29350 29380 29561 29567 29575 29666 29677 29955 29959 29971 29980 30211 30219 30275 30277 30327 30389 30449 30459
jun 27756 27757 27778 27791 27824 27836 27852 27902 27907 27917 27954 28069 28090 28122 28126 28127 28155 28184 28195 28213 28217 28231 28248 28269 28271 28364 28442 28451 28464 28502 28531 28545 28587 28663 28693 28727 28760 28802 28812 28841 28859 28869 28891 28892 28914 28928 28932 28950 29012 29116 29186 29202 29273 29276 29329 29350 29380 29442 29545 29561 29567 29575 29578 29666 29677 29764 29797 29899 29903 29955 29959 29971 29980 29993 29994 30134 30211 30219 30251 30267 30274 30275 30277 30326 30327 30389 30398 30449 30459 30463
juda 27756 27836 27954 28069 28126 28155 28195 28451 28502 28663 28892 28928 28932 28950 29012 29202 29350 29567 29764 30211 30219 30327 30370 30398 30449
jan 27756 27757 27821 27824 27836 27852 27855 27931 27954 27985 28056 28069 28090 28122 28126 28155 28184 28195 28213 28217 28231 28248 28271 28360 28436 28442 28451 28464 28502 28545 28623 28663 28692 28760 28802 28841 28859 28869 28876 28892 28928 28932 28933 28950 28991 29012 29099 29116 29117 29181 29202 29232 29276 29289 29350 29380 29442 29545 29548 29561 29567 29575 29578 29592 29666 29677 29764 29797 29798 29926 29955 29959 29971 29980 29993 30062 30101 30134 30211 30219 30232 30267 30274 30275 30277 30316 30326 30327 30360 30370 30389 30398 30449 30459 30463
* 27756 27757 27824 27836 27844 27852 27859 27863 27902 27922 27931 27948 27952 27954 27960 27964 27985 28004 28023 28032 28051 28069 28090 28095 28105 28112 28118 28122 28126 28147 28155 28169 28181 28184 28190 28195 28213 28217 28223 28231 28247 28248 28255 28271 28285 28294 28304 28351 28360 28363 28414 28418 28425 28442 28451 28464 28480 28502 28519 28520 28537 28545 28546 28641 28663 28760 28789 28802 28803 28822 28841 28842 28859 28869 28886 28892 28897 28910 28914 28919 28928 28932 28945 28950 28955 28962 29012 29044 29054 29061 29099 29113 29116 29118 29127 29128 29181 29202 29207 29223 29232 29237 29249 29263 29273 29276 29350 29352 29369 29379 29380 29393 29413 29441 29442 29464 29465 29491 29508 29517 29521 29526 29545 29561 29567 29575 29590 29630 29634 29641 29650 29663 29666 29691 29709 29724 29727 29747 29757 29764 29774 29779 29797 29798 29800 29812 29826 29839 29855 29859 29882 29887 29926 29955 29959 29971 29973 29979 29980 29993 30013 30037 30040 30121 30130 30134 30171 30182 30208 30211 30219 30221 30239 30251 30252 30267 30275 30277 30282 30310 30322 30326 30327 30353 30370 30389 30391 30398 30405 30424 30449 30459
zawiercie 27756 28451 28859
jul 27756 27757 27824 27836 27852 27954 27985 28069 28090 28122 28126 28155 28184 28195 28213 28217 28231 28248 28271 28364 28442 28451 28464 28502 28545 28663 28757 28760 28802 28841 28859 28869 28892 28914 28928 28932 28950 29012 29116 29202 29276 29350 29380 29545 29561 29567 29575 29666 29759 29764 29797 29955 29959 29971 29973 29980 29993 30134 30211 30219 30267 30275 30277 30326 30327 30370 30389 30449 30459 30463
jozef 27756 27757 27836 27852 27954 27985 28069 28090 28122 28155 28184 28195 28213 28217 28248 28271 28442 28451 28464 28545 28663 28760 28802 28841 28859 28869 28914 28928 28932 28950 29012 29116 29202 29276 29350 29380 29442 29567 29575 29764 29955 29959 29971 29980 29993 30134 30211 30219 30267 30275 30326 30327 30389 30398 30449 30459
jerzy 27756 28271 28841 29545 29926
zlota 27756 28859 28892 29561 30449
jontsche 27756
joel 27756 27836 28193 28213 28217 28231 28451 28502 28663 28842 28892 28914 28928 28944 28950 29031 29380 29567 29677 29747 29870 29926 29993 30134 30211 30219 30262 30275 30327 30360 30389 30442 30449
zofia 27756 27954 28090 28271 28442 28451 28841 28928
jenie 27756
joseph 27756 27836 27954 27974 28083 28155 28195 28213 28300 28502 28520 28545 28590 28614 28625 28663 28841 28928 28950 29043 29380 29567 29666 29798 29911 29952 29971 29973 30219 30270 30354 30360 30389 30442
jozua 27757 27852 28122 28217 28271 28928 29012 29567 29955
june 27760 27798 27801 27809 27811 27816 27833 27837 27838 27853 27855 27865 27874 27875 27892 27894 27896 27928 27961 27980 28008 28009 28027 28033 28056 28080 28088 28094 28102 28116 28119 28125 28158 28161 28168 28177 28203 28206 28230 28234 28244 28265 28270 28284 28313 28316 28330 28331 28332 28337 28354 28358 28360 28380 28389 28430 28443 28448 28457 28458 28461 28471 28473 28482 28483 28490 28493 28497 28507 28532 28539 28540 28572 28574 28578 28605 28615 28619 28624 28637 28641 28653 28657 28672 28677 28688 28703 28706 28709 28716 28719 28728 28731 28737 28743 28794 28796 28798 28807 28808 28810 28829 28830 28832 28852 28866 28873 28876 28882 28913 28952 28953 29025 29048 29076 29092 29125 29130 29133 29135 29138 29140 29155 29158 29190 29231 29239 29242 29246 29249 29252 29255 29291 29303 29321 29324 29329 29332 29369 29391 29392 29407 29416 29423 29424 29425 29431 29444 29445 29448 29449 29464 29469 29470 29473 29500 29502 29523 29542 29556 29562 29568 29569 29577 29590 29625 29638 29671 29695 29708 29723 29725 29745 29747 29765 29781 29833 29849 29871 29875 29888 29889 29893 29912 29933 29935 29940 29971 29972 30031 30056 30063 30083 30116 30152 30156 30162 30167 30173 30176 30207 30222 30224 30231 30237 30246 30252 30268 30276 30295 30297 30304 30332 30357 30366 30443 30451 30455 30457 30498 30511
joint 27760 27812 27841 27855 27990 28048 28103 28309 28318 28510 28551 28677 28903 28910 28983 29281 29289 29291 29340 29703 29747 30040 30095 30135 30147 30167 30210 30301 30332 30354
juan 27760 27904 27917 28032 28905 29062 29747 29837 29885 30360
jose 27760 27904 27917 28585 29062 29178 29276 29312 29329 29747 30040 30144 30357 30360 30376 30387 30499
jordan 27760 27917 28032 28127 28585 28677 28933 28950 29437 29604 29784 29899 30097 30160 30301 30327 30356 30360
jorgensen 27760 27917 28585
zero 27782 27818 27854 27936 28078 28092 28131 28138 28156 28218 28285 28286 28294 28304 28309 28384 28425 28526 28537 28623 28654 28700 28728 28847 28942 29014 29061 29099 29106 29113 29178 29223 29250 29253 29320 29333 29347 29504 29526 29704 29757 29855 29859 29882 29919 30119 30153 30239 30376
jeju 27782 29279 30058
j 27782 27822 27855 27857 27947 28074 28105 28118 28122 28127 28213 28215 28271 28289 28294 28304 28414 28464 28480 28502 28519 28545 28585 28604 28782 28841 28859 28891 28928 28971 28979 29014 29128 29175 29178 29204 29232 29247 29274 29276 29337 29399 29491 29561 29567 29571 29666 29715 29721 29769 29826 29899 29917 29952 29960 29967 29973 30081 30118 30239 30252
zürich 27782 28585 28604
junctions 27782 28585 28604
journal 27782 27800 27827 27855 28074 28114 28331 28462 28604 28677 28831 28858 28870 28903 28934 28942 29048 29178 29270 29279 29291 29329 29415 29437 29556 29653 29695 29747 29863 29870 29885 29917 29954 29979 29999 30119 30120 30210 30346 30357 30376 30499 30512
janeiro 27782 28928 29242 29849 30101 30152 30207
junkyard 27784 27931 28138 28300 28377 29275 29926 30161
jennifer 27787 27827 27925 27996 28127 28157 28466 28502 28545 28641 28690 28710 29007 29276 29300 29364 29401 29464 29567 29644 29695 29821 29899 30307 30500
jobs 27790 27827 27828 27835 27839 27841 27872 27889 27909 27948 27964 27966 27980 28024 28038 28057 28065 28078 28083 28103 28112 28127 28158 28159 28168 28178 28201 28209 28262 28315 28318 28344 28390 28440 28488 28510 28529 28607 28614 28619 28624 28625 28628 28631 28632 28636 28642 28688 28690 28700 28703 28746 28751 28776 28798 28831 28832 28833 28852 28867 28873 28896 28903 28910 28927 28933 28936 28960 28976 28983 29009 29023 29037 29050 29078 29083 29113 29130 29158 29200 29215 29222 29238 29250 29255 29270 29277 29289 29334 29359 29360 29416 29423 29424 29431 29433 29565 29597 29624 29634 29636 29642 29653 29664 29694 29708 29715 29737 29747 29767 29769 29798 29799 29806 29814 29832 29839 29858 29859 29861 29863 29875 29889 29899 29934 29967 30024 30047 30063 30068 30081 30091 30092 30098 30107 30120 30125 30130 30140 30149 30173 30174 30185 30227 30284 30288 30290 30291 30299 30308 30310 30343 30346 30403 30424 30425 30430 30434 30438 30451 30455 30511
jain 27790 28127 28331 28390 28867 29556 29747 29899 30149 30357
joshua 27793 27799 27995 28041 28163 28186 28422 28528 28539 28553 28788 28826 28950 29016 29030 29130 29260 29282 29380 29404 29482 29516 29540 29551 29604 29698 29865 29899 29975 30054 30072 30141 30195 30250 30355 30360 30373 30442 30481
zabriskie 27796 29472 29686
javanmardi 27800
joined 27800 27827 28065 28083 28169 28300 28315 29309 29574 30252 30343 30442 30476
zachry 27800
zillo 27800
jalili 27800
zoids 27810 28180 28272 28763 29776 29810 29946 29965 30045 30051 30123 30507
zap 27817 29119 29551
jim 27821 27863 27902 27907 27952 28003 28051 28083 28138 28169 28236 28300 28364 28510 28531 28587 28607 28646 28672 28730 28757 28917 29081 29127 29186 29273 29294 29369 29379 29473 29574 29596 29708 29926 29950 29952 30040 30149 30200 30251 30252 30258 30261 30360 30476
jeffrey 27821 28065 28271 28545 28928 28933 29232 30293 30360 30389
judessa 27824 28451 28841 29202 29764 29971 30449
zolkiew 27824 28928 28932
jewish 27829 28891 29528 29578 30298 30442
junassistant 27835
jetta 27836 28213 28442 28802 28950 29442
zabrzeg 27836
zabrz 27836
jettel 27836
jetti 27836 28213
zygmunt 27836 28122 28213 28248 28802 28859 28928 28932 28950 29116 29276 29380 29959 29971 30219 30277
zalel 27836 28928 30267
jos 27836 29926
zallel 27836
zina 27836
zlata 27836 28122 29561 30219 30449
zipped 27840 28781 28930 29318 30023
zaun 27847
jakobsohn 27847 30459
janczalek 27847
januar 27847 28928
jasmin 27847
joachimowicz 27847
jolas 27847
jonas 27847 27852 28122 28159 28231 28451 28663 28841 28892 29116 29442 29797 30219 30277 30326 30360
jonkler 27847 28213 29380
joskowicz 27847
judkiewicz 27847
junger 27847
jurkiewicz 27847 30219
jurowicz 27847 28859 29545
zabawer 27847
zahler 27847
zelinger 27847 28122
zeltner 27847
zucker 27847 28271 28859 28891 28928 30219
zuckerman 27847 28451 29971
zweig 27847 27852 28859 28892 28950 29545 29955 30219
jecheskel 27852 28859
josue 27852 30360
jachwet 27852
judith 27852 28003 28169 28213 28672 28928 28950 29369 29574 29737 29797 30476
jacobson 27855 28781 29155 29280 29425 30023 30443
jsd 27855
javascript 27855 28193 30072
javatm 27855
jazayeri 27855 30021 30332
jensen 27855 28051 28672 29081 29369 29574 29954 30040 30252 30476
jackson 27855 28976 30360
jointly 27855 28230 28896 29054 29258 29495 29775 30301
zurich 27855 27954 27990 28942 29275 29747 30327
japan 27855 28604 29200 29556 29747 29798 30101 30238
zelesnick 27855
zimmer 27855
zimmerman 27855 27974 28869
judy 27863 27952 28169 28867 29302 29379 29737 29899 29950 30149 30389 30461
julia 27866 28005 28145 28213 28520 28545 28563 28891 29136 29140 29926 29936 30064 30179 30427
jetbrain 27870
jetbrains 27870 28112
jet 27870 27983 29529
jackmike 27875
jack 27877 28271 28358 28692 28842 28922 29158 29232 29254 29291 29329 29444 29603 29628 29719 29952 30270 30327 30360 30389
justin 27888 28037 28491 28510 28763 28841 28976 28980 29329 29426 29747 29886 29930 29946 30342 30360 30430
judea 27903 28804 28920 28970 29019 29954 30182
judged 27904 28687 29054 29607
journey 27911 28158 28318 28414 28671 29360 30430
jpeg 27911 28003 28169 28886 29128 29387 29574 29798 29864 30476
z 27911 28289 28334 28480 28519 28585 28987 28993 29044 29106 29178 29223 29274 29313 29347 29369 29491 29590 29663 29859 29960 30261
zealand 27918 28329 28730 28950 30101
judges 27918 30430 30442 30455
jit 27921 27935 28535 29427 29952 30188
junction 27937 28357
join 27948 28003 28118 28360 28623 28636 28980 29037 29050 29737
joanna 27954 28802 28841 28928 28980 29561 30267
jeziernik 27954
jork 27954
jezernik 27954
zelda 27954 28841 29380 30389 30421 30459
zielonki 27954
janina 27954 28184 28932 29545 29959 30267 30449
johanna 27954 28891 28950 29764 29959
jone 27954
jochym 27954
jungle 27955 28170 28648
zhao 27957 28004 28127 28178 28510 28745 29329 29695 29899 29999 30293
jayson 27959 28037 29930 30188 30360
javadoc 27960 28414 29061 30171
jeff 27960 28074 28220 28300 28304 28800 29174 29232 29735 29747 29885 29926 29952 30270 30360
junior 27963 28083 28852 29200 29255 29360 29636 29861 30101 30360
jeanne 27964 29634 29839 30310
jiajie 27965 27982
jli 27965
jerome 27974 28122 28891 28928 28950 30360
julius 27974 28841 28928 28950 29442 30327 30360
jachetty 27985
josek 27985 28892
journals 27992 28730 28934 29215 29747
zion 27999 28180 28273 29946 30045 30507
jumping 28003 28169 28223 28566 28891 28987 29574 30380 30476
zhengli 28004
zhengliz 28004
josiah 28014 28461 30270 30360 30442
jacket 28018 28457
jussi 28032 28803 30322
jarad 28032
jonsson 28032
zohreh 28032
jonathan 28032 28155 28213 28461 28690 28730 28928 28950 29144 29332 29666 29747 29952 30018 30327 30357 30360
ziarati 28032
jabbari 28032
zilles 28032 29312
joerg 28032 29747
jungian 28051
zack 28064 30188
justifying 28065 28641 29054 29464 30166 30167
zawadzki 28069
zawardi 28069
juszczyk 28069
julian 28069 28083 28180 28316 28672 28763 28794 28928 29031 29155 29899 30045 30051 30123 30261 30360 30449
judes 28069 28195 28271 28928 30211 30219
jeffe 28074
zoo 28077 28102 28198 28434 28505 28527 28617 29070 29285 29446 29926 29997 30209 30467
jenny 28083 28187 28841 28892 29281 29306 29444 29948 29998 30331
juniors 28083 28520 29037 29636
jessica 28083 28213 28466 28520 28619 28710 28760 28934 28950 29144 29275 29576 29610 29899 30219 30426
zluwe 28090
jaroslaw 28090 28464 28502 28859 29545 29666 29959 30327 30449 30459
jachym 28090
junit 28092 28112 28526 28537 28930 29014
jazz 28117 28201
zlate 28122 30463
josua 28122 28248
jentel 28122 28155 28248 28451 28892 30275
joachim 28122 28213 28663 28869 28892 28928 28950 29012 29116 29202 29276 30211 30219 30267 30275 30370 30389 30398 30459
jisachar 28122
zosha 28122
jaime 28122 30360
zuhnwirth 28122
jaslo 28122 29545 29561
zische 28122
joan 28122 28213 28312 28928 28950 29013 29083 29747 30147 30360
jacobs 28122 28960
zeynwel 28126
zcomputer 28127 29715 29899 29967 30081
zarki 28127 28523 28679 29899 29989 30149
jarecki 28127 29899
janice 28127 28155 28867 29715 29863 29899
jwongma 28127 29899
joe 28134 28294 28474 28646 29385 29444 29798 29926 29952 29971 30188 30238 30270 30360
jiang 28134 29031
jaeger 28155
janet 28155 28213 28891 28928 28950
joann 28155
jayne 28155
zachary 28155 28891 28950 30360
jackie 28158 28891 30360
jmiller 28169 29574 30476
james 28169 28331 28500 28502 28928 29175 29312 29453 29569 29574 29666 29767 29899 30201 30252 30298 30360 30389 30476
zip 28181 28569 28930 29204 29232 29352 29387 29425 29721 29798 29882
jozef+netli 28184
jasta 28184
zaboczow 28184
zalle 28195
jaworznia 28195
juttel 28195 28932
zakrzow 28195
jetty 28213 28271 28451 28663 28802 28859 28950 29116 29955 29993
zakliczyn 28213
jennie 28213 28231
jeannine 28213 28300
jr 28213
jacqueline 28213 28271 28688 28928 29276
jehuda 28213 29993 30327
jungerwirt 28213
zastow 28213
jagodnik 28217
javac 28218 29425 29882
jedit 28218
j2se 28218 29425
zhong 28224 28480 28550 28822 29329 29564 29747 29909 29970
josh 28230 28344 28891 28950 29081 29416 29747 30298 30360
josephine 28231 29666 29971 30134
josel 28231
jachymowicz 28231
zach 28244 30457
jente 28248
jentla 28248 30327
jms 28254
jeremy 28256 28545 28950 29329 29666 30360 30389
jedrzejow 28271
jechiel 28271 28928 28950 30219 30326 30449
julien 28271 28950 29952
jamaica 28271
jankew 28271
zalmen 28271
zuckermann 28271 28451
zakopane 28271 30389
jana 28273
jewels 28281
zeroes 28285 28519 29113 29144 29526
jill 28294 29275
jane 28294 28646 28928 28950 29253 29276 29369 30239
jakarta 28296 28374 28509 28917
japanese 28300 28304 28331 29054 29979 30252
julie 28300 28833 28891 28944 29014 29934
judging 28304 29390 29950
jborwein 28304
justify 28316 28886 29106 29607
jits 28316
jupyter 28318
johari 28331
jugal 28331
jing 28344
jamba 28360
juice 28360 28380 29743 30402
jaws 28365
jedi 28381
zonta 28390 28746
joy 28390 28488
javier 28404 30240 30360
κειμήλιά 28414
jonson 28414
joyce 28414 29561 29567 29666 30299
jrnl 28414
jeeves 28414
zeugma 28414
jam 28430 28751 29433
javabayes 28433 29476 29954
jayakrishnan 28438
jozefa 28442 29971
zwierzyniec 28442
jozefine 28442
zator 28442 29350 30219
jachet 28442 28451 28663 28859 29666 29764 30219 30449 30459
zussla 28451
jerusalem 28451 28950 29567 29578 29798 30442
zgierz 28451
jonasz 28451 28928 29561 29971
zimmerspitz 28451
zachar 28451
johan 28451
jompet 28459 28509
jozefowicz 28464
jekel 28464
jean 28464 28545 28928 28950 29031 29276 29747 30208 30360 30389
japplet 28480
jframe 28480 28930
zagoriška 28483 29138
judi 28488
jumper 28488
jilla 28488
judel 28502 28892 29380
jo 28502
jeanette 28502 28841
joked 28510
zot 28510 29144 29423 29737
jump 28520 28677 28987 29687 30182 30282
zinn 28520
jin 28525
zebras 28527
justice 28529 29050 29208 29747 30284
juxtaposing 28531
jabbarvand 28539 28867 29604
jeanine 28545
zuid 28572
zhongxuan 28598
joins 28602 28619 28636 28867 29747 30131
jdbc 28602
jokes 28636
judgements 28641 29464
jaguar 28648 29477
zeywel 28663
zelma 28663
zinneman 28663
jeremias 28663
zussel 28663 29797
ji 28677 30357
zhou 28677 28933 28980 29144 29329 29416
jarosiewicz 28677
jmlr 28677
jgr 28677
zuffi 28677
juggler 28690
jotting 28690
zipping 28690
juggling 28690
juggled 28690
judge 28690 29054 29607 29747
juggle 28690
javid 28693 28795
judgment 28700 28812
zippy 28725 29269 29555 30131 30361
jargon 28728 29309 29483 29504
jon 28730 29054 29369 29574 29952 30208 30299 30360 30389 30476
journalism 28730
jubilee 28730 30442
jardine 28730
jc 28730
jason 28730 29329 29569 29747 29950 30245 30360
jefferson 28730 30360
jupiter 28730 29747
zebra 28732 29816
jamming 28739
zao 28745
jiao 28746 29144
januray 28754
jadwiga 28760 28802 28928 30267 30459
zablocie 28760 29545
zdarzec 28760
zygmund 28760
zanwel 28760
zyssla 28760 29666
johns 28777 29291 29556 29973
zoology 28782 29926
zelinda 28802
zygfryd 28802 30327
ziegelmann 28802
jogathon 28806
jull 28841 29202
jessie 28841 30360
zuzanna 28841
juliusz 28841 28932 30370
jakob+frania 28841
jandorf 28841
zoom 28846 29590 29898
zeros 28847 29106
zacharyasz 28859 29350 29575 30134 30370
zacharie 28859
zussman 28859 29012 29545 29561
zacharje 28859
zweighalt 28859
jfva 28886
zimna 28891
zylbertrest 28891
ziskind 28891
zyskind 28891
zilbertrest 28891
jersey 28891 28928 29037 29223 29798 29926 30339
jones 28891 29352 29798 29899 30149 30182
johannesson 28891
johannaj 28891
jowell 28891
zadka 28891
zadkas 28891
zuckie 28891
jolson 28891
zone 28891 28905 29369 29578 29837 30153 30308
zalen 28891
josephsthal 28892
jeneta 28892
zygbert 28892
jochwet 28892
judka 28892
jarosz 28892
justifies 28897 29054
jolla 28905 29837
jigsaw 28917 29926
zope 28917
juliet 28922 28928
znamirowska 28928
jade 28928 29926
jenna 28928
jacquelyn 28928
jacques 28928 28950 29677 30327 30360 30459
jochebed 28928 29993
jurist 28928
jochene 28928
jamestown 28928
jolan 28928
zrilek 28928
jaworzno 28928 30327
zilberfeld 28928
jewczyn 28928
ziper 28928
zale 28928
jutel 28928
josuah 28928
zelky 28928
zodiak 28928
jar 28930 29352
jbutton 28930
jtextfield 28930
jradiobutton 28930
jtextarea 28930
jscrollpane 28930
jpanels 28930
jframes 28930
jpanel 28930
zolkow 28932
jankiel 28932 30211 30275
zohrab 28933
joke 28944 28962 29014 30167
zelinski 28944 29014
jacoba 28950
jeannette 28950
zabno 28950 29012 29380
julio 28950 30360
judyta 28950 30211
jehiel 28950
jehoudit 28950
joao 28950 29773
jayla 28950
janessa 28950
jolina 28950
zarnicer 28950
zbaraz 28950
jerry 28950 29798 30360
jankelovitz 28950
joanne 28950 29567
joss 28950
ziegler 28950 29952 30376
zvielli 28950
juliette 28950
zwick 28951
zomorodi 28960
junkyu 28970 29111
jeopardy 28976 29352 30182 30298
jousting 28976
jigar 28980
johnsong 28981
jumped 28987
jumps 28987 29496 29882
zig 28993
jakob+lieby 29012
jozue+mary 29012
jankel 29012
zusha 29021
zayde 29021
zisserman 29031
jirka 29035 29952
johnny 29054 29369 30360
janssen 29054
janken 29059 30182
joshco 29081
justified 29106
zmb 29106
zuzka 29112
∪ 29113
jflex 29113
johannes 29116
johanes 29116
joannes 29116
jacheta 29116
zaborze 29116
zvon 29128 29312
jbig 29128
zotbins 29130
zhaofeng 29130
zihan 29130
junlin 29130
janitors 29130
jarvis 29132 30360
jay 29144 29232 29370 29567 30288 30360
jhbrock 29144
zeil 29163 30316
jcss 29178 30119
jochim 29202
jona 29202
jie 29204 29329 29695 29747
jurisdiction 29208
zena 29209
jurezkowa 29232
juriczkowa 29232
jureczkowa 29232
juretskowa 29232
jeep 29255
jurzak 29275
jürgen 29275
jacqui's 29275
zatorze 29276
zamyslowska 29276
jann 29276
zusla 29276
jslein 29302 30461
jrafferty 29312
zhenyuan 29329
zhu 29329 29495 29952 30513
zhenhua 29329
zhai 29329
jingyu 29329
jia 29329
zhiyun 29329
jinjun 29329 29580
junjie 29329 30293
zhenyu 29329
jug 29343
jeremiasz 29350
zissin 29350
jucker 29350
zaczernie 29350
jungerwirth 29350
jeopardize 29352 30182
zzyzx 29369 30252
   29374
jochten 29380
johannesburg 29380
jodaikin 29380
janka 29380
zirl 29380
jmenubar 29387
jmenu 29387
jmenuitem 29387
jfilechooser 29387
janelle 29391 29765
zheng 29403 29875 29899
jazzcatsai 29419
jre 29425
jdk 29425
javafx 29425
jailhouse 29470
janos 29474
jag 29477
jung 29483
jhc 29490
zhang 29495 29695 29737 29939
zana 29504
zghaderi 29504
jurowitz 29545
zonotopes 29548 29926
jeff's 29556 30376
jcdcg3 29556
zmigrod 29561
justmadelocal 29564
zacharayasz 29567
jordanow 29567 30219
zámecké 29570
jfc 29574 30476
jradoff 29574 30476
jachetta 29575 29764 30211 30275
jewishgen 29578
jgff 29578
journal= 29580
jitter 29607
jammalamadaka 29621
jens 29624
jodi 29666 29708
joselyn 29666
johansson 29695
junfeng 29695
juxtaposition 29708
journalist 29708
jola 29737
jayram 29747
janie 29747
zhiwei 29747
zubin 29747
jurdak 29747
zambia 29747
joni 29767
jbuck 29798
jswift 29798
jpegs 29798
zhaoxia 29814 29899 30149
jth 29826
jail 29835
zika 29875
jpd 29899
jfeldman 29899
joshug4 29899
jajones 29899
jsolson 29899
jutts 29899
zhengkai 29899
jagan 29923
javaview 29926
jewelry 29926
zonohedra 29926
jorge 29926 29952 30360
jasso 29926
zerhusen 29926
zometool 29926
jenicek 29926
zubek's 29926
jelles 29933
jimmy 29938 30360
jünger 29952
zelikovsky 29952
jastrzabka 29955
jurkow 29959
zeitoun 29959
zimentstark 29959
jablonow 29971
zahn 29971
zied 29971
jesse 29971 30360 30442
jorourke 29973
jmchen 29973
justification 29994
jikai 29999
zhijing 29999 30155
jeremiah 30018 30360 30442
jilk 30018
judiciously 30023
jamboree 30024
jonah 30056 30360
json 30072
zondiner 30073
zhendong 30101
josé 30101
juiz 30101
juergen 30101
jha 30101
jai 30101
josiane 30101
joey 30107 30360
jiandong 30120
jimoh 30144
jingxian 30144
zufa 30144
justifiably 30155
joking 30167
zzz 30182
jawaherul 30201
judgments 30210
zylberpfenig 30211
zawada 30211
jaworow 30211
jworow 30211
zagan 30219
zarnowcy 30219
zadok 30219
zask 30219
zabrze 30219
zev 30219 30463
jozue 30219
jane's 30239
jp 30252
zyz 30252
zxyzx 30252
zwettel 30267
zhanpeng 30270
jakubowicz 30277
zeev 30277
janek 30277
ziuta 30277
jakub 30277
zaber 30288
zou 30290
zaytsev 30293
zhi 30293
jelena 30293
josephus 30298
joints 30298
zondervan 30298
justyna 30326
zvan 30327
jerenkra 30342
jafarpour 30357
jrtip 30357
jehan 30357
jooyoung 30357
jeffery 30360
jesus 30360
jared 30360
jamie 30360
jimmie 30360
johnnie 30360
johnathan 30360
jonathon 30360
jermaine 30360
jake 30360
jody 30360
jerald 30360
jess 30360
jasper 30360
jamal 30360
jarrod 30360
jeffry 30360
joesph 30360
johnathon 30360
zachery 30360
jame 30360
zane 30360
jamel 30360
johnie 30360
jarrett 30360
jamar 30360
jerrod 30360
jules 30360
jerold 30360
jamaal 30360
judson 30360
jarred 30360
zachariah 30360
jed 30360
jerrold 30360
jefferey 30360
juttli 30370
jazowsk 30370
jeruchem 30370
jgaa 30382
zalubincze 30389
joffe 30398
judah 30442
zebulun 30442
jehoiachin 30442
zedekiah 30442
juadah 30442
judean 30442
zerubbabel 30442
joshiah 30442
jochanan 30442
zechariah 30442
jessa 30444
zoya 30444
judess 30449
jacobowitz 30459
zali 30463
zandecz 30463
juditha 30463
