jan 47159 47162 47183 47200 47208 47226 47234 47239 47277 47281 47284 47294 47324 47353 47359 47380 47425 47453 47454 47524 47575 47621 47622 47623 47624 47629 47651 47737 47754 47861 47906 47927 47956 47957 47967 47980 48007 48017 48155 48171 48194 48196 48204 48284 48286 48332 48342 48351 48370 48374 48399 48480 48485 48571 48645 48647 48678 48713 48855 48956 48987 48995 49042 49070 49207 49208 49264 49317 49333 49342 49359 49375 49386 49441 49489 49533 49541 49554 49578 49593 49658 49744 49764 49772 49851 49859 49915
june 47160 47163 47165 47169 47175 47180 47190 47201 47209 47216 47233 47249 47254 47282 47285 47325 47327 47332 47341 47343 47347 47350 47358 47362 47385 47407 47410 47472 47496 47509 47510 47527 47531 47581 47587 47588 47602 47610 47661 47674 47675 47681 47712 47715 47723 47734 47747 47797 47802 47814 47815 47891 47907 47958 47970 47971 47989 47992 47993 48015 48017 48019 48046 48047 48087 48088 48116 48123 48136 48142 48155 48171 48210 48220 48225 48226 48230 48239 48266 48273 48281 48326 48333 48359 48370 48393 48397 48409 48410 48428 48436 48465 48471 48479 48484 48491 48494 48515 48527 48547 48550 48552 48560 48567 48580 48594 48598 48628 48651 48656 48658 48669 48699 48705 48754 48778 48780 48787 48835 48858 48866 48884 48891 48938 48976 48982 49043 49045 49082 49086 49090 49094 49096 49102 49108 49140 49146 49154 49156 49157 49182 49199 49218 49222 49228 49249 49256 49265 49336 49367 49370 49414 49425 49454 49460 49480 49483 49487 49488 49496 49510 49521 49525 49530 49552 49558 49583 49588 49593 49598 49633 49648 49652 49690 49732 49758 49759 49764 49774 49776 49787 49846 49869 49887 49892 49896 49915 49927
journal 47161 47257 47336 47358 47536 47539 47712 47718 47721 47882 47914 47928 47930 48050 48154 48155 48186 48266 48455 48491 48494 48521 48548 48669 48678 48777 48800 48913 48959 48980 49007 49043 49072 49147 49155 49199 49336 49362 49391 49394 49488 49748 49897 49908 49915 49927
joined 47161 47243 47266 47524 48107 48487 48562 48699 48778 48826 48885 48950 48954 49003 49115 49191 49275 49281 49289 49405 49585
jobs 47162 47167 47168 47216 47232 47240 47242 47266 47285 47298 47309 47358 47382 47393 47398 47411 47426 47432 47442 47468 47469 47492 47495 47507 47511 47527 47534 47536 47538 47550 47565 47594 47615 47619 47627 47641 47642 47644 47660 47679 47685 47752 47803 47833 47843 47844 47879 47893 47904 47907 47924 47948 47955 47997 48015 48042 48106 48113 48125 48134 48139 48172 48186 48194 48210 48266 48290 48305 48308 48326 48354 48393 48413 48417 48419 48452 48456 48461 48480 48487 48504 48521 48562 48564 48599 48638 48650 48682 48697 48699 48702 48703 48710 48712 48719 48725 48741 48744 48752 48757 48763 48778 48787 48826 48829 48840 48865 48916 48950 48954 48965 49003 49019 49026 49046 49061 49073 49080 49104 49108 49118 49147 49168 49173 49180 49191 49214 49259 49275 49276 49289 49307 49405 49454 49462 49468 49471 49479 49481 49523 49524 49526 49585 49596 49616 49628 49629 49648 49691 49714 49725 49748 49769 49777 49859 49860 49881 49886 49920 49921
job 47162 47243 47266 47358 47369 47440 47442 47491 47495 47503 47527 47555 47629 47650 47686 47725 47757 47763 47768 47824 47893 47907 48106 48194 48266 48305 48332 48354 48440 48480 48495 48562 48611 48678 48712 48744 48766 48778 49108 49191 49201 49214 49261 49275 49289 49515 49523 49526 49541 49585 49629 49769 49821 49822 49842 49859
* 47167 47183 47200 47208 47214 47226 47228 47234 47239 47269 47277 47281 47284 47289 47292 47294 47299 47308 47315 47324 47353 47359 47380 47425 47426 47445 47450 47453 47472 47504 47513 47524 47541 47553 47555 47558 47571 47586 47589 47594 47602 47609 47621 47622 47623 47624 47629 47631 47650 47651 47652 47677 47702 47712 47718 47733 47737 47754 47763 47766 47777 47801 47803 47824 47839 47840 47861 47869 47872 47906 47927 47939 47957 47962 47980 47985 47986 48001 48007 48017 48018 48021 48028 48073 48083 48100 48101 48105 48161 48171 48175 48196 48199 48200 48204 48229 48254 48266 48275 48284 48286 48297 48311 48313 48316 48342 48349 48351 48354 48370 48374 48399 48406 48414 48482 48485 48493 48507 48509 48511 48518 48571 48575 48578 48647 48659 48665 48678 48713 48722 48748 48764 48771 48810 48821 48824 48825 48851 48858 48885 48945 48956 48995 49017 49039 49042 49070 49109 49115 49117 49125 49131 49158 49191 49201 49207 49208 49227 49249 49250 49259 49261 49264 49282 49317 49323 49333 49335 49362 49375 49386 49416 49429 49434 49441 49452 49456 49488 49489 49515 49523 49530 49533 49541 49554 49576 49577 49578 49593 49618 49651 49657 49658 49677 49714 49718 49725 49744 49750 49753 49764 49798 49812 49822 49831 49842 49853 49887
jain 47168 47193 47240 47285 47358 47661 47718 47900 47928 47939 48139 48155 48172 48316 48521 48777 48778 49104 49394 49596 49927
join 47168 47183 47306 47358 47527 47531 47550 47589 47644 47681 47843 48422 48578 48703 48748 48778 48913 49072 49104 49261 49281 49289 49593 49917
joining 47168 47529 47757 47970 48305 48697 48712 49394 49655 49897
jr 47168 47843 48370 49043 49813
zero 47170 47221 47289 47336 47337 47471 47491 47550 47553 47555 47681 47702 47757 47824 47839 47847 47869 47905 47986 48050 48090 48101 48161 48199 48301 48305 48332 48349 48511 48539 48575 48659 48669 48678 48712 48722 48748 48858 48925 49127 49133 49209 49242 49250 49267 49334 49733 49904 49927
just 47172 47183 47188 47229 47232 47243 47266 47269 47286 47289 47308 47309 47312 47325 47346 47351 47369 47414 47440 47448 47449 47450 47452 47491 47492 47495 47503 47524 47531 47536 47541 47550 47553 47555 47577 47589 47609 47629 47630 47649 47654 47681 47686 47692 47702 47725 47731 47757 47763 47766 47768 47777 47808 47810 47825 47839 47840 47847 47867 47886 47938 47940 47962 47985 47986 48005 48007 48021 48022 48035 48090 48100 48106 48107 48115 48132 48148 48152 48153 48161 48198 48266 48275 48300 48305 48316 48321 48332 48349 48354 48440 48463 48482 48511 48521 48528 48539 48562 48586 48590 48611 48625 48634 48640 48649 48650 48678 48696 48697 48712 48722 48752 48771 48778 48800 48804 48820 48825 48826 48841 48885 48909 48945 48950 48987 49003 49032 49039 49043 49058 49067 49091 49092 49107 49108 49109 49187 49191 49201 49250 49261 49289 49307 49334 49362 49383 49394 49406 49452 49479 49515 49541 49585 49606 49628 49629 49646 49655 49689 49718 49753 49769 49822 49823 49829 49831 49842 49894 49912 49927 49930
jessica 47178 47524 47927 47939 48139 48165 48316 48370 48757 48778 48969 49405 49454 49529 49628 49700 49849
july 47181 47183 47195 47232 47235 47247 47259 47296 47316 47342 47358 47382 47396 47405 47424 47429 47437 47461 47467 47468 47475 47482 47493 47516 47531 47556 47589 47590 47595 47617 47653 47673 47681 47706 47717 47718 47720 47741 47746 47755 47787 47812 47815 47826 47833 47851 47852 47870 47871 47922 47955 47964 47967 47969 47988 47998 48008 48041 48071 48075 48083 48084 48092 48094 48100 48104 48115 48118 48131 48155 48177 48180 48210 48227 48232 48266 48275 48352 48395 48398 48439 48455 48467 48481 48491 48492 48546 48559 48574 48584 48600 48616 48618 48640 48666 48686 48704 48721 48783 48790 48792 48797 48825 48839 48853 48888 48985 48992 48993 49002 49040 49043 49048 49074 49087 49120 49125 49134 49147 49166 49167 49168 49175 49189 49192 49212 49243 49249 49280 49320 49332 49357 49394 49406 49415 49419 49432 49445 49460 49494 49517 49537 49551 49566 49575 49587 49601 49642 49674 49686 49693 49786 49795 49811 49832 49839 49901 49927
zack 47182 47328 47399 48052 48858 49090 49346
junk 47183 47681 48422 49657
january 47183 47185 47205 47237 47261 47266 47268 47308 47315 47346 47368 47450 47455 47519 47523 47550 47564 47609 47615 47664 47712 47757 47770 47789 47794 47842 47843 47882 47912 47924 47955 48000 48014 48024 48032 48042 48044 48089 48091 48147 48152 48155 48266 48301 48365 48388 48432 48466 48491 48493 48567 48629 48649 48654 48664 48688 48778 49043 49107 49249 49269 49270 49338 49342 49344 49353 49378 49405 49452 49488 49534 49564 49569 49629 49632 49646 49650 49666 49699 49788 49897 49915
jihads 47183
judicious 47183 48825
john 47183 47287 47351 47353 47448 47558 47571 47624 47629 47681 47683 47687 47712 47763 47770 47840 47882 47906 47928 47939 48050 48100 48115 48154 48155 48169 48266 48284 48366 48370 48456 48528 48640 48647 48703 48710 48735 48864 48969 48987 49097 49105 49133 49251 49269 49345 49354 49380 49405 49441 49488 49541 49544 49585 49685 49718 49764 49812 49859 49917 49927
jul 47183 47200 47208 47226 47234 47239 47277 47281 47284 47294 47324 47353 47359 47380 47425 47453 47454 47524 47531 47621 47622 47623 47624 47651 47737 47754 47861 47906 47927 47929 47957 47980 48017 48171 48196 48204 48284 48286 48342 48351 48370 48374 48399 48485 48571 48647 48678 48713 48995 49042 49070 49207 49208 49264 49317 49333 49375 49386 49434 49441 49489 49533 49554 49578 49593 49658 49744 49764 49772 49798
jung 47190
johnson 47190 47358 47472 47496 47602 47770 47807 47831 47906 48139 48254 48370 48587 48956 49187 49327 49362 49394 49405 49454 49523 49887 49915 49927
jakob 47200 47208 47234 47239 47277 47281 47284 47294 47324 47353 47359 47380 47453 47622 47624 47651 47737 47754 47861 47906 47927 47957 47980 48017 48115 48171 48196 48204 48229 48284 48286 48342 48351 48370 48374 48399 48485 48571 48647 48713 48995 49042 49070 49119 49124 49207 49264 49333 49375 49386 49434 49441 49489 49533 49554 49593 49658 49666 49744 49764 49772 49798
jun 47200 47208 47226 47234 47239 47277 47281 47284 47294 47324 47353 47359 47380 47425 47453 47454 47555 47593 47602 47621 47622 47623 47624 47651 47737 47754 47861 47906 47927 47955 47957 47980 48017 48083 48139 48155 48171 48196 48204 48260 48275 48284 48286 48332 48342 48351 48364 48370 48374 48399 48485 48571 48647 48684 48713 48995 49042 49070 49207 49208 49237 49264 49333 49375 49380 49386 49394 49434 49441 49489 49533 49554 49578 49593 49658 49744 49764 49798 49817
joachim 47200 47208 47234 47239 47277 47324 47353 47622 47624 47737 47906 48171 48229 48284 48351 48571 48995 49333 49386 49554 49658 49772 49798
jochene 47208
jochan 47208
judess 47208 48374
johan 47208 47624 48567
jozef 47208 47226 47234 47239 47277 47284 47294 47324 47353 47359 47380 47425 47453 47621 47622 47623 47624 47651 47754 47861 47906 47927 47957 47980 48017 48171 48196 48204 48286 48351 48370 48374 48381 48399 48485 48571 48647 48713 48995 49042 49070 49119 49207 49208 49264 49333 49375 49386 49434 49441 49489 49533 49554 49593 49658 49744 49764 49772 49798
jadwiga 47208 47353 47624 47861 48017 48351 48370 48399
zygmunt 47208 47324 47621 47622 47624 47754 47861 47957 47980 48196 48204 48351 48370 48374 48485 48571 48995 49207 49489 49533 49658 49764
jerzy 47208 47284 47624 47861 47927 48204 48399 48571 49489 49593
zandberg 47208 49375
juliusz 47208 47359 47380 48196 48351 48370 49208 49489 49533 49772
zagan 47208 48571 49119
jett 47208
janczalek 47208 47980 49489
juttel 47208 47624 49744
judy 47214 47269 47358 47571 47681 47810 47840 47906 47948 48139 48148 48370 48528 48567 49039 49523 49598
jason 47214 47269 47283 47565 47810 48039 48148 48266 48370 48528 48752 48819 49032 49039 49043 49112 49441 49712 49764 49813 49915
jim 47214 47269 47315 47382 47388 47396 47407 47465 47531 47571 47810 47840 47842 47929 48115 48148 48260 48366 48370 48470 48528 48688 48885 49039 49140 49141 49191 49237 49384 49405 49523 49544 49735 49844 49915
jamgochian 47216
judges 47216 47240 49769
jeffrey 47216 47294 47353 47524 47547 47575 48266 48370 48778 49333 49523 49764
josh 47216 48139 48480 49618 49764 49769
zeros 47221 47702 48101 48384 48820
jump 47224 47382 47491 47492 47531 47536 47681 48316 48649 48987 49842 49883
zelig 47226 47281 47359 47651 48284 48286 48351 48374 48485 48571 49119 49375
jachetta 47226 48017 48284 48399 48647 49441
jachet 47226 47353 47453 47622 47927 48017 48204 48351 48370 49119 49375 49441 49533 49593 49764
jeanette 47226 47524 48370
judith 47226 47294 47353 47906 47927 48370 48374 48645 48778 48885 49140 49274 49593
jehuda 47226 48370 49119 49375
johanna 47226 48370 48567 48647
jeannette 47226 47454
zelma 47226 47861 48370
zhong 47228 47815 48414
joaquin 47231 47446
januar 47234
zlata 47234 47906 48196 48204 48374 48571 48647 49119 49375 49441
zolynia 47234 47906
janner 47234
jener 47234
jenner 47234
juda 47234 47277 47281 47284 47353 47359 47621 47622 47624 47754 47906 48171 48196 48204 48229 48342 48351 48370 48374 48399 48571 48647 48713 48995 49070 49207 49208 49375 49441 49489 49533 49554 49593 49658 49772
jassy 47234 47621
jonathan 47234 47359 47861 47882 47906 48370 48409 49146 49327 49346 49362 49380 49441 49523 49533 49654
jokel 47239 47906
zale 47239 49772
jochebet 47239
jetti 47239 47624 48351 48370 48995
jingles 47240
janell 47240
janice 47240 47358 47425 47624 47685 48015 48266 48370 48399 49748
jams 47242 48326
joshi 47254
japan 47266 47382 47683 48083 48155 48370 48611 48765 49336 49394 49439 49927
journey 47266 47440 47589 47660 47757 48152 48703 48778 49275
juergen 47269 49439
jon 47275 47538 47575 48266 48370 48567 48858 49585
zippy 47276 48081 49204 49729
zysel 47277 48374
jetty 47277 47927 48399 49333
zygmunt+lieba 47277
judel 47277 47284 47906 48229 48370 48374 49375
julianna 47277 47861
zachariasz 47277 48370
zofia 47277 47353 47622 47861 47957 47980 48017 48204 48351 48370 48995 49264 49375 49533 49658
julie 47277 47294 47538 47754 48115 48154 48370 48702 48854 48995 49013 49544
judes 47277 47353 47861 48370 48374 48647 49386 49658
jette 47277
joseph 47277 47294 47353 47425 47454 47524 47575 47621 47622 47624 47650 47718 47906 47927 47967 47980 48007 48017 48154 48171 48196 48204 48266 48284 48316 48370 48399 48480 48494 48647 48703 48713 48735 48854 48995 49022 49042 49070 49327 49333 49362 49405 49441 49489 49523 49593 49658 49764
jaroslaw 47277 48370 48485 49264 49489 49593 49839
zelten 47277
zylberstein 47281
zwierzynieckie 47281 47622
julius 47281 47861 48284 48351 48370 48494 49375
joel 47284 47349 47425 47547 47597 47622 47624 47681 47727 47754 47882 47906 48017 48229 48311 48342 48351 48370 48374 48425 48571 48647 49042 49119 49208 49375 49386 49441 49554 49578 49772
jakub 47284 48995 49119
jetta 47284 48196 48370 48995 49333 49593 49764
jozue 47284 47624 49658
jozua 47284 47294 47957 48017 48284 48351 48995 49386 49744
josef 47284 47324 47353 47380 47425 47621 47622 47624 47737 47861 47906 47957 48017 48204 48229 48286 48351 48370 48399 48485 48571 49207 49264 49333 49375 49386 49533 49593 49744 49798
zussla 47284 48370
zator 47284 49593
zanwel 47284 48171 49333 49489 49764
zalel 47284 47353 47622 48374
joyce 47286 47353 48370 49348 49544 49764
james 47286 47295 47404 47524 47624 47939 47948 48042 48139 48171 48370 48399 48491 48647 48696 48735 48987 48993 49134 49140 49269 49362 49441 49677 49764 49813 49908 49915
jrei 47286
jerry 47286 48370 48611 48969
zeroes 47286 47491 47553 49250
j 47287 47294 47299 47306 47353 47425 47469 47558 47575 47620 47839 47906 47939 47948 47951 47980 47986 48017 48050 48101 48134 48139 48155 48161 48200 48204 48218 48290 48318 48321 48332 48351 48370 48384 48419 48455 48469 48482 48511 48516 48592 48599 48638 48647 48678 48713 48757 48840 48925 48956 48958 49043 49070 49131 49180 49199 49201 49250 49277 49336 49394 49441 49523 49528 49744 49764 49808 49814 49870 49908 49927
zhang 47289 47358 47712 47815 48154 48155 49112 49394 49488
z 47289 47312 47339 47440 47478 47503 47541 47555 47594 47624 47731 47763 47801 47839 47882 47894 47905 47986 48155 48209 48218 48332 48349 48370 48384 48455 48590 48678 48824 48970 49043 49055 49250 49618 49664 49927
java 47289 47312 47337 47346 47450 47491 47503 47553 47555 47629 47649 47681 47731 47766 47777 47825 47831 47839 47848 47872 47900 47919 47975 48000 48115 48122 48132 48153 48301 48305 48349 48450 48455 48470 48494 48495 48539 48567 48582 48590 48596 48612 48665 48712 48748 48771 48795 48825 48858 48909 48945 48947 48983 49017 49043 49118 49133 49140 49164 49191 49214 49362 49416 49452 49541 49544 49822 49873 49894 49915
zoom 47292 47681 49176
zuwei 47293
zweig 47294 48204 48713 48995 49281
zacharyasz 47294 47957
joshua 47294 47330 47353 47378 47379 47415 47416 47439 47454 47528 47540 47641 47667 47696 47718 47749 47757 47793 47861 47906 47931 47936 47948 48139 48163 48176 48267 48310 48331 48370 48496 48499 48500 48524 48555 48584 48709 48781 48896 48924 48998 49161 49354 49492 49545 49602 49616 49618 49663 49675 49743 49827 49852 49856 49900 49911
jessie 47294 47353 47927 48171 48370
julia 47294 47353 47408 47452 47453 47454 47476 47957 48266 48288 48294 48316 48370 48995 49264 49370 49375 49441 49578
zuckerman 47294 47453
joske 47294 49119
zvon 47299 48592 49429
jbig 47299
joint 47301 47358 47529 47589 47631 47686 47768 47789 47924 47942 47955 48050 48155 48281 48311 48502 48507 48744 48800 49140 49151 49187 49191 49300 49336 49394 49479 49615 49714 49915 49919 49927
zipped 47307 47346 48539 48945 49191
justifying 47308 47609 48507
judgements 47308 47609
jordan 47309 47495 47718 48007 48017 48139 48161 48308 48370 48969 49668 49764 49870 49927
zuzka 47313
jfc 47315
junit 47321 47649 48612 48712
junger 47324 49772
jentel 47324 47651 47927 48370 48485 49207
zelinger 47324 49593 49772
jonasa 47324
jechiel 47324 48204 49119
jacobson 47325 47731 47794 48091 48122 48153 48301 48539 48590 48596 48712 48841 49869
jayson 47328
joe 47328 47396 47755 47956 48083 48188 48211 48248 48266 48311 48528 48546 48647 48854 48858 48885 48995 49140 49191 49346 49504 49544
jail 47329 47681 47692 49289
ziegler 47333 47624 48050 49115 49336 49927
jcss 47336 49927
jeff 47336 47609 47681 48050 48311 48370 48548 48778 49164 49199 49523 49927
ja 47336 47928 49927
jgaa 47336 48455 49927
zip 47346 47445 48153 48271 48301 48945 48987 49032
justifiable 47346
johns 47351 48765 49300 49327 49836 49927
judessa 47353 47621 47861 48647 49386
janine 47353 47997 48370
joanna 47353 47453 47861 47980 48351 48647 49533
juliette 47353 48332
jacob 47353 47400 47454 47624 47691 47707 47906 47939 47967 48204 48286 48370 48374 48399 48617 48767 48778 48854 48963 48995 49124 49191 49281 49441 49554 49581 49593 49744 49764 49785 49839 49864 49872
jack 47353 47454 47524 47538 47681 48047 48171 48248 48370 48491 48567 48647 49121 49191 49329 49764 49839
jesse 47353 48351 48370 48713
janet 47353 47737 48204 48370 48504 48509
jean 47353 47425 47681 48171 48204 48370 49016 49658 49764 49839
jennie 47353 48370 49764
zusia 47353
jackson 47353 48370 48384 48748 49043 49345 49735
jay 47353 47737 47980 48017 48155 48326 48370 48854 48995 49533 49764
jake 47353 47681 48650
jarezewski 47353
jane 47353 47681 47754 47906 47980 48266 48370 48399 48536 48647 48650 48885 49441 49764 49839
josiah 47353 48055
jill 47353 47681 47754 47906 48370 49191
julian 47353 47453 47575 47669 47906 47948 48056 48196 48370 48934 49180 49208 49333 49375 49405 49439 49613 49764 49772
joanne 47353 48370 48399 48995
jackie 47353 49658
josephine 47353 48284 48370
zucker 47353 47359 48571 48647 49593
zivia 47353
jurkow 47353
jenne 47353
jonas 47353 47453 47624 47906 47957 47980 48204 48229 48351 48370 48374 48399 48916 48995 49208 49441 49533 49772
zipres 47353
johannesburg 47353
jente 47353 48370
joy 47353 48370 48480 49061 49764
zealand 47353 47382 49439
judea 47358 47629 48364 49007 49097 49541 49718
journals 47358 47930 48266 48669
judged 47358 49655
javascript 47358 48384 48582 48825 49530
judyolson 47358
jointly 47358 47940 48147 48463 48778 48825 49107 49307 49327 49750 49829
juan 47358 47681 47831 49167 49327 49927
javanmardi 47358
jockey 47358
juicy 47358
jared 47358
zarki 47358 48139 48155
zeidman 47359
zamosc 47359 49070
judka 47359 48571 49333
jachwet 47359 48485
zablocie 47359 47957 48995
jochiel 47359
janina 47380 48452 49375 49489
jcdcg3 47382 49927
joan 47396 47681 47737 47980 48017 48171 48340 48370 48399 49034 49764
jamshid 47404
jesmaeln 47404
zoo 47405 47431 47673 47823 47837 48223 48343 48656 48706 48756 49137 49171 49305 49493 49514 49612
junction 47409 48003 48428 49394
juarez 47411
juttla 47425 48342
zissel 47425 47967
zimmerspitz 47425 49593
jozefa 47425 47622 47906 48351 48370
jerome 47425 48370 48713 49764
jules 47425 47906 49764
zimmerman 47425 48155 48204 48370 48820
johannes 47427
zink 47427 48587
justin 47436 47524 47711 47815 47939 48306 48359 48370 48675 48969 49092 49764
jpeg 47440 47677 48152 48885 49429
zare 47448
z+ 47448
jensen 47449 48480 48688 48885 49007 49013
juno 47450 47681
jude 47452 47681 48370
jutla 47453
jamaica 47454 47622 47906
jolla 47454 48370
jerseybefore 47454
zúñiga 47456
zcomputer 47469 47948 48134 48290 48419 48599 48638 48757 48840 49180
zachary 47474 47650 48370 48480 48681 49764
ji 47474 48155 48199 48777 49362
jian 47474 47654 48155
jilau 47481
jíří 47482 49686
judiciously 47491
jumping 47491 47702 48024 49071
justice 47492 48032 48978 49629
jet 47495 47589 48586 49140
zk 47498
jennifer 47499 47660 47861 47906 47968 48165 48266 48370 48567 48647 48692 48778 48843 48922 48969 49030 49160 49164 49216 49239 49262 49387 49567 49638 49747 49764 49849
zigzag 47499
josé 47502
jdt 47503
zybooks 47511
jawornik 47524
zuber 47524
jose 47524 47681 47831 48083 48155 48455 48703 48752 48777 48778 49187 49336 49504 49927
zevi 47524
zev 47524 47624 47906 48370
jigsaw 47531 49383
jie 47532 48759 48909
zenographics 47538
zap 47540 47912 48383 48671 48788 49382
javadoc 47553 47839 48748 48771 48983 49416
zerodivisionerror 47555
jarring 47555 49019
jeff's 47561 49927
zoids 47569 47669 47704 48056 48500 48803 48934 49001 49613 49695
zagoriška 47576
zynet 47577
zisserman 47586
jealously 47589
justify 47589 47650 48678 48858
jia 47602 48047 48393
zvi 47605 47967 48370 48425 49375 49593
zhao 47619 47712 48047 48139 48154 48155 48454 49104 49488 49616
zmigrod 47621 47906
jaslo 47621 47624 47927 48370
jerachmiel 47621
zygfryd 47621 47624 48571 49489 49744
jekele 47622
zipper 47622
judkiewicz 47622 48399 49772
zakopane 47622 48370 48374
zebrzyd 47622
janek 47622
zgierz 47622
jehoudit 47622
zlota 47622 48571
jankel 47622 47957 49533 49798
jecheskal 47622
jozefow 47622
zwolinska 47622
zbigniew 47622 48370
zdzislaw 47622
jentla 47623 48399
zimmel 47624
zenwirth 47624
zaleszczyki 47624
jacques 47624 47754 47906 48370 49593 49658 49744
zionist 47624
zoa 47624
jerusalem 47624 47906 48107 48370 49441 49593
zeev 47624 48204 48370 49533 49593
jezierzany 47624
johann 47624
zastow 47624
jozef+hawyrozli 47624
jaylen 47627
jokes 47627
jeopardy 47629 49541
jones 47629 47948 48139 48480 49394 49541
joins 47641 48460 48748 48778 48916 49454
jacobo 47650
joles 47651
zepeda 47654
jurisdiction 47654 48032
jersey 47660 48370 48425 48859
jpg 47677
jpe 47677
jade 47681 48370
jazz 47681 49517
jeep 47681
jerk 47681
jess 47681
jest 47681
jibe 47681
jilt 47681
jinx 47681
jive 47681
jock 47681
joey 47681
joke 47681 49191 49261
jolt 47681
joss 47681 48370
jove 47681
jowl 47681
judd 47681
judo 47681
juju 47681
juke 47681
jura 47681
jure 47681
jury 47681 48696
jute 47681
zeal 47681
zest 47681
zeta 47681
zeus 47681
zinc 47681
zing 47681
zion 47681
zone 47681 48752 48778 49005 49307
zorn 47681
jewish 47692 48041 48107 48303 48425 49119 49795
zhuoqing 47697 48033 48047
jumps 47702 48820
zoid 47704
janurary 47712 49488
janecek 47712 49488
zheng 47712 47815 47948 48139 48876 49300 49327 49488
jiang 47712 48155 48455 48567 49488
jiayue 47712 49488
zika 47712 48393 49488
janis 47718 48370 49764
ju 47718
jair 47718
jaakkola 47718
jianbo 47718
joris 47718
zoubin 47718
juban 47722
jalali 47731 47735 48155 49342
jungerwirth 47737 48204
josek 47754
jeruchem 47754 48204 48995 49658
zwydt 47754
jed 47754 48778
zahra 47757
jing 47757
zhenhao 47757
javier 47762 48408 49390 49864
j48 47763 49362
joing 47789
jenny 47791 47807 48248 48266 48370 48571 49026 49284 49405 49764
jo 47802 48370
jeanne 47803 49259 49744
jeremy 47807 47939 48370 48456 49327
july23doc 47810
zhihao 47815 48359
zhiyun 47815 48033
zongheng 47815 48359
zhou 47815 49781
zhiqiang 47815
zuo 47815
zhiyong 47815
jehan 47815 48155 48777
jetski 47826
zones 47827 48155 49003 49092
jaam 47831
∪ 47839
∪z 47839
z−x 47839
jth 47839 48482 49201
jedi 47848
joek 47861
zablotow 47861
zweigbaum 47861
zussel 47861 48171 49070 49375
zuzanna 47861 49533
jonshanser 47861
jorge 47861 49487
jar 47872 48983
zhu 47874 48155 48777 49460 49927
jama 47879
joseph+hanny 47906
zabna 47906
jozef+dwojra 47906
zawichost 47906
zimmet 47906
jutte 47906
zilin 47906
zabno 47906 49658
jarocin 47906
zichilinsky 47906
zabne 47906
judah 47906 48107
ziskind 47906
juliana 47906
zeli 47906
jacobovits 47906
zuckerbrod 47906 48571
jasmine 47906 48778 49764
jory 47906
zeva 47906
joachim+itte 47906
zalman 47906 47967 49119 49375
zadyk 47927
zuckermann 47927
zonotopes 47928 48050 48956 49704 49927
jug 47932 48004
jinbo 47939
justyna 47939 48370
jeavons 47939
zivny 47939
jabbour 47939
junttila 47939
julio 47939
jussi 47939
jefferson 47939 48105 48266 48370 49252
jpd 47948 48638
jfeldman 47948 49180
joshug4 47948
jajones 47948
jsolson 47948
zhengkai 47948
ziv 47948 48139 48370 48452 48480
jaguar 47953
jimmie 47955
jsm 47955
zacharja 47957
zoref 47957
jessaias 47957
zanvil 47967
jakov 47967
jeremais 47967
jailhouse 47971
jone 47980
zussl 47980
jacqueline 47980 48370 48480 49026 49441
jae 47980
janelle 47993
zabriskie 48003
journal= 48007 48335
zabierzow 48017
jakob+doba 48017
justices 48032
judicial 48032
judgment 48032
juridical 48032
zonohedra 48050 49115 49927
july–august 48050 49187 49927
joret 48050 49927
jaist 48083 49504
zima 48083 49504
jpl 48083 49504
zushi 48083
joker 48099 48875
jamboree 48100 49685
zin 48101
jews 48107 49593
zechariah 48107
jesus 48107
jew 48107
johnny 48112 48326 49246 49761
jamul 48115
justus 48115
jeffery 48115
jacobs 48115 48155 48370 49523 49764
jareckiprofessordegree 48125
jarecki 48125 48139 48456 49345
jdk 48132 48712 48909 49017 49140
je 48136
zoology 48139
zhaoxia 48139
zhijing 48154 48155
julien 48155 49345
jikai 48155
jinsu 48155
jaatinder 48155
jafarpour 48155 48777
janeiro 48155 48653 49439 49927
jpdc 48155
zu 48155
jochwet 48171 48370 49593
josua 48171 48284 49207
zallen 48171
zallel 48171
jimmy 48172 49812
junkyard 48179 48321 48605 48925 48956 49115 49544 49618 49657 49668 49894
janda 48186
jef 48188
zala 48196
janekmak 48196
jordanow 48196
zusman 48196
jotkowitz 48196
jk 48199
z\ 48199
justine 48204
jeanie 48204
zilla 48204
jass 48204
zugman 48204
jedrzejow 48204
jakarta 48212
jompet 48212
zadock 48229
zach 48248
jeremiah 48266 49864
zetter 48266
jamie 48266 48370 48647 49533
zaslow 48266
jube 48266
jesdanun 48266
joann 48266
zabner 48284
zeno 48284
julianny 48284
jam 48294 48326 48436 48778 49162
juniors 48316 48487 49405
zinn 48316
jacobian 48332 49651
jt 48334
jacheta 48342
zeeman 48351 49191
zelde 48351 49441
judyta 48351 49489
zabierz 48351
zolyn 48351
ziwia 48351
zieger 48351
zollman 48351
zynga 48354
zborov 48370
jacksonville 48370
jasper 48370
zevald 48370
zeitz 48370
jerzey 48370
judy+eidli 48370
jaskowna 48370
jawerbaum 48370
zytman 48370
jaslowitz 48370
zimetbaum 48370
zwern 48370
jayden 48370
jankiel 48370 49489
judson 48370
janos 48370
jody 48370
joie 48370
jayne 48370 48432
julianne 48370 48752
jonah 48370 49764
zelda 48370 48995 49375 49593
zoey 48370
joely 48370
jonathon 48370
zepede 48370
jennette 48370
juli 48370
zagrody 48370
jozsef 48370
judeleib 48370
zielonki 48370
zlate 48370
zupnik 48370
zlacia 48370
zakliczyn 48370
zaklicyn 48370
jurist 48370
jehoshua 48370
joachim+chaia 48370
juliusberger 48370
joachim+itli 48370
zisel 48370 49119
zygelman 48370
zablow 48370
jocelynn 48370
jonasz 48370
juda+eidla 48374
jocha 48374
joche 48374
judita 48374
zyssel 48374
j250 48384
jungleboat 48388 48664
jianfeng 48393
jewels 48395
zalk 48399
jelewis 48432
jörg 48444
javid 48451
zotfinder 48452
jdsl 48455
zhen 48455
jda 48455
javabayes 48459 49097 49718
july'97 48468
jilla 48480
jb 48482
josel 48485
zeil 48491
jen 48491 49359
juei 48491
jvm 48494 48909
j2se 48495
javac 48495 49452
jre 48495 48712
zugzwang 48509
j+1 48511
j++ 48511
journalcomprehensive 48521
johansson 48567
jaccuci 48567
zygmund 48571
jaworzno 48571 48647 48995 49772
jahr 48571
zywiec 48571
zina 48571 49658
jugowice 48571
jakob+scheindle 48571
jetbrain 48586
jetbrains 48586
jabbarvand 48621 49479
jsb 48640
jolles 48647
jolande 48647
zanger 48647
janette 48647
jeanine 48647
jacklene 48647
jomon 48657
z^2 48678
j^2 48678
z=r 48678
jtilton 48696
zeroone 48703
jori 48703
judging 48703
jenik 48703
jolting 48703
zacharias 48713
jana 48753
jutts 48757
zybook 48772
jamoe 48776 49705
jcdl 48777
jammalamadaka 48777 49164
jafarpor 48777
jajodia 48777
zhigang 48777
journeyman 48778
jazzcatsai 48798
jointrees 48800
jot 48821 49289
javatm 48825
jenkins 48829
jbenson425 48854
jlauer 48854
jordana4 48854
justification 48858 49352
jaws 48875
jane's 48885
joe's 48885
jview 48909
zuzana 48912
jenna 48916
jugs 48945
junior 48954 49019 49362 49405
zuri 48969
judge 48978 49191
zebra 48979
jguthrie 48987
jeruchum 48995
jeruchim 48995
zelik 48995
jurkiewicz 48995
zeidner 48995
jochym 48995
jolas 48995
juun 48995
juer 48995
jailbreak 49006
zooming 49032
jcahill 49032
jac95 49043
zurich 49043 49439 49544 49822
jase 49043
zelesnik 49043 49696
jungle 49052
zarlin 49070
jouffe 49097
zonohedron 49115
jens 49118
jonatan 49119
zd 49119
zylberfeld 49119
jerucham 49119
jechezkel 49119
jehoszyja 49119
jona 49119
zalke 49119
zylbercwajg 49119
jeszajasz 49119
zeew 49119
jehudes 49119
jutel 49119
jaczelek 49119
janczelek 49119
jakobzohn 49119
jakubzohn 49119
zajnwel 49119
joozef 49119
jekutiel 49119
juta 49119
jecheskel 49119
zajdenfroj 49119
zelcer 49119
zylbersztejn 49119
jehoszua 49119
zinsler 49119
zitter 49119
zohn 49119
zunz 49119
jomtovzisze 49119
zechariasz 49119
joszyja 49119
jeremiasz 49119
jochewed 49119
zhibo 49125
jeonju 49187 49927
zippled 49191
juice 49193
jea 49199 49808 49927
j↓ 49201
j↓↓ 49201
jn 49201
jenta 49207 49593
janna 49231
juana 49281
zirel 49281
zagorz 49281
jfdi 49289
jerks 49289
zot 49307
zalando 49327
zobel 49333
zlotnik 49333
jankler 49333
jonkler 49333
jochiem 49333
zalhasko 49333
jeju 49336 49927
jorgensen 49336 49927
jihye 49345
jeong 49345
zuerich 49345
zanden 49346
juang 49362
jontel 49375
jitte 49375
josefsthal 49375
zolkow 49375
zimmenstark 49375
zusla 49375
jakobsohn 49375 49772
joachym 49375 49658
zawaja 49375
ziwje 49375
jungwoschilz 49375
jellies 49378
jedidja 49386
zawiercie 49386
jittel 49386
zwick 49394 49764
j68d 49394
japanese 49394
zemlyachenko 49394
zavidovique 49394
jarvis 49394
zhuang 49394
jukka 49438
zagreb 49439
zahedi 49439
zarubick 49441
johannette 49441
jouques 49441
zlayout 49456
junctions 49460 49927
juancho 49471
jbanaag 49471
jue 49471
zaw 49471
ztmaung 49471
zabrig 49489
jillian 49510
jarrett 49523
zloczow 49533
zimeles 49533
zimels 49533
zebrydowska 49533
zysa 49533
zipora 49533
jeanetta 49533
jesucher 49533
zimerspitz 49533
jaworzna 49533
jitchak 49533
jacky 49534
jürgen 49544
zucca 49544
zef 49544
zierer 49554
jeti 49554
jontsche 49578
judenstadt 49593
zydow 49593
josephina 49593
zwi 49593
zultak 49593
jutrin 49593
jakubovic 49593
jechet 49593
zaideman 49593
zonta 49596
z=2k^2 49618
z=2k 49618
zedillo 49648
zew 49658
zulberg 49658
zelman 49658
zeiger 49658
jjz 49658
zihan 49689
zihanc3 49689
jodaiko 49702
zoya 49706
jessa 49706
juts 49718
jawaherul 49733
zasuly 49764
joseph+fanni 49764
zoe 49764
zaun 49772
zamwel 49772
zins 49772
zalewski 49772
zisser 49772
zwierzyn 49772
zemel 49772
zanude 49772
zelog 49772
jilk 49864
jjilk 49864
jatero 49864
zf0xnzbf2cuiqpxash0aeanspi4lomoe+hrpllfvjzpuol96rnya5saloulvlg8axb6mxhcy 49874
j3xykezh5xscq6c+nknngjijh+iuljukzepidq+6gxo6yxu8rc2xvzlliwbukiqmcw+3dnu2 49874
joelle 49915
javabeans 49915
zürich 49927
√n 49927
