[ 47161 47191 47200 47208 47221 47226 47234 47239 47243 47254 47277 47281 47284 47287 47289 47294 47299 47306 47310 47315 47323 47324 47336 47346 47353 47358 47359 47380 47425 47427 47440 47449 47450 47453 47478 47503 47512 47524 47541 47553 47555 47586 47605 47621 47622 47623 47624 47629 47651 47652 47654 47679 47686 47702 47712 47727 47733 47737 47754 47762 47768 47777 47801 47806 47821 47824 47861 47872 47885 47906 47927 47939 47940 47955 47957 47967 47980 47986 48005 48007 48017 48035 48050 48090 48101 48110 48137 48144 48155 48171 48175 48196 48198 48199 48200 48201 48204 48209 48216 48229 48246 48260 48266 48275 48284 48286 48304 48316 48321 48339 48342 48345 48349 48351 48359 48361 48364 48370 48374 48399 48404 48405 48408 48422 48432 48440 48459 48460 48463 48473 48480 48485 48497 48510 48511 48516 48571 48572 48575 48592 48625 48639 48640 48647 48650 48659 48678 48681 48708 48713 48722 48732 48748 48777 48793 48800 48804 48820 48825 48845 48858 48872 48882 48885 48903 48904 48913 48925 48931 48954 48995 48997 49002 49006 49007 49009 49013 49031 49039 49042 49043 49067 49070 49072 49083 49091 49097 49107 49109 49117 49119 49125 49131 49141 49147 49151 49158 49191 49195 49201 49207 49208 49227 49230 49233 49235 49237 49248 49250 49251 49261 49264 49282 49289 49290 49317 49321 49323 49333 49334 49360 49375 49386 49390 49429 49434 49438 49441 49452 49456 49460 49461 49488 49489 49515 49533 49534 49541 49547 49554 49577 49578 49593 49611 49623 49647 49651 49658 49703 49718 49744 49745 49750 49753 49759 49762 49764 49781 49798 49829 49844 49853 49875 49876 49885 49897 49904 49908 49915 49927
katrinka 47165 49367 49492
kay 47167 47168 47216 47232 47240 47242 47266 47285 47286 47298 47308 47309 47325 47358 47382 47393 47398 47411 47426 47432 47442 47468 47469 47486 47492 47495 47507 47511 47527 47534 47536 47538 47565 47609 47615 47619 47627 47641 47642 47644 47649 47654 47660 47679 47685 47686 47731 47752 47768 47794 47803 47833 47843 47844 47847 47879 47893 47904 47924 47940 47948 47955 47997 48015 48022 48042 48091 48106 48113 48125 48134 48139 48147 48172 48186 48210 48266 48290 48308 48316 48326 48370 48393 48406 48413 48417 48419 48432 48440 48452 48461 48463 48480 48504 48521 48562 48564 48590 48599 48638 48650 48682 48697 48699 48702 48703 48710 48712 48719 48725 48741 48752 48757 48763 48765 48778 48787 48826 48829 48840 48865 48916 48950 48954 48965 49003 49019 49026 49046 49058 49061 49073 49078 49080 49091 49104 49107 49108 49118 49147 49168 49173 49180 49259 49275 49276 49289 49307 49334 49348 49383 49405 49452 49454 49462 49468 49471 49479 49481 49515 49524 49526 49534 49585 49596 49616 49628 49629 49646 49648 49691 49714 49748 49764 49769 49777 49829 49831 49860 49881 49886 49920 49921
key 47172 47183 47190 47289 47307 47325 47358 47369 47440 47449 47450 47491 47496 47503 47541 47553 47555 47629 47699 47840 47869 47906 47929 47956 48022 48035 48090 48313 48349 48455 48493 48528 48586 48629 48678 48698 48771 48825 48858 48953 49003 49006 49017 49019 49032 49043 49067 49083 49109 49147 49201 49250 49261 49323 49394 49405 49406 49526 49541 49636 49651 49716 49748 49813 49859 49869 49874 49897 49927
know 47172 47243 47266 47286 47289 47308 47312 47315 47325 47358 47369 47440 47448 47449 47450 47452 47491 47495 47499 47524 47531 47541 47550 47555 47594 47609 47619 47649 47658 47660 47679 47681 47686 47699 47725 47731 47757 47763 47768 47777 47789 47803 47810 47813 47824 47839 47886 47905 47924 47940 47985 47986 48005 48022 48090 48107 48115 48122 48148 48152 48161 48266 48300 48301 48305 48316 48332 48349 48354 48422 48425 48432 48440 48452 48463 48482 48487 48495 48507 48509 48511 48528 48562 48590 48640 48678 48696 48712 48722 48763 48765 48766 48771 48778 48804 48810 48825 48885 48953 48954 48956 49008 49039 49058 49061 49092 49109 49112 49115 49191 49201 49250 49252 49259 49261 49289 49307 49334 49362 49383 49406 49452 49479 49515 49524 49534 49544 49618 49632 49646 49657 49753 49757 49769 49822 49823 49842 49860 49912 49917 49927
kite 47179 47397 47452 47514 47530 47595 47598 47681 47926 48050 49115 49444 49792 49927
khare 47183 47531
killer 47183 48294
keep 47183 47206 47286 47308 47312 47325 47336 47440 47491 47495 47503 47513 47524 47541 47577 47589 47598 47609 47681 47686 47687 47702 47731 47757 47766 47768 47777 47808 47810 47840 47867 47886 47917 47919 48000 48015 48022 48032 48050 48090 48104 48122 48148 48152 48161 48209 48266 48281 48301 48305 48316 48349 48354 48359 48528 48543 48586 48590 48629 48634 48712 48763 48778 48821 48825 48885 48987 49017 49039 49040 49109 49191 49199 49201 49251 49261 49289 49334 49406 49468 49515 49535 49606 49646 49716 49822 49823 49927
keyword 47183 47315 47541 47555 48300 48349 48393 48403 48748 48777 48858 48970
kinds 47183 47312 47369 47450 47491 47503 47555 47679 47725 47777 47810 47986 48090 48106 48113 48147 48152 48161 48266 48305 48321 48354 48482 48611 48678 48696 48771 48885 49043 49191 49201 49250 49456 49523 49585 49629 49842 49860 49915 49927
keywords 47183 47358 47970 48332 48393 48509 48858 48945 49043 49191 49230 49757
+ 47183 47200 47208 47226 47234 47239 47277 47281 47284 47287 47294 47299 47306 47324 47337 47353 47359 47380 47394 47425 47453 47541 47555 47571 47621 47622 47623 47624 47651 47702 47737 47754 47777 47801 47810 47824 47838 47839 47847 47861 47869 47906 47927 47957 47962 47980 47983 47986 48017 48050 48090 48101 48144 48161 48171 48179 48196 48198 48200 48204 48284 48286 48297 48311 48332 48342 48348 48349 48351 48354 48370 48374 48399 48447 48477 48482 48485 48509 48511 48516 48528 48571 48578 48647 48659 48665 48678 48711 48713 48722 48748 48766 48800 48804 48925 48958 48995 49042 49070 49089 49097 49109 49129 49131 49158 49181 49183 49201 49207 49208 49227 49250 49261 49264 49317 49333 49375 49386 49394 49429 49434 49441 49452 49489 49533 49554 49577 49578 49593 49618 49651 49658 49718 49744 49753 49764 49798 49822 49853 49917 49927
kids 47187 47243 47370 47556 48044 48115 48480 48670 48708 48752 48781 48817 48950 49191 49192 49194 49537 49707 49792
k 47188 47289 47294 47301 47306 47336 47427 47462 47469 47575 47586 47629 47631 47731 47839 47872 47928 47948 47951 47962 47986 48050 48095 48134 48199 48218 48290 48297 48321 48336 48348 48349 48370 48384 48412 48419 48469 48482 48493 48511 48599 48638 48647 48655 48678 48722 48757 48800 48820 48840 48850 48854 48925 48953 48980 49121 49125 49180 49181 49187 49191 49199 49201 49277 49284 49336 49362 49394 49409 49438 49528 49533 49541 49547 49607 49753 49764 49814 49823 49870 49927
known 47188 47221 47242 47266 47275 47285 47312 47358 47433 47445 47452 47483 47491 47524 47531 47631 47692 47725 47731 47777 47844 47930 47967 47979 48007 48050 48155 48161 48209 48222 48238 48272 48277 48301 48305 48336 48460 48473 48511 48590 48592 48611 48645 48678 48703 48722 48735 48795 48820 48825 48858 48885 48913 48931 48956 49043 49115 49133 49140 49147 49158 49187 49191 49261 49281 49284 49289 49394 49453 49651 49685 49704 49750 49753 49769 49790 49839 49860 49894 49927 49932
k+1 47188 48678 49394 49438 49618 49927
kutas 47190 47496 47770 49708 49735
+1 47190 47306 47496 47801 47869 47965 48100 48101 48156 48365 48450 48494 48509 48511 48625 48885 49002 49298 49618 49735 49844
kramer 47190 47496 48266 48370 49043 49772
{ 47191 47200 47239 47277 47289 47299 47306 47359 47380 47425 47504 47541 47553 47558 47571 47622 47652 47697 47702 47733 47754 47777 47801 47821 47824 47839 47985 47986 48007 48033 48047 48101 48161 48171 48175 48198 48199 48209 48266 48284 48286 48301 48311 48332 48335 48349 48354 48374 48412 48425 48450 48482 48485 48497 48509 48511 48516 48578 48625 48647 48659 48665 48678 48681 48722 48732 48748 48820 48825 48903 48913 48930 48995 49042 49043 49055 49109 49131 49158 49201 49207 49227 49230 49261 49323 49394 49416 49429 49438 49461 49489 49533 49577 49587 49618 49651 49726 49744 49745 49750 49781 49842 49853
» 47193 47594 47661 47803 48682 48763 48778 48965 49276 49320 49714 49725
knowledge 47197 47254 47266 47323 47358 47369 47435 47440 47450 47454 47468 47486 47491 47524 47555 47558 47575 47577 47619 47629 47644 47679 47692 47718 47721 47725 47731 47928 47967 47986 48001 48032 48050 48122 48139 48153 48155 48161 48210 48364 48384 48425 48455 48482 48511 48567 48590 48596 48611 48645 48678 48697 48699 48764 48778 48795 48824 48825 48854 48858 48876 48885 48965 49043 49097 49104 49191 49249 49261 49281 49307 49383 49391 49394 49406 49541 49629 49646 49677 49718 49748 49823 49839 49860 49876 49908 49927
krakow 47200 47208 47226 47234 47239 47277 47281 47284 47294 47324 47353 47359 47380 47425 47453 47512 47621 47622 47623 47624 47651 47737 47754 47861 47906 47927 47957 47980 48017 48171 48196 48204 48283 48284 48286 48342 48351 48370 48374 48399 48485 48571 48647 48713 48995 49042 49070 49119 49207 49208 49264 49317 49333 49375 49386 49434 49441 49489 49533 49554 49578 49593 49658 49744 49764 49798
karolina 47200 47284 47622 48204 48351 48713 49375 49533 49554 49658
king 47205 47312 47318 47452 47474 47565 47589 47664 47681 47843 48038 48115 48370 48480 48589 48696 48703 48778 48815 48969 49342 49345 49351 49363 49439 49441 49557 49650
kernel 47206 47586 47702 47801 47804 48199 48791 48800 48997 49356 49530 49636 49651 49783
kraftlos 47208
kurt 47208 47225 47624 47681 47861 47948 48139 48400 48599 49533
kerner 47208 48351 48647 49119 49375
kindler 47208
kensington 47208 47622 48284
kugel 47208 47980 49264
krzeszow 47208
kalman 47208 47277 47284 47353 47380 47453 47621 47622 47737 47906 47957 47967 48204 48284 48351 48370 48399 48571 49042 49207 49264 49375 49441 49554 49593 49658 49772 49798
kaile 47208 47861
kind 47214 47312 47325 47369 47440 47448 47449 47491 47495 47527 47550 47553 47555 47577 47629 47681 47757 47810 47825 47920 47986 48015 48147 48152 48161 48266 48275 48301 48305 48349 48354 48406 48440 48482 48487 48539 48611 48650 48678 48696 48703 48771 48825 48885 49017 49043 49058 49061 49092 49109 49119 49191 49233 49250 49251 49261 49289 49524 49541 49628 49753 49769 49822 49842 49844 49917 49932
kosak 47216
kyle 47216 47681 48155 49504
kissler 47216
kevin 47216 47286 47538 47810 47815 47962 48266 48277 48370 48456 48678 48778 49007 49097 49327 49544 49560 49718 49881
kavitha 47225
klara 47226 47313 47324 47624 47861 47906 48351 48370 48571 48819 49375 49533 49593
kfar 47226
kleef 47226
kreindel 47226 47622 47927 47967 48374 49386 49554
kaufer 47226 48351
keiner 47226 47927
krieger 47226 47651 48432 49264
kept 47229 47440 47681 47731 48032 48152 48209 48482 48590 48950 49261
krasnik 47234 48713 49658
karol 47234 47277 47353 47622 47624 47906 48351 48370 48485 48713 49264 49441 49772 49798
katowice 47234 47861 47980 48017 48204
kopel 47239 48171 48204 48571 48713 49070 49593 49658 49772
kaufman 47239 47359 47754 48171 48764 49208 49375 49772
kohn 47239 48370 49375 49658
kahane 47239 48647 49533
korngold 47239 47284 48399 48995
karim 47240 47358 48155 49345
karl 47240 47681 47939 48370 49864
kumar 47240 47254 47900 48455 48777 49112 49327 49345 49362
khalifeh 47240
kiley 47264 47403 47691 49581 49701 49756
knew 47266 47524 47658 47681 47725 47986 48115 48148 48562 48640 48778 49003 49019 49250 49261 49632 49769
kde 47275 48800
kamsler 47277 47353 47927 48171 49772
kleinberg 47277 48455 49489 49927
kirszbaum 47277
kronengold 47277 48196 48204 48351 49042 49119
kalwaryiski 47277
klein 47277 47284 47353 47382 47575 47624 47906 47967 48017 48204 48370 48571 48778 48854 49043 49593
korczyna 47277 47353
kluger 47277 47359 47622 48204 49119 49533 49772
kim 47277 47474 47575 47712 47798 48154 48155 48266 48393 48403 48455 48480 48494 48548 48647 48777 49026 49118 49345 49362 49488 49864 49927
kish 47277
kupferman 47277 47622
karola 47277
klemens 47277 47906 48351
keil 47281 47324 48266 48370 49764
kleinzahler 47281
kuhn 47281 47681 49593
kolajow 47284
katzner 47284 47453 47622 49772
kirschenbaum 47284
keila 47284 47425 48171 48351 48370 48995
kolberg 47284 49666 49772
kostenbaum 47284
klinger 47284 48399 49333
koppel 47284
keeps 47285 48032 48349 48528 48885 49109 49191 49261 49394
kenny 47286 47940 48463 48480 49744
kmers 47289
kmer 47289
kmersize 47289
++++++++++++++++++ 47289
++++++++++++ 47289
+= 47289 47504 47541 47555 47777 48349 48578 49109
keller 47294 48795 49119 49554
koral 47294 48284 49533
koninkrijk 47294
kindergarten 47302 47522 47686 47768 48118 48316 49179 49435
keeping 47306 47312 47325 47358 47440 47450 47555 47589 47615 47731 47824 47919 47928 48032 48122 48152 48153 48266 48590 48703 48712 48752 48756 48821 49017 49043 49046 49109 49187 49261 49334 49560 49760 49822 49927
knowing 47312 47358 47440 47450 47491 47495 47594 47757 47986 48090 48152 48440 48528 48825 48885 49191 49250 49523
kielce 47324 47737 47906 48370 48647
kleinman 47324 48351 48370 48713 49441
kleinmann 47324
kolonia 47324
knows 47325 47337 47440 47491 47524 47536 47541 47577 47589 47702 48022 48106 48354 48528 48539 48678 48696 48778 48825 49191 49362 49629
kuperberg 47333 47353 47561 48050 48678 48956 49115 49336 49927
kissing 47333 48050 49336 49927
kosaraju 47336 47483 47928 48455 49927
klefstad 47337 48106 48139
kelsey 47349 47612 47687 48808 48859 48973 49239 49258 49638 49849 49928
+++paul 47351
kiel 47351 48647
++49 47351
kinks 47351
karen 47353 47524 47575 47906 48115 48370 48480 49269 49471 49764
kate 47353 47681 48370 48622 48797
kessler 47353 47686 47768 48370
kalee 47353
kristine 47353 48702
kern 47353 47674 47681 48410 48515 48864 49425
kornfeld 47353
katz 47353 47524 47624 47681 48342 48351 48370 48854 49281 49772
kroll 47353 48370
keile 47353 47861 47980 48171 48374 48995 49207 49375 49489 49593
kent 47353 47681 48115 48204 48647 49441
kaye 47353 47906 48370
kimberly 47353 47948 48134 48480
kaitlyn 47353 47364 47687 48480 48565 49389 49755
kepnis 47353
krischer 47353 48854
kruse 47353
krim 47353
klasno 47353 47621 47622 47624 47737 47754 47957 48351 48647 48713 48995 49375 49533 49658
kampf 47353
kirschbaum 47353 48284
kolbuzowa 47353
kogel 47353
kalinow 47353
kalman+rifka 47353
koscienek 47353
kalnitzky 47353
klieger 47353
kolbusz 47353
kolbuszow 47353 47957 49333 49554
kinderman 47353
krosno 47353 48995
kuba 47353
korczyn 47353 48204
kalashnikov 47358 47474 48155 48913 49072 49230
keynote 47358 47450 47495 48829 49289
karimel 47358
kobsa 47358 47712 47948 48139 48155 48316 49067 49488 49523 49655 49917
kong 47358 47602 47681 48155 48370 49460 49927
kaufmann 47358 47737 47928 47941 47967 48351 49097 49104 49523 49533 49718 49915 49927
koenderink 47358
kashani 47358
knowledgeable 47358 48115
keindel 47359
korall 47359
klausner 47359 48370 49658 49798
konstancya 47359
kayla 47364 47380 47453 47597 47618 47957 48011 48171 48399 48565 48843 48922 49207 49216 49239 49387 49440 49529 49671 49888
keyboard 47369 47555 47686 47702 47731 47768 48206 48462 48590 48712 48858 49017 49191 49406 49831
korea 47369 47741 47798 48155 49187 49336 49345 49927
keys 47369 47440 47491 47503 47541 47553 47681 47869 48022 48090 48349 48493 48698 48953 49017 49109 49201 49250 49261 49263 49814 49827 49869 49897
kurtz 47380 47624 49119
keynotes 47390 47741 49381 49439 49685
knocking 47393
kurose 47404
keith 47404 47531 47810 48266
keldefra 47404
+10 47405 47497
kromieryz 47425
kenneth 47425 47609 48186 48266 48370 48480 48995 49140 49405 49427 49441 49915
kyla 47425
kenner 47425 49333
kryven 47427
kampa 47429 47475 48616
+20 47439 47779 49724
kiln 47444 48862
kc 47452 49605
kaline 47453
kings 47454 48050 49927
kalb 47454 48370
keryx 47465 47545 47710
kristensen 47465
kruskal's 47472 47602 49887
könig 47472 49887
khurram 47474
khan 47481 47681
khana 47481
kid 47491 48031 49289
klemmer 47496
karmarkar 47496 47882
kazimierz 47512 47622 47861 49593
+0530 47524
kupperberg 47524
koffer 47524
+esther 47524
+aaron 47524
+harry 47524
+jennette 47524
+hymie 47524
+nathan 47524
+oscar 47524
+barbara 47524
kiera 47524
keren 47524
+jonathan 47524
+boy 47524
+nat 47524
+leo 47524
+feiga 47524
+joseph 47524
kornhauser 47524 49593
+moishe 47524
+raquel 47524
+gloria 47524
+ariel 47524
+girl 47524
+reni 47524
+miriam 47524
kab 47524
+jerry 47524
+henry 47524
+adrian 47524
+volf 47524
+avrohm 47524
kagan 47524 47906
+yossel 47524
+dovid 47524
+fishel 47524
+rochel 47524
+raphy 47524
konikov 47524
+chani 47524
+yitzy 47524
+ronnie 47524
kraus 47524 48995
+yisroel 47524
+yosef 47524
kalmanson 47524
+francine 47524
+minny 47524
+lee 47524
+lessing 47524
+allan 47524
+leah 47524
+marry 47524
+brandie 47524
+marie 47524
+frances 47524
+don 47524
+phil 47524
+lisa 47524
+jackie 47524
kathy 47524 47575 49061 49523
+rose 47524
+ida 47524
+valia 47524
+pinkus 47524
+sylvia 47524
+shira 47524
+dora 47524
+frieda 47524
kites 47530 48050 48502 49792 49927
任杰 47532 48759 48909
khaladkar 47538
kleist 47538 47948 48134 49405
kobourov 47539 47570 47928 48455 49327 49836 49870 49927
++ 47541 47725 48090 48578 48748 48882
++i 47541 49201
++used 47541 47777
+o 47541 49577
++current 47541
knot 47547 47681 47939 48311
knies 47550
keen 47555 47681 49406
kill 47555 47589 47681 48509 49214 49268
keypress 47555
kalev 47558 47762 47939 48405 48408 49390 49703
kask 47558 47762 47939 48405 48408 49390 49703
kkask 47558 48405
klixken 47566 48386
klix'ken 47566
konstanz 47570 47800 48030 49805 49927
kingston 47575 48204 49380 49631 49927
kingstone 47575
kristan 47575
kapur 47577 48969
karp 47585 47681 47882 47906 48820
kchi2 47586
kinters 47586
kjs 47586
kernels 47586 47702 48139 48199 48741 48800 48997 49651 49783
ker 47586
khonsari 47589 48969
killing 47589
killed 47589 47702 48266 48370 48425
kcamero1 47609
kicks 47612 48172 48538 48703 48778 48973 49629
kasmi 47621
kirsch 47621
kornblum 47621 47622 49042 49386
kety 47621 47861 49593
kohane 47621 48370 49533 49658 49744
krassel 47622
kaila 47622 48286 48374 48995 49124 49554 49593
kuppermann 47622
kupperman 47622
kolber 47622
kanner 47622 48370 49119 49375
kalwaria 47622 48647 49533
kubicki 47622
kantor 47622
knopf 47622 48196
kijow 47622
kaufler 47623
kshanov 47624
kurz 47624 49870 49927
krystyna 47624 47737
kleinblatt 47624
krakauer 47624 49772
kozienigi 47624
klipper 47624 48995
kindly 47629 49541
kit 47629 47766 48132 48712 49541
katie 47634 47660 47712 47948 48017 48139 48266 48421 48599 48640 48673 48725 48899 48950 48973 49026 49176 49196 49488 49830
kitchen 47644 47654
kowalik 47644 48562 49307
koplik 47651 49042
+age 47652
kyllo 47654
khramtcova 47663 47764
kingdom 47679
kahn 47681 47906 48370 49112
kale 47681
kane 47681 49060
kant 47681 48155 49119
kava 47681
kayo 47681
keel 47681
kelp 47681 48716
kemp 47681
keno 47681
kerr 47681 49648
kick 47681 47816 48072 48697 48849
kiev 47681 48370
kilo 47681
kink 47681
kirk 47681 48370 48647
kiss 47681 47971
kiva 47681
kivu 47681
kiwi 47681
klan 47681
klux 47681
knee 47681
knit 47681 49853
knob 47681
knox 47681 48370
koch 47681
kola 47681
kudo 47681
kurd 47681
karate 47683
ko 47692
kb 47702 47886 48482 49091
++++++++++++++ 47702
kathleen 47712 48186 48370 49488
kingsley 47712 49488
kai 47712 47815 47948 48139 48288 48944 49023 49392 49451 49488
kou 47712 49488
kow 47712 48778 49488
kenton 47712 49488
kappen 47718
kremler 47737 49772
kalmus 47737 48204 49772
klepper 47737
ksiaz 47737
koeln 47754
kuan 47757
keywest 47771 48491
++answer 47777
knuth 47780 48735 48864 49013 49191
kyoungwon 47798
kumari 47815
kurdahi 47815 49046
knight 47831 48266
kosheleva 47831
kreinovich 47831
kato 47831 48370 49115 49657
kelly 47833 48370 49523
ken 47846 48266 48956 49140 49261 49646 49912
krieser 47861 49386
kleinberger 47861 48204 48995 49207 49489 49764
kolomyja 47861
krolikowski 47861 47980
katherine 47861 48370 48699 48916 49026 49061 49070 49526
karafotas 47861
kornbluh 47861 49744
knute 47861
knapsack 47882
khode 47900
khodea 47900
karam 47900
krengel 47906 48229 48647 49593 49772
karin 47906 48370
keiko 47906
kocienice 47906
kains 47906
klang 47906 48351
klapholz 47906 48370
kornitzer 47906 48370
karlsbad 47906
kristak 47906
keirsten 47906
kornreich 47906 48370
klonymus 47906
karel 47906 49191
ksieski 47906
kosice 47906 47967 48425 49593
kolbuszowa 47906 48571 49554 49658
korn 47906 47957
kansas 47906 48370 49269
kaiserman 47906
kleiner 47906
klawier 47906
kalikimaka 47916 49797
kalahgamestate 47919
kalah 47919
kalahpiegamestate 47919
kicked 47924 48422 48857
krendel 47927
kalusz 47927 49441 49593 49658
kreveld 47928 48348 49336 49927
λ 47928 48050 48277 48722 49927
k3 47930 48050 49927
k4 47930 48050 49927
kx 47930 48050 49927
kaski 47939 48087
khiari 47939
katsirelos 47939
krogt 47939
kostas 47939
kolaitis 47939
kotthoff 47939
kiyan 47939
kennyqn 47940 48463
kagurazaka 47944 48292
khermans 47948 48134
kpeppler 47948
kylie 47948 48139 48370
ksalen 47948 48599
ksquire 47948 48599
kaul 47957 48155
ksb 47962
k=3 47962
k=4 47962
k=12 47962
ksbrown 47962 48678
+5 47964
kreiswirth 47967
kozava 47967
kriftech 47967
kallech 47967
kalech 47967
klonimus 47967 49658
kalich 47967
karcsa 47967
kraynak 47967
kin 47967
krantcha 47967
kohlman 47980 49375
kastner 47980
karmel 47980 49533
klempner 47980 49772
kutner 47980
key= 48007
kamal 48009 49677
katersohn 48017
kattersohn 48017
kleinhandler 48017
kral 48019
karlin 48039
klavžar 48050 49927
ku 48050 48819 49927
knauer 48050 49336 49927
kihei 48083
kubota 48083 49504
kogge 48083 49504
kiyofumi 48083 49504
kazuki 48083 49504
kazuhiro 48083
kyotaro 48083
kitamura 48083
kleifarvatn 48087 48547
karman 48100
koll 48100
kruskal 48105 48735 49394
kanomata 48115 49140
kayaking 48115
kohlenberger 48115
kington 48115
kohatsu 48115
kistler 48115 49140
kammer 48115 49121
khoi 48115
klefstadt 48139
kyungbaek 48155 48403 48777
kiyoshi 48155
kyougwoo 48155
krishna 48155 48266
kyoungwoo 48155 49759
kluwer 48155 48455 49394
klashnikov 48155
korean 48155
kreuger 48155
kaper 48171
kruder 48171
kapper 48171
kopper 48171
kiwe 48171
kepper 48171 49772
kopfer 48171
kmnugent 48171
kilda 48171
kew 48171
kieron 48186 49265
khargonekar 48186
kahan 48196
k=1 48199
k\ 48199
kunstler 48204
knoblach 48204
kamien 48204 49533
kornberg 48204
koss 48204
katleen 48204
kletz 48204
kosselis 48204
kaplan 48211 48370 48681 49764
kusolwong 48212
kuswidananto 48212
kawa 48226
kinderdijk 48251 49437
k=20 48254
+ethanol 48254
+factor 48254
krugman 48266
kay's 48266
karima 48266
kolbert 48266
krajcik 48266
kreie 48266
kennedy 48266 49003 49266
kirszenbaum 48284
kirschner 48284 48351 48370
kestenberg 48284 48370
kwaczala 48284
knotted 48311
kalichman 48316
kira 48318
kaiser 48326 49140
kedem 48332 48455
kargs 48349 49109
krongold 48351 49042
krzeszowice 48351 49593 49772
kotel 48351
kantorow 48351
kantorowice 48351
krakowski 48351
koranyi 48351
kolomej 48351
kollman 48351
kolerycka 48351
korelice 48351
koller 48364 49007 49554
kaler 48366
kreinik 48370
kawamuro 48370
kfriedman 48370
ky 48370 49764
kleczynski 48370
kostman 48370
kasal 48370
kaminker 48370
klier 48370
kosches 48370 48399 49489 49658
krzeszowiak 48370
kordick 48370
kerri 48370
kon 48370
kalwarya 48370 49264
kathryn 48370
koplin 48370
kobrin 48370
knoxville 48370
kris 48370 49026
klinsky 48370
klawansky 48370
kristi 48370
kohls 48370
kayley 48370
kriso 48370
kass 48370
kallas 48370
kaynor 48370
kayner 48370
kronsteiner 48370
kimberley 48370
kozberg 48370
kiela 48370
kankakee 48370
karina 48370
krasney 48370
keinigsberg 48370
koffman 48370
kanabec 48370
knudson 48370
kraindl 48370
kemeny 48370
klapholtz 48370
korczak 48370
kszanow 48370
kresel 48370
kolaczyce 48370
kuss 48370
kertzner 48370
kline 48370
kliner 48370
kyra 48370 48480
kimelman 48370
kimmelman 48370
konigshuette 48370
kommel 48370
kristin 48370 48778 49026
kreutz 48370
keens 48370
ks 48370
keston 48370
kohtz 48370
komenetz 48370
koenigsberg 48370 49375
kurlancheck 48370
kurland 48370
knutson 48370
khiley 48370
kibler 48370
kornfield 48370
kohan 48374
komorowice 48374 49264
klajman 48381 49593
koplar 48399
kerim 48403 48777
khadilkar 48403 48777
kantarcioglu 48403 48777
konolige 48405
krishner 48451
kunisaki 48452
kloss 48455
kravets 48455
katelyn 48480
kiana 48480
kristen 48480 48928 49026
khuong 48480
khaine 48480
kausen 48480
knobel 48485 48778
kari 48491 48567 48969 49851 49915
kejariwal 48494
ki 48494
kolson 48494
++p 48511
+0 48511
karlsruhe 48548 49336 49927
kabisch 48567
karasudani 48567
ksiel 48571
kehndel 48571
keypoints 48575
keypoint 48575
kayala 48590
kindle 48590 49523 49917
kelner 48645
ksias 48645
krulik 48645
kinneret 48645
karniel 48645
krystynopol 48647
+\infty 48659
+3 48665
k^2 48678
k+2 48678
k0 48678
k1 48678
klee 48678
ksw 48678
kaelyn 48702
klima 48703
klyky 48704
kinberg 48713
kronenblum 48713
konskie 48713
krajewski 48713
λv 48722
kaur 48777
kissell 48778 48787
kelley 48778
kristina 48778
karan 48778
kindred 48778
ksize 48800
kstype 48800
k=sqrt 48800
knn 48800
kld 48800
kdes 48800
kde2 48800
klgrad 48800
kl 48800
kostitsyna 48819 49631 49927
kreutzer 48820
krause 48820
kung 48820
kpcc 48826
kraut 48854
krigsman 48854
kauftheil 48854
kilns 48862
kerning 48864
kms 48885
kaleidoscope 48888
kc\endcsname 48903
kd\endcsname 48903
kn\endcsname 48903
kr\endcsname 48903
kp\endcsname 48903
kt\endcsname 48903
k\endcsname 48903
knoxes 48906
kniffin 48954
kristian 48956
kolountzakis 48956
kao 48969 49927
+15 48976 49690
kapor 48978
kratz 48995
korner 48995
kenyon 48995
krajewska 48995
kollender 48995
kudos 49003
korb 49007
kjaerulff 49007
kanazawa 49007
keven 49022
karpel 49042
kron 49043 49577
kenney 49043
kommunikationen 49043
kondracki 49070
karenina 49091
kilobits 49091
keepaway 49097 49718
+str 49109
kash 49112
koebe's 49115
+g++ 49117
kislev 49119
kalonymos 49119
kalfus 49119
kaliszowski 49119
katzengold 49119
klimand 49119
konner 49119
kopler 49119
kofler 49119
kornheiser 49119
krengiel 49119
krigier 49119
kurc 49119
kutscher 49119
k+5 49125
knobs 49143 49316
korth 49164
keyboards 49168
kawabe 49187 49927
kunz 49191
keenest 49191
kernighan 49191
knottedness 49199 49927
kinetic 49199 49927
kempler 49208
kobylow 49208
kills 49214
královský 49243
kwie 49249
kwietnia 49249
kusters 49260
krejzel 49264
ksiaze 49264
kansas's 49269
klawe 49289
kragen 49304
keyval 49323
krob 49334
kaczmarek 49345
kookmin 49345
kaist 49345
kasper 49345
kappa 49362
kr 49362
kelhofer 49375
kanarvogel 49375
kampler 49375
krumholz 49375
kamienica 49375
kwasniewski 49375
koszyc 49375
kohlmann 49375
kirsz 49375 49772
kroszien 49375
kromolo 49375
kurtzberg 49375
katarzyna 49375
kaposvar 49375
kalisza 49386
kalisz 49386 49533
khodabandeh 49393
+k 49394
+\log 49394
kadokura 49394
kuratowski 49394
krp 49394
ki\ge 49394
k\ge 49394
kashyap 49394
k\le 49394
knots 49394
kamran 49394
kling 49405
knighthood 49406
k=0 49409 49927
kude 49439
kuhrmann 49439
ksreiser 49471
kidney 49479
koplowicz 49489 49798
kamil 49489
kohala 49504
kasahara 49504
kyushu 49504
kellogg 49523
krampner 49533
kross 49533
krolestowa 49533
kazimierza 49533
kenty 49533
kortenkamp 49544
kmeans 49547
kratzer 49554
kreidel 49554 49772
kayli 49554
kalbfleisch 49585
krakowie 49593
kazimierzu 49593
klener 49593
kanarek 49593
kloisner 49593
knaan 49593
kadish 49593
kuhnreich 49593
katzaf 49593
krynica 49593
klipstein 49593
kjt987 49605
kqj 49605
+0000 49618
+y^2 49618
+z^2 49618
krzysztof 49647
kishore 49654
kothapalli 49654
knijnenburg 49655
+0900 49657
+angle 49657
klarfeld 49658
kittlitz 49658
keogh 49677
kypraios 49691
kerry 49693
kat 49724
koszyce 49744
kissman 49744
kupczyk 49744
kanungo 49753
kmnpsw99 49753
kyoungwl 49759
kleinglad 49764
krzeslawie 49764
klepesch 49764
kalsman 49772
kohl 49772
kowalski 49772
kalwaryjski 49772
kot 49772
knapik 49772
kraushaar 49772
kotke 49772
koper 49772
kamzler 49772
kreutler 49772
kiosk 49774
kannan 49781
kolonowic 49798
korkmaz 49808 49927
kurzweil 49812
kahului 49822
ksaville 49864
kemal 49864
kindermann 49870 49927
kaigani 49891
+i 49897
kdd 49908
kwok 49908
koji 49912
kedit 49912
krasner 49915
krumm 49917
k2 49927
kuo 49927
kyoto 49927
kernelization 49927
kawarabayashi 49927
