j 52709 52824 52837 52841 52860 52994 52998 53054 53070 53210 53232 53251 53298 53311 53362 53370 53395 53406 53531 53739 53791 54406 54635 55311
janna 52710
jul 52711 52832 52836 52841 52863 52983 53005 53034 53041 53102 53188 53222 53230 53237 53249 53261 53265 53286 53311 53325 53347 53348 53349 53370 53378 53395 53462 53498 53502 53529 53565 53571 53578 53597 53699 53832 55460
jakob 52711 52832 52836 52863 52920 53005 53034 53041 53084 53102 53188 53230 53237 53249 53261 53286 53311 53325 53347 53348 53370 53378 53395 53462 53502 53565 53578 53597 53832
jun 52711 52781 52832 52836 52863 52920 53005 53016 53034 53041 53065 53102 53171 53188 53222 53230 53237 53249 53261 53265 53286 53311 53325 53347 53348 53349 53370 53378 53395 53462 53498 53502 53529 53571 53578 53597 53699 53704 53747 53784 53832 54264 54468 54558 54620 54894 55314 55318 55371 55435 55460
jozef 52711 52781 52836 52863 53005 53034 53041 53102 53188 53222 53237 53249 53261 53265 53311 53325 53347 53348 53349 53370 53378 53395 53462 53502 53565 53571 53578 53597 53832
* 52711 52724 52741 52770 52781 52788 52795 52810 52824 52832 52836 52846 52850 52863 52911 52952 52974 52983 53005 53030 53034 53041 53054 53067 53070 53085 53089 53099 53102 53104 53110 53113 53119 53139 53144 53188 53207 53222 53230 53237 53249 53251 53261 53264 53265 53285 53286 53298 53311 53318 53325 53327 53347 53348 53349 53370 53378 53380 53395 53426 53444 53462 53465 53498 53502 53529 53540 53554 53565 53571 53578 53583 53597 53661 53694 53696 53699 53754 53768 53780 53794 53806 53816 53832 54309 54572 54741 54769 55041 55063 55072 55160 55208 55233 55308 55310 55319 55330 55339 55377 55422 55428 55434 55438 55447
zygmunt 52711 52836 52863 53034 53188 53571
julianna 52711
jan 52711 52715 52781 52832 52836 52863 52983 53005 53034 53041 53050 53102 53188 53209 53222 53230 53237 53249 53261 53286 53311 53325 53347 53348 53349 53357 53370 53378 53395 53405 53441 53462 53488 53498 53502 53529 53565 53571 53575 53578 53597 53699 53780 53832 53934 54513 55034 55088 55460
jachetta 52711 53261 53832
joe 52714 53333 53417 53504 53553
johnson 52714 52818 52824 52834 52869 53070 53079 53157 53196 53478 53905 53940 54029 54031 54032 54034 54045 54047 54065 54080 54175 54182 54225 54250 54297 54372 54623 54646 54673 54718 54899 54932 55001 55079 55107 55115 55134 55243 55253 55263 55291 55319 55333 55343 55362 55363 55364 55367 55401 55415 55418 55428 55429
japan 52714 52994 53124 53330 53334 53361 53362 53417 53501 53940 53969 54095 54164 54241 54451 54457 54595 55079 55452 55462
zones 52715 52941 53899 54501 54619 54711 54885 55090 55111
zillow 52715 54597 54667
zhendong 52715 54080 54899
java 52724 52751 52846 52894 53000 53010 53054 53067 53232 53253 53262 53298 53302 53318 53345 53423 53749 53894 53932 53955 54154 54186 54211 54254 54297 54346 54348 54366 54427 54459 54544 54739 54784 54813 54826 54872 54874 54963 55020 55054 55115 55148 55171 55237 55242 55459 55466
july 52725 52729 52767 52777 52787 52798 52808 52866 52874 52889 52913 52914 52918 52920 52967 52970 52972 52994 52997 53070 53090 53097 53115 53124 53130 53196 53206 53213 53227 53234 53247 53254 53268 53295 53296 53310 53334 53341 53343 53345 53356 53371 53418 53423 53424 53429 53495 53499 53503 53534 53550 53551 53584 53588 53596 53617 53650 53673 53690 53698 53704 53747 53748 53751 53784 53798 53821 53841 53844 53846 53847 53849 53850 53851 53852 53853 53854 53855 53856 53857 53858 53860 53861 53862 53864 53865 53868 53869 53870 53871 53872 53873 53874 53875 53876 53877 53878 53879 53881 53882 53883 53884 53885 53886 53887 53888 53889 53890 53891 53892 53893 53894 53895 53896 53897 53898 53900 53901 53902 53906 53907 53908 53909 53910 53911 53912 53913 53914 53916 53917 53919 53920 53921 53923 53924 53925 53927 53928 53929 53930 53931 53932 53933 53935 53936 53937 53938 53943 53944 53945 53946 53947 53949 53950 53952 53953 53954 53957 53958 53959 53960 53961 53962 53963 53964 53965 53966 53967 53969 53970 53971 53972 53973 53974 53976 53977 53979 53981 53982 53983 53984 53985 53987 53988 53989 53990 53991 53992 53993 53995 53996 53997 53998 54000 54001 54002 54004 54005 54006 54007 54008 54009 54010 54011 54012 54014 54015 54016 54017 54018 54020 54021 54022 54023 54024 54025 54026 54027 54028 54029 54030 54031 54032 54033 54034 54036 54037 54039 54041 54044 54045 54046 54047 54048 54049 54050 54052 54053 54054 54057 54058 54060 54061 54062 54063 54065 54066 54067 54068 54069 54070 54071 54072 54073 54075 54076 54077 54081 54082 54083 54084 54085 54087 54088 54089 54090 54091 54094 54095 54097 54098 54100 54101 54102 54103 54104 54105 54106 54107 54108 54110 54111 54112 54113 54115 54116 54117 54118 54119 54120 54121 54122 54123 54124 54125 54126 54127 54128 54129 54130 54131 54132 54134 54135 54136 54137 54138 54140 54141 54142 54143 54144 54145 54146 54147 54149 54151 54152 54155 54156 54157 54158 54159 54160 54161 54162 54163 54164 54165 54166 54167 54168 54170 54171 54172 54174 54175 54176 54177 54178 54179 54181 54182 54183 54184 54185 54186 54187 54189 54190 54191 54192 54193 54194 54195 54196 54197 54198 54199 54200 54201 54203 54204 54205 54206 54208 54209 54210 54211 54212 54214 54216 54217 54218 54219 54220 54221 54222 54223 54224 54225 54227 54228 54229 54230 54231 54233 54234 54235 54236 54237 54238 54239 54241 54242 54243 54244 54245 54247 54248 54250 54251 54253 54254 54255 54256 54257 54258 54260 54262 54263 54264 54266 54267 54268 54269 54270 54272 54273 54274 54275 54277 54281 54282 54283 54285 54286 54287 54288 54289 54290 54291 54292 54295 54296 54298 54299 54301 54303 54304 54305 54307 54308 54310 54311 54314 54315 54316 54317 54318 54320 54321 54323 54324 54328 54330 54331 54332 54333 54335 54336 54337 54338 54339 54340 54342 54343 54344 54345 54347 54350 54351 54352 54354 54355 54357 54358 54359 54360 54361 54362 54363 54364 54365 54366 54367 54368 54369 54370 54371 54372 54375 54376 54377 54379 54382 54383 54384 54385 54386 54387 54388 54389 54391 54392 54396 54397 54398 54399 54400 54401 54402 54403 54405 54406 54407 54409 54411 54412 54413 54414 54415 54416 54417 54418 54420 54422 54423 54424 54425 54426 54427 54429 54430 54431 54432 54433 54435 54437 54439 54440 54441 54442 54443 54444 54446 54448 54449 54450 54451 54452 54453 54454 54455 54456 54457 54458 54459 54460 54461 54464 54465 54466 54467 54468 54469 54470 54471 54472 54474 54476 54477 54481 54482 54483 54484 54485 54486 54487 54488 54489 54490 54491 54493 54494 54497 54498 54499 54503 54504 54505 54506 54507 54508 54509 54511 54512 54513 54515 54516 54517 54518 54519 54521 54522 54523 54524 54525 54526 54530 54531 54532 54533 54534 54535 54536 54539 54540 54542 54543 54545 54546 54548 54549 54550 54551 54553 54554 54555 54556 54557 54558 54559 54560 54561 54562 54563 54565 54566 54567 54568 54570 54571 54573 54574 54575 54576 54577 54578 54579 54580 54581 54582 54583 54584 54586 54587 54589 54592 54593 54595 54596 54597 54598 54599 54600 54601 54602 54604 54605 54607 54608 54609 54611 54612 54613 54615 54616 54618 54620 54621 54622 54624 54625 54626 54627 54628 54629 54630 54631 54632 54633 54635 54636 54637 54638 54639 54640 54642 54643 54644 54645 54647 54648 54649 54650 54651 54652 54654 54657 54658 54659 54660 54662 54663 54664 54665 54666 54667 54668 54669 54670 54673 54674 54675 54676 54677 54678 54679 54682 54683 54684 54685 54687 54689 54690 54691 54692 54693 54694 54695 54697 54698 54699 54701 54702 54704 54705 54706 54707 54708 54712 54713 54714 54717 54718 54720 54724 54725 54727 54728 54729 54730 54731 54733 54734 54735 54736 54737 54738 54739 54740 54742 54743 54744 54745 54746 54747 54753 54754 54756 54757 54758 54759 54760 54761 54763 54764 54766 54770 54771 54774 54775 54777 54779 54780 54781 54782 54783 54784 54785 54786 54787 54789 54790 54791 54792 54793 54796 54797 54798 54799 54801 54803 54805 54806 54808 54809 54810 54812 54813 54815 54816 54818 54819 54820 54821 54824 54825 54827 54829 54830 54831 54832 54833 54834 54835 54836 54837 54838 54839 54842 54843 54844 54845 54846 54847 54848 54849 54850 54852 54853 54854 54855 54856 54858 54859 54860 54861 54862 54863 54864 54865 54866 54867 54868 54869 54870 54872 54873 54874 54875 54876 54878 54880 54881 54882 54883 54884 54885 54888 54889 54890 54891 54892 54893 54894 54895 54896 54897 54898 54902 54903 54904 54905 54906 54908 54909 54910 54911 54913 54915 54917 54919 54920 54923 54924 54925 54926 54927 54928 54929 54931 54932 54933 54934 54935 54936 54937 54938 54939 54940 54943 54944 54947 54949 54950 54951 54952 54953 54954 54955 54956 54957 54958 54959 54960 54961 54962 54963 54964 54965 54966 54967 54968 54969 54970 54971 54972 54973 54975 54977 54978 54979 54981 54982 54983 54984 54985 54986 54988 54989 54990 54991 54992 54993 54994 54995 54997 54999 55000 55002 55003 55004 55005 55006 55007 55008 55009 55010 55011 55012 55013 55015 55016 55017 55018 55019 55020 55021 55023 55025 55027 55029 55030 55031 55035 55036 55037 55038 55039 55040 55042 55043 55044 55046 55048 55049 55050 55051 55053 55054 55055 55056 55059 55060 55061 55062 55064 55065 55066 55068 55069 55070 55071 55073 55074 55075 55076 55077 55078 55081 55082 55083 55084 55085 55086 55087 55088 55089 55090 55091 55092 55093 55094 55095 55096 55097 55100 55101 55102 55103 55104 55105 55108 55109 55110 55112 55113 55116 55117 55118 55119 55120 55121 55122 55124 55125 55126 55127 55130 55131 55132 55133 55135 55136 55137 55138 55139 55140 55141 55142 55143 55144 55145 55147 55149 55150 55151 55154 55155 55156 55157 55158 55159 55161 55162 55163 55164 55165 55166 55167 55168 55169 55170 55172 55173 55174 55175 55176 55177 55178 55179 55180 55181 55182 55183 55184 55185 55187 55190 55191 55193 55194 55195 55196 55197 55198 55199 55200 55201 55202 55203 55205 55206 55207 55210 55211 55212 55213 55214 55215 55216 55217 55218 55219 55220 55221 55222 55224 55227 55228 55229 55231 55232 55234 55237 55239 55240 55242 55243 55244 55245 55246 55247 55249 55250 55251 55253 55256 55257 55258 55259 55260 55263 55264 55265 55267 55268 55269 55271 55272 55273 55274 55276 55277 55280 55281 55282 55283 55284 55285 55286 55288 55289 55290 55291 55292 55293 55294 55295 55296 55298 55300 55301 55302 55303 55304 55305 55306 55307 55309 55310 55311 55312 55313 55314 55315 55316 55317 55318 55319 55320 55321 55322 55323 55324 55325 55326 55327 55328 55329 55330 55331 55332 55333 55334 55335 55336 55337 55338 55339 55340 55341 55342 55343 55344 55345 55346 55347 55348 55349 55350 55351 55352 55353 55355 55356 55357 55358 55359 55360 55361 55362 55363 55364 55365 55366 55367 55368 55369 55370 55371 55372 55373 55374 55375 55376 55377 55378 55379 55380 55381 55382 55383 55384 55385 55386 55387 55388 55389 55390 55391 55392 55393 55394 55395 55396 55397 55398 55399 55400 55401 55402 55403 55404 55405 55406 55407 55408 55409 55410 55411 55412 55413 55414 55415 55416 55417 55418 55419 55420 55421 55422 55423 55424 55425 55426 55427 55428 55429 55430 55431 55432 55433 55434 55435 55436 55437 55438 55439 55440 55442 55443 55444 55447 55452 55458 55462
zero 52729 52824 52994 52995 53007 53070 53089 53148 53335 53479 53628 53912 53924 53949 53991 54020 54025 54044 54090 54095 54119 54137 54164 54489 54491 54580 54611 54737 54756 54787 54801 54808 54849 54928 55125 55168 55363 55429 55458
jobs 52739 52748 52750 52787 52792 52810 52834 52835 52842 52852 52882 52883 52888 52955 52988 52998 53053 53066 53081 53085 53111 53115 53119 53125 53127 53134 53147 53166 53210 53221 53268 53275 53287 53289 53327 53387 53410 53413 53420 53426 53452 53455 53478 53495 53509 53514 53516 53531 53541 53550 53575 53577 53595 53626 53629 53676 53694 53704 53723 53733 53770 53811 53826 53843 53844 53845 53846 53847 53848 53849 53850 53851 53852 53853 53854 53855 53856 53857 53858 53859 53860 53861 53862 53863 53864 53865 53866 53867 53868 53869 53870 53871 53872 53873 53874 53875 53876 53877 53878 53879 53880 53881 53882 53883 53884 53885 53886 53887 53888 53889 53890 53891 53892 53893 53894 53895 53896 53897 53898 53899 53900 53901 53902 53903 53904 53905 53906 53907 53908 53909 53910 53911 53912 53913 53914 53915 53916 53917 53918 53919 53920 53921 53922 53923 53924 53925 53926 53927 53928 53929 53930 53931 53932 53933 53934 53935 53936 53937 53938 53939 53940 53941 53942 53943 53944 53945 53946 53947 53948 53949 53950 53951 53952 53953 53954 53955 53956 53957 53958 53959 53960 53961 53962 53963 53964 53965 53966 53967 53968 53969 53970 53971 53972 53973 53974 53975 53976 53977 53978 53979 53980 53981 53982 53983 53984 53985 53986 53987 53988 53989 53990 53991 53992 53993 53994 53995 53996 53997 53998 53999 54000 54001 54002 54003 54004 54005 54006 54007 54008 54009 54010 54011 54012 54013 54014 54015 54016 54017 54018 54019 54020 54021 54022 54023 54024 54025 54026 54027 54028 54029 54030 54031 54032 54033 54034 54035 54036 54037 54038 54039 54040 54041 54042 54043 54044 54045 54046 54047 54048 54049 54050 54051 54052 54053 54054 54055 54056 54057 54058 54059 54060 54061 54062 54063 54064 54065 54066 54067 54068 54069 54070 54071 54072 54073 54074 54075 54076 54077 54078 54079 54080 54081 54082 54083 54084 54085 54086 54087 54088 54089 54090 54091 54092 54093 54094 54095 54096 54097 54098 54099 54100 54101 54102 54103 54104 54105 54106 54107 54108 54109 54110 54111 54112 54113 54114 54115 54116 54117 54118 54119 54120 54121 54122 54123 54124 54125 54126 54127 54128 54129 54130 54131 54132 54133 54134 54135 54136 54137 54138 54139 54140 54141 54142 54143 54144 54145 54146 54147 54148 54149 54150 54151 54152 54153 54154 54155 54156 54157 54158 54159 54160 54161 54162 54163 54164 54165 54166 54167 54168 54169 54170 54171 54172 54173 54174 54175 54176 54177 54178 54179 54180 54181 54182 54183 54184 54185 54186 54187 54188 54189 54190 54191 54192 54193 54194 54195 54196 54197 54198 54199 54200 54201 54202 54203 54204 54205 54206 54207 54208 54209 54210 54211 54212 54213 54214 54215 54216 54217 54218 54219 54220 54221 54222 54223 54224 54225 54227 54228 54229 54230 54231 54232 54233 54234 54235 54236 54237 54238 54239 54240 54241 54242 54243 54244 54245 54246 54247 54248 54249 54250 54251 54252 54253 54254 54255 54256 54257 54258 54259 54260 54261 54262 54263 54264 54265 54266 54267 54268 54269 54270 54271 54272 54273 54274 54275 54276 54277 54278 54279 54280 54281 54282 54283 54284 54285 54286 54287 54288 54289 54290 54291 54292 54293 54294 54295 54296 54297 54298 54299 54300 54301 54302 54303 54304 54305 54306 54307 54308 54309 54310 54311 54312 54313 54314 54315 54316 54317 54318 54319 54320 54321 54322 54323 54324 54325 54326 54327 54328 54329 54330 54331 54332 54333 54334 54335 54336 54337 54338 54339 54340 54341 54342 54343 54344 54345 54346 54347 54348 54349 54350 54351 54352 54353 54354 54355 54356 54357 54358 54359 54360 54361 54362 54363 54364 54365 54366 54367 54368 54369 54370 54371 54372 54373 54374 54375 54376 54377 54378 54379 54380 54381 54382 54383 54384 54385 54386 54387 54388 54389 54390 54391 54392 54393 54394 54395 54396 54397 54398 54399 54400 54401 54402 54403 54404 54405 54406 54407 54408 54409 54410 54411 54412 54413 54414 54415 54416 54417 54418 54419 54420 54421 54422 54423 54424 54425 54426 54427 54428 54429 54430 54431 54432 54433 54434 54435 54436 54437 54438 54439 54440 54441 54442 54443 54444 54445 54446 54447 54448 54449 54450 54451 54452 54453 54454 54455 54456 54457 54458 54459 54460 54461 54462 54463 54464 54465 54466 54467 54468 54469 54470 54471 54472 54473 54474 54475 54476 54477 54478 54479 54480 54481 54482 54483 54484 54485 54486 54487 54488 54489 54490 54491 54492 54493 54494 54495 54496 54497 54498 54499 54500 54501 54502 54503 54504 54505 54506 54507 54508 54509 54510 54511 54512 54513 54514 54515 54516 54517 54518 54519 54520 54521 54522 54523 54524 54525 54526 54527 54528 54529 54530 54531 54532 54533 54534 54535 54536 54537 54538 54539 54540 54541 54542 54543 54544 54545 54546 54547 54548 54549 54550 54551 54552 54553 54554 54555 54556 54557 54558 54559 54560 54561 54562 54563 54564 54565 54566 54567 54568 54569 54570 54571 54572 54573 54574 54575 54576 54577 54578 54579 54580 54581 54582 54583 54584 54585 54586 54587 54588 54589 54590 54591 54592 54593 54594 54595 54596 54597 54598 54599 54600 54601 54602 54603 54604 54605 54606 54607 54608 54609 54610 54611 54612 54613 54614 54615 54616 54617 54618 54619 54620 54621 54622 54623 54624 54625 54626 54627 54628 54629 54630 54631 54632 54633 54635 54636 54637 54638 54639 54640 54641 54642 54643 54644 54645 54646 54647 54648 54649 54650 54651 54652 54653 54654 54655 54656 54657 54658 54659 54660 54661 54662 54663 54664 54665 54666 54667 54668 54669 54670 54671 54672 54673 54674 54675 54676 54677 54678 54679 54680 54681 54682 54683 54684 54685 54686 54687 54688 54689 54690 54691 54692 54693 54694 54695 54696 54697 54698 54699 54700 54701 54702 54703 54704 54705 54706 54707 54708 54709 54710 54711 54712 54713 54714 54715 54716 54717 54718 54719 54720 54721 54722 54723 54724 54725 54726 54727 54728 54729 54730 54731 54732 54733 54734 54735 54736 54737 54738 54739 54740 54741 54742 54743 54744 54745 54746 54747 54748 54749 54750 54751 54752 54753 54754 54755 54756 54757 54758 54759 54760 54761 54762 54763 54764 54765 54766 54767 54768 54769 54770 54771 54772 54773 54774 54775 54776 54777 54778 54779 54780 54781 54782 54783 54784 54785 54786 54787 54788 54789 54790 54791 54792 54793 54794 54795 54796 54797 54798 54799 54800 54801 54802 54803 54804 54805 54806 54807 54808 54809 54810 54811 54812 54813 54814 54815 54816 54817 54818 54819 54820 54821 54822 54823 54824 54825 54826 54827 54828 54829 54830 54831 54832 54833 54834 54835 54836 54837 54838 54839 54840 54841 54842 54843 54844 54845 54846 54847 54848 54849 54850 54851 54852 54853 54854 54855 54856 54857 54858 54859 54860 54861 54862 54863 54864 54865 54866 54867 54868 54869 54870 54871 54872 54873 54874 54875 54876 54877 54878 54879 54880 54881 54882 54883 54884 54885 54886 54887 54888 54889 54890 54891 54892 54893 54894 54895 54896 54897 54898 54899 54900 54901 54902 54903 54904 54905 54906 54907 54908 54909 54910 54911 54912 54913 54914 54915 54916 54917 54918 54919 54920 54921 54922 54923 54924 54925 54926 54927 54928 54929 54930 54931 54932 54933 54934 54935 54936 54937 54938 54939 54940 54941 54942 54943 54944 54945 54946 54947 54948 54949 54950 54951 54952 54953 54954 54955 54956 54957 54958 54959 54960 54961 54962 54963 54964 54965 54966 54967 54968 54969 54970 54971 54972 54973 54974 54975 54976 54977 54978 54979 54980 54981 54982 54983 54984 54985 54986 54987 54988 54989 54990 54991 54992 54993 54994 54995 54996 54997 54998 54999 55000 55001 55002 55003 55004 55005 55006 55007 55008 55009 55010 55011 55012 55013 55014 55015 55016 55017 55018 55019 55020 55021 55022 55023 55024 55025 55026 55027 55028 55029 55030 55031 55032 55033 55034 55035 55036 55037 55038 55039 55040 55041 55042 55043 55044 55045 55046 55047 55048 55049 55050 55051 55052 55053 55054 55055 55056 55057 55058 55059 55060 55061 55062 55063 55064 55065 55066 55067 55068 55069 55070 55071 55072 55073 55074 55075 55076 55077 55078 55079 55080 55081 55082 55083 55084 55085 55086 55087 55088 55089 55090 55091 55092 55093 55094 55095 55096 55097 55098 55099 55100 55101 55102 55103 55104 55105 55106 55107 55108 55109 55110 55111 55112 55113 55114 55115 55116 55117 55118 55119 55120 55121 55122 55123 55124 55125 55126 55127 55128 55129 55130 55131 55132 55133 55134 55135 55136 55137 55138 55139 55140 55141 55142 55143 55144 55145 55146 55147 55148 55149 55150 55151 55152 55153 55154 55155 55156 55157 55158 55159 55160 55161 55162 55163 55164 55165 55166 55167 55168 55169 55170 55171 55172 55173 55174 55175 55176 55177 55178 55179 55180 55181 55182 55183 55184 55185 55186 55187 55188 55189 55190 55191 55192 55193 55194 55195 55196 55197 55198 55199 55200 55201 55202 55203 55204 55205 55206 55207 55208 55209 55210 55211 55212 55213 55214 55215 55216 55217 55218 55219 55220 55221 55222 55223 55224 55225 55226 55227 55228 55229 55230 55231 55232 55233 55234 55235 55236 55237 55238 55239 55240 55241 55242 55243 55244 55245 55246 55247 55248 55249 55250 55251 55252 55253 55254 55255 55256 55257 55258 55259 55260 55261 55262 55263 55264 55265 55266 55267 55268 55269 55270 55271 55272 55273 55274 55275 55276 55277 55278 55279 55280 55281 55282 55283 55284 55285 55286 55287 55288 55289 55290 55291 55292 55293 55294 55295 55296 55341 55358 55391
johnsonprofessor 52739 55340 55430
june 52743 52745 52750 52760 52765 52768 52775 52782 52817 52823 52824 52828 52829 52834 52835 52841 52869 52873 52877 52898 52920 52922 52963 52964 52975 53007 53008 53028 53036 53037 53044 53046 53049 53052 53060 53070 53072 53078 53081 53083 53095 53124 53137 53140 53149 53163 53164 53169 53171 53196 53199 53201 53218 53240 53257 53278 53304 53334 53338 53345 53351 53352 53358 53366 53368 53390 53434 53444 53459 53478 53485 53495 53497 53524 53535 53553 53562 53566 53601 53609 53616 53620 53626 53643 53668 53675 53685 53697 53704 53715 53718 53723 53730 53744 53759 53775 53784 53797 53805 53821 53844 53846 53847 53849 53850 53851 53852 53853 53854 53855 53856 53857 53858 53860 53861 53862 53864 53865 53868 53869 53870 53871 53872 53873 53874 53875 53876 53877 53878 53879 53881 53882 53883 53884 53885 53886 53887 53888 53889 53890 53891 53892 53893 53894 53895 53896 53897 53898 53900 53901 53902 53906 53907 53908 53909 53910 53911 53912 53913 53914 53916 53917 53919 53920 53921 53923 53924 53925 53927 53928 53929 53930 53931 53932 53933 53934 53935 53936 53937 53938 53943 53944 53945 53946 53947 53949 53950 53952 53953 53954 53957 53958 53959 53960 53961 53962 53963 53964 53965 53966 53967 53969 53970 53971 53972 53973 53974 53976 53977 53979 53981 53982 53983 53984 53985 53987 53988 53989 53990 53991 53992 53993 53995 53996 53997 53998 54000 54001 54002 54004 54005 54006 54007 54008 54009 54010 54011 54012 54014 54015 54016 54017 54018 54020 54021 54022 54023 54024 54025 54026 54027 54028 54029 54030 54031 54032 54033 54034 54036 54037 54039 54041 54044 54045 54046 54047 54048 54049 54050 54052 54053 54054 54057 54058 54060 54061 54062 54063 54065 54066 54067 54068 54069 54070 54071 54072 54073 54075 54076 54077 54081 54082 54083 54084 54085 54087 54088 54089 54090 54091 54094 54095 54097 54098 54100 54101 54102 54103 54104 54105 54106 54107 54108 54110 54111 54112 54113 54115 54116 54117 54118 54119 54120 54121 54122 54123 54124 54125 54126 54127 54128 54129 54130 54131 54132 54134 54135 54136 54137 54138 54140 54141 54142 54143 54144 54145 54146 54147 54149 54151 54152 54155 54156 54157 54158 54159 54160 54161 54162 54163 54164 54165 54166 54167 54168 54170 54171 54172 54174 54175 54176 54177 54178 54179 54181 54182 54183 54184 54185 54186 54187 54189 54190 54191 54192 54193 54194 54195 54196 54197 54198 54199 54200 54201 54203 54204 54205 54206 54208 54209 54210 54211 54212 54214 54216 54217 54218 54219 54220 54221 54222 54223 54224 54225 54227 54228 54229 54230 54231 54233 54234 54235 54236 54237 54238 54239 54241 54242 54243 54244 54245 54247 54248 54250 54251 54253 54254 54255 54256 54257 54258 54260 54262 54263 54264 54266 54267 54268 54269 54270 54272 54273 54274 54275 54277 54280 54281 54282 54283 54285 54286 54287 54288 54289 54290 54291 54292 54295 54296 54298 54299 54301 54303 54304 54305 54306 54307 54308 54310 54311 54314 54315 54316 54317 54318 54320 54321 54323 54324 54328 54330 54331 54332 54333 54335 54336 54337 54338 54339 54340 54342 54343 54344 54345 54347 54350 54351 54352 54354 54355 54357 54358 54359 54360 54361 54362 54363 54364 54365 54366 54367 54368 54369 54370 54371 54372 54375 54376 54377 54379 54382 54383 54384 54385 54386 54387 54388 54389 54391 54392 54396 54397 54398 54399 54400 54401 54402 54403 54405 54406 54407 54409 54411 54412 54413 54414 54415 54416 54417 54418 54420 54422 54423 54424 54425 54426 54427 54429 54430 54431 54432 54433 54435 54437 54439 54440 54441 54442 54443 54444 54446 54448 54449 54450 54451 54452 54454 54455 54456 54457 54458 54459 54460 54461 54464 54465 54466 54467 54468 54469 54470 54471 54472 54474 54476 54477 54481 54482 54483 54484 54485 54486 54487 54488 54489 54490 54491 54493 54494 54497 54498 54499 54503 54504 54505 54506 54507 54508 54509 54511 54512 54513 54515 54516 54517 54518 54519 54521 54522 54523 54524 54525 54526 54530 54531 54532 54533 54534 54535 54536 54539 54540 54542 54543 54545 54546 54548 54549 54550 54551 54553 54554 54555 54556 54557 54558 54559 54560 54561 54562 54563 54565 54566 54567 54568 54570 54571 54572 54573 54574 54575 54576 54577 54578 54579 54580 54581 54582 54583 54584 54586 54587 54589 54592 54593 54595 54596 54597 54598 54599 54600 54601 54602 54604 54605 54607 54608 54609 54611 54612 54613 54615 54616 54618 54620 54621 54622 54624 54625 54626 54627 54628 54629 54630 54631 54632 54633 54635 54636 54637 54638 54639 54640 54642 54643 54644 54645 54647 54648 54649 54650 54651 54652 54654 54657 54658 54659 54660 54662 54663 54664 54665 54666 54667 54668 54669 54670 54673 54674 54675 54676 54677 54678 54679 54682 54683 54684 54685 54687 54688 54689 54690 54691 54692 54693 54694 54695 54697 54698 54699 54701 54702 54704 54705 54706 54707 54708 54709 54712 54713 54714 54717 54718 54720 54724 54725 54727 54728 54729 54730 54731 54733 54734 54735 54736 54737 54738 54739 54740 54741 54742 54743 54744 54745 54746 54747 54753 54754 54756 54757 54758 54759 54760 54761 54763 54764 54766 54769 54770 54771 54774 54775 54777 54779 54780 54781 54782 54783 54784 54785 54786 54787 54789 54790 54791 54792 54793 54796 54797 54798 54799 54801 54803 54805 54806 54808 54809 54810 54812 54813 54815 54816 54818 54819 54820 54821 54824 54825 54827 54829 54830 54831 54832 54833 54834 54835 54836 54837 54838 54839 54842 54843 54844 54845 54846 54847 54848 54849 54850 54852 54853 54854 54855 54856 54858 54859 54860 54861 54862 54863 54864 54865 54866 54867 54868 54869 54870 54872 54873 54874 54875 54876 54878 54880 54881 54882 54883 54884 54885 54888 54889 54890 54891 54892 54893 54894 54895 54896 54897 54898 54902 54903 54904 54905 54906 54908 54909 54910 54911 54913 54915 54917 54919 54920 54923 54924 54925 54926 54927 54928 54929 54931 54932 54933 54934 54935 54936 54937 54938 54939 54940 54943 54944 54947 54949 54950 54951 54952 54953 54954 54955 54956 54957 54958 54959 54960 54961 54962 54963 54964 54965 54966 54967 54968 54969 54970 54971 54972 54973 54975 54977 54978 54979 54981 54982 54983 54984 54985 54986 54988 54989 54990 54991 54992 54993 54994 54995 54997 54999 55000 55002 55003 55004 55005 55006 55007 55008 55009 55010 55011 55012 55013 55015 55016 55017 55018 55019 55020 55021 55023 55025 55027 55029 55030 55031 55034 55035 55036 55037 55038 55039 55040 55042 55043 55044 55046 55048 55049 55050 55051 55054 55055 55056 55059 55060 55061 55062 55063 55064 55065 55066 55068 55069 55070 55071 55072 55073 55074 55075 55076 55077 55078 55081 55082 55083 55084 55085 55086 55087 55088 55089 55090 55091 55092 55093 55094 55095 55096 55097 55100 55101 55102 55103 55104 55105 55108 55109 55110 55112 55113 55116 55117 55118 55119 55120 55121 55122 55124 55125 55126 55127 55130 55131 55132 55133 55135 55136 55137 55138 55139 55140 55141 55142 55143 55144 55145 55147 55149 55150 55151 55154 55155 55156 55157 55158 55159 55161 55162 55163 55164 55165 55166 55167 55168 55169 55170 55172 55173 55174 55175 55176 55177 55178 55179 55180 55181 55182 55183 55184 55185 55187 55190 55191 55192 55193 55194 55195 55196 55197 55198 55199 55200 55201 55202 55203 55205 55206 55207 55210 55211 55212 55213 55214 55215 55216 55217 55218 55219 55220 55221 55222 55223 55224 55227 55228 55229 55231 55232 55233 55234 55237 55239 55240 55242 55243 55244 55245 55246 55247 55249 55250 55251 55253 55256 55257 55258 55259 55260 55263 55264 55265 55267 55268 55269 55271 55272 55273 55274 55276 55277 55280 55281 55282 55283 55284 55285 55286 55288 55289 55290 55291 55292 55293 55294 55295 55296 55303 55309 55318 55319 55326 55330 55343 55360 55364 55367 55368 55370 55371 55390 55392 55401 55406 55409 55414 55417 55418 55428 55434 55435 55442 55454 55471 55472 55473
jana 52744 53292 53390
jack 52749 53647 53784 53821 55330
joel 52751 52920 53249 53311 53348 53529 53571 53597 53852 53982 53994 54077 54180 54360 54374 54408 54447 54484 54626 54647 54889 55057 55068 55230 55241 55373
jwross 52751
january 52751 52824 52894 52920 52965 52984 53000 53008 53070 53147 53196 53197 53321 53405 53411 53417 53444 53471 53504 53581 53693 53704 53730 53821 53826 53844 53846 53847 53849 53850 53851 53852 53853 53854 53855 53856 53857 53858 53860 53861 53862 53864 53865 53868 53869 53870 53871 53872 53873 53874 53875 53876 53877 53878 53879 53881 53882 53883 53884 53885 53886 53887 53888 53889 53890 53891 53892 53893 53894 53895 53896 53897 53898 53900 53901 53902 53906 53907 53908 53909 53910 53911 53912 53913 53914 53916 53917 53919 53920 53921 53923 53924 53925 53927 53928 53929 53930 53931 53932 53933 53934 53935 53936 53937 53938 53943 53944 53945 53946 53947 53949 53950 53952 53953 53954 53957 53958 53959 53960 53961 53962 53963 53964 53965 53966 53967 53969 53970 53971 53972 53973 53974 53976 53977 53979 53981 53982 53983 53984 53985 53987 53988 53989 53990 53991 53992 53993 53995 53996 53997 53998 54000 54001 54002 54004 54005 54006 54007 54008 54009 54010 54011 54012 54014 54015 54016 54017 54018 54020 54021 54022 54023 54024 54025 54026 54027 54028 54029 54030 54031 54032 54033 54034 54036 54037 54039 54041 54044 54045 54046 54047 54048 54049 54050 54052 54053 54054 54057 54058 54060 54061 54062 54063 54065 54066 54067 54068 54069 54070 54071 54072 54073 54075 54076 54077 54081 54082 54083 54084 54085 54087 54088 54089 54090 54091 54094 54095 54097 54098 54100 54101 54102 54103 54104 54105 54106 54107 54108 54110 54111 54112 54113 54115 54116 54117 54118 54119 54120 54121 54122 54123 54124 54125 54126 54127 54128 54129 54130 54131 54132 54134 54135 54136 54137 54138 54140 54141 54142 54143 54144 54145 54146 54147 54149 54151 54152 54155 54156 54157 54158 54159 54160 54161 54162 54163 54164 54165 54166 54167 54168 54170 54171 54172 54174 54175 54176 54177 54178 54179 54181 54182 54183 54184 54185 54186 54187 54189 54190 54191 54192 54193 54194 54195 54196 54197 54198 54199 54200 54201 54203 54204 54205 54206 54208 54209 54210 54211 54212 54214 54216 54217 54218 54219 54220 54221 54222 54223 54224 54225 54227 54228 54229 54230 54231 54233 54234 54235 54236 54237 54238 54239 54241 54242 54243 54244 54245 54247 54248 54250 54251 54253 54254 54255 54256 54257 54258 54260 54262 54263 54264 54266 54267 54268 54269 54270 54272 54273 54274 54275 54277 54280 54281 54282 54283 54285 54286 54287 54288 54289 54290 54291 54292 54295 54296 54298 54299 54301 54303 54304 54305 54307 54308 54310 54311 54314 54315 54316 54317 54318 54320 54321 54323 54324 54328 54330 54331 54332 54333 54335 54336 54337 54338 54339 54340 54342 54343 54344 54345 54347 54350 54351 54352 54354 54355 54357 54358 54359 54360 54361 54362 54363 54364 54365 54366 54367 54368 54369 54370 54371 54372 54375 54376 54377 54379 54382 54383 54384 54385 54386 54387 54388 54389 54391 54392 54396 54397 54398 54399 54400 54401 54402 54403 54405 54406 54407 54409 54411 54412 54413 54414 54415 54416 54417 54418 54420 54422 54423 54424 54425 54426 54427 54429 54430 54431 54432 54433 54435 54437 54439 54440 54441 54442 54443 54444 54446 54448 54449 54450 54451 54452 54454 54455 54456 54457 54458 54459 54460 54461 54464 54465 54466 54467 54468 54469 54470 54471 54472 54474 54476 54477 54481 54482 54483 54484 54485 54486 54487 54488 54489 54490 54491 54493 54494 54497 54498 54499 54503 54504 54505 54506 54507 54508 54509 54511 54512 54513 54515 54516 54517 54518 54519 54521 54522 54523 54524 54525 54526 54530 54531 54532 54533 54534 54535 54536 54539 54540 54542 54543 54545 54546 54548 54549 54550 54551 54553 54554 54555 54556 54557 54558 54559 54560 54561 54562 54563 54565 54566 54567 54568 54570 54571 54572 54573 54574 54575 54576 54577 54578 54579 54580 54581 54582 54583 54584 54586 54587 54589 54592 54593 54595 54596 54597 54598 54599 54600 54601 54602 54604 54605 54607 54608 54609 54611 54612 54613 54615 54616 54618 54620 54621 54622 54624 54625 54626 54627 54628 54629 54630 54631 54632 54633 54635 54636 54637 54638 54639 54640 54642 54643 54644 54645 54647 54648 54649 54650 54651 54652 54654 54657 54658 54659 54660 54662 54663 54664 54665 54666 54667 54668 54669 54670 54673 54674 54675 54676 54677 54678 54679 54682 54683 54684 54685 54687 54689 54690 54691 54692 54693 54694 54695 54697 54698 54699 54701 54702 54704 54705 54706 54707 54708 54712 54713 54714 54717 54718 54720 54724 54725 54727 54728 54729 54730 54731 54733 54734 54735 54736 54737 54738 54739 54740 54741 54742 54743 54744 54745 54746 54747 54753 54754 54756 54757 54758 54759 54760 54761 54763 54764 54766 54769 54770 54771 54774 54775 54777 54779 54780 54781 54782 54783 54784 54785 54786 54787 54789 54790 54791 54792 54793 54796 54797 54798 54799 54801 54803 54805 54806 54808 54809 54810 54812 54813 54815 54816 54818 54819 54820 54821 54824 54825 54827 54829 54830 54831 54832 54833 54834 54835 54836 54837 54838 54839 54842 54843 54844 54845 54846 54847 54848 54849 54850 54852 54853 54854 54855 54856 54858 54859 54860 54861 54862 54863 54864 54865 54866 54867 54868 54869 54870 54872 54873 54874 54875 54876 54878 54880 54881 54882 54883 54884 54885 54888 54889 54890 54891 54892 54893 54894 54895 54896 54897 54898 54902 54903 54904 54905 54906 54908 54909 54910 54911 54913 54915 54917 54919 54920 54923 54924 54925 54926 54927 54928 54929 54931 54932 54933 54934 54935 54936 54937 54938 54939 54940 54943 54944 54947 54949 54950 54951 54952 54953 54954 54955 54956 54957 54958 54959 54960 54961 54962 54963 54964 54965 54966 54967 54968 54969 54970 54971 54972 54973 54975 54977 54978 54979 54981 54982 54983 54984 54985 54986 54988 54989 54990 54991 54992 54993 54994 54995 54997 54999 55000 55002 55003 55004 55005 55006 55007 55008 55009 55010 55011 55012 55013 55015 55016 55017 55018 55019 55020 55021 55023 55025 55027 55029 55030 55031 55034 55035 55036 55037 55038 55039 55040 55042 55043 55044 55046 55048 55049 55050 55051 55054 55055 55056 55059 55060 55061 55062 55063 55064 55065 55066 55068 55069 55070 55071 55072 55073 55074 55075 55076 55077 55078 55081 55082 55083 55084 55085 55086 55087 55088 55089 55090 55091 55092 55093 55094 55095 55096 55097 55100 55101 55102 55103 55104 55105 55108 55109 55110 55112 55113 55116 55117 55118 55119 55120 55121 55122 55124 55125 55126 55127 55130 55131 55132 55133 55135 55136 55137 55138 55139 55140 55141 55142 55143 55144 55145 55147 55149 55150 55151 55154 55155 55156 55157 55158 55159 55161 55162 55163 55164 55165 55166 55167 55168 55169 55170 55172 55173 55174 55175 55176 55177 55178 55179 55180 55181 55182 55183 55184 55185 55187 55190 55191 55193 55194 55195 55196 55197 55198 55199 55200 55201 55202 55203 55205 55206 55207 55210 55211 55212 55213 55214 55215 55216 55217 55218 55219 55220 55221 55222 55223 55224 55227 55228 55229 55231 55232 55233 55234 55237 55239 55240 55242 55243 55244 55245 55246 55247 55249 55250 55251 55253 55256 55257 55258 55259 55260 55263 55264 55265 55267 55268 55269 55271 55272 55273 55274 55276 55277 55280 55281 55282 55283 55284 55285 55286 55288 55289 55290 55291 55292 55293 55294 55295 55296 55305 55314 55317 55318 55319 55328 55330 55341 55342 55348 55349 55353 55364 55368 55371 55373 55374 55378 55381 55389 55393 55397 55421 55428 55431 55435 55436 55440 55444 55452 55454 55459 55462 55471 55472 55473
just 52751 52824 52850 52871 52883 52894 52930 52941 52983 52987 52995 53000 53010 53044 53054 53064 53067 53068 53070 53073 53147 53154 53196 53205 53221 53241 53253 53298 53302 53318 53321 53345 53356 53386 53452 53466 53495 53527 53571 53583 53585 53601 53603 53661 53770 53779 53821 53824 53855 53862 53864 53866 53867 53871 53872 53875 53883 53885 53888 53889 53892 53893 53894 53900 53902 53905 53909 53911 53912 53916 53926 53932 53935 53940 53941 53942 53956 53962 53964 53973 53974 53981 53983 53990 53994 53999 54003 54004 54013 54015 54021 54026 54037 54038 54039 54046 54047 54054 54059 54074 54075 54078 54082 54086 54087 54092 54095 54096 54099 54101 54103 54110 54118 54120 54121 54131 54135 54142 54144 54145 54150 54153 54160 54164 54167 54173 54183 54186 54188 54191 54202 54204 54205 54208 54213 54214 54215 54219 54221 54223 54227 54228 54231 54235 54239 54246 54254 54255 54261 54264 54269 54270 54272 54284 54293 54294 54297 54299 54301 54310 54318 54322 54325 54326 54328 54329 54337 54341 54342 54343 54344 54347 54351 54354 54357 54358 54367 54368 54369 54370 54374 54376 54377 54381 54383 54385 54394 54395 54400 54402 54403 54405 54408 54409 54411 54412 54413 54416 54418 54421 54424 54426 54427 54428 54431 54432 54436 54437 54440 54442 54444 54445 54448 54449 54450 54452 54459 54461 54462 54468 54473 54479 54485 54486 54488 54490 54494 54502 54506 54510 54512 54516 54518 54529 54531 54532 54534 54538 54543 54553 54555 54558 54564 54569 54570 54575 54576 54577 54581 54585 54586 54596 54597 54598 54603 54604 54605 54607 54614 54616 54620 54621 54625 54627 54633 54637 54638 54644 54646 54649 54655 54657 54667 54670 54677 54681 54688 54693 54700 54703 54704 54708 54716 54721 54723 54724 54726 54727 54729 54730 54733 54734 54735 54740 54742 54744 54750 54752 54756 54757 54759 54763 54765 54768 54775 54785 54789 54790 54795 54801 54803 54806 54811 54813 54819 54830 54842 54843 54844 54846 54859 54861 54866 54870 54871 54883 54884 54885 54896 54897 54901 54911 54914 54918 54927 54928 54930 54932 54936 54939 54941 54942 54958 54966 54970 54973 54982 54991 54996 54998 54999 55000 55002 55005 55007 55008 55012 55017 55023 55026 55028 55033 55036 55045 55046 55048 55051 55052 55054 55062 55069 55071 55075 55079 55085 55090 55093 55098 55105 55112 55113 55115 55117 55123 55135 55138 55139 55141 55143 55144 55146 55147 55150 55153 55159 55163 55165 55172 55175 55176 55186 55192 55200 55209 55212 55216 55218 55221 55230 55235 55237 55239 55244 55248 55251 55258 55265 55266 55268 55272 55277 55278 55284 55290 55292 55293 55295 55296 55300 55301 55306 55309 55317 55318 55324 55329 55332 55351 55353 55355 55359 55362 55363 55370 55371 55372 55386 55387 55388 55390 55392 55395 55398 55402 55409 55415 55416 55429 55431 55432 55447 55456 55458
joint 52752 52828 52920 52955 52966 53007 53196 53209 53244 53334 53411 53601 53704 53730 53787 53894 53922 53932 53940 53949 53960 53983 53997 54020 54025 54090 54101 54102 54111 54116 54129 54163 54166 54254 54262 54264 54289 54292 54295 54418 54463 54485 54489 54524 54565 54576 54620 54643 54707 54722 54734 54740 54854 54861 54894 54915 54917 54954 54977 55079 55176 55211 55306 55314 55318 55330 55341 55348 55349 55355 55367 55371 55381 55386 55393 55395 55418 55426 55428 55434 55440
judea 52761 52926 53073
jensen 52761 52798 52824 52918 52926 53070 53145 53146 54368 54513 55088 55268 55364
journal 52761 52773 52798 52872 52876 52894 52920 52926 52994 53007 53067 53080 53124 53148 53171 53176 53181 53227 53362 53413 53423 53425 53501 53550 53665 53704 53730 53811 53851 53875 53889 53890 53917 53969 53990 54006 54023 54067 54123 54134 54147 54155 54183 54187 54191 54209 54212 54241 54244 54256 54267 54274 54377 54382 54399 54411 54415 54444 54465 54468 54478 54534 54558 54582 54595 54644 54658 54711 54799 54820 54825 54868 54875 54880 54903 54904 54953 54970 54983 55012 55017 55018 55093 55097 55141 55167 55168 55179 55219 55231 55240 55289 55292 55294 55301 55311 55314 55326 55340 55357 55360 55372 55377 55381 55406 55407 55430 55438 55440 55450 55454 55460 55471 55472 55473
jellies 52768
z 52770 52824 52860 53054 53070 53124 53148 53298 53391 53705 53812
journals 52773 53244 53495 53704 53984 54063 54085 54225 54372 54507 54631 54685 54935 54939 54943 55167 55168 55240 55265 55448 55450 55460
jewels 52777
joining 52779 52995 53704 53826 53850 53851 53960 53978 54074 54093 54095 54164 54173 54209 54213 54231 54325 54368 54393 54394 54597 54602 54627 54631 54649 54667 54707 54757 54825 54857 54868 54943 55051 55168 55251 55268 55278 55320 55322 55333 55346 55392 55409 55411 55448 55449 55450 55451 55453 55454 55456 55457 55459 55460 55461 55463 55465 55466 55468 55469 55470 55471 55472 55473
zauderer 52781
zelig 52781 53265 53311 53395
juda 52781 52836 52863 53005 53034 53237 53249 53311 53347 53348 53349 53370 53395 53462 53529 53565 53597
zenzar 52781
zeleg 52781
joshua 52783 52901 52924 53124 53236 53339 53427 53500 53531 53532 53597 53704 53726 53742 53793 53894 53923 53932 53934 53940 54014 54020 54080 54141 54147 54241 54254 54262 54290 54380 54460 54465 54719 54721 54735 54772 54774 54814 54872 54899 54917 54948 54958 54961 55034 55079 55101 55156 55184 55248 55270 55309 55327 55376 55379 55408 55427
junctions 52787
josie 52798 53102
javascript 52798 53099 53423 54211 54300 54617 54625 54739 54830
zoo 52816 52847 52920 53025 53072 54033 54433
joseph 52818 52863 52957 53065 53102 53131 53227 53256 53311 53325 53347 53370 53378 53502 53529 53597 53723 54290 54513 55088 55184
jeff 52818 52920 53362 53423 53723 54735 54958 55426 55435
james 52818 52894 52920 52951 53051 53067 53196 53232 53311 53321 53361 53423 53452 53780 53821 53940 53997 54019 54029 54031 54065 54080 54118 54182 54280 54282 54306 54380 54406 54421 54430 54468 54522 54558 54565 54569 54572 54586 54610 54635 54644 54645 54673 54678 54701 54709 54735 54741 54769 54772 54780 54815 54817 54840 54845 54899 54958 55043 55046 55079 55110 55167 55197 55223 55233 55240 55243 55253 55271 55291 55306 55314 55344 55368 55376 55386 55399 55423 55428
jeffrey 52818 53115 53147 53247 53361 53370 53626 53723 54048 54080 54899 55162 55310 55360 55422
journey 52818 53345 53980 54095 54100 54142 54164 54172 54231 54279 54286 54378 54392 54627 54642 54649 54691 54719 54734 54841 54861 54888 54894 54924 54948 54982 55058 55194 55207 55251 55287
john 52818 52824 52920 52994 53067 53070 53102 53104 53188 53196 53247 53285 53311 53345 53361 53370 53423 53465 53488 53597 53723 53806 53889 53940 53994 53997 54080 54118 54129 54227 54268 54280 54373 54406 54442 54534 54555 54565 54570 54586 54635 54665 54775 54818 54842 54899 54915 54972 55046 55063 55072 55079 55152 55218 55223 55230 55323 55328 55341 55342 55359 55360 55377 55398 55412 55435 55438
julian 52818 52836 52920 53041 53571 53692 54080 54899
jacobs 52818 54028 54143 54156 54168 54275 54352 54701 54720 54810 54845 55285
joy 52818 52883 53311 53370 53962 54073 54095 54100 54116 54121 54164 54231 54289 54430 54468 54513 54558 54627 54644 54649 54691 54711 54859 55071 55088 55108 55197 55251
jon 52818 52824 53070 55359 55398 55465
journeys 52818
jessica 52818 52878 53033 53055 53254 53311 53370 53577 53739 54128 54986 55298 55313 55314 55317 55319 55329 55331 55336 55343 55347 55350 55353 55357 55360 55362 55365 55367 55376 55387 55401 55402 55407 55415 55418 55419 55420 55431 55432 55439 55444
joined 52824 53070 53704 53770 53872 53927 53933 53974 53980 53988 54020 54037 54061 54123 54166 54174 54191 54192 54212 54214 54217 54269 54279 54286 54290 54300 54369 54377 54378 54401 54402 54438 54459 54460 54473 54516 54524 54531 54570 54617 54619 54637 54679 54688 54703 54712 54730 54746 54752 54757 54774 54813 54820 54829 54846 54854 54855 54864 54870 54882 54885 54896 54951 54981 55017 55021 55028 55048 55051 55058 55061 55090 55101 55111 55112 55141 55149 55156 55175 55184 55192 55207 55212 55272 55275 55283 55294 55305 55320 55322 55359 55392 55397 55398 55409 55431
zzyzx 52824 53070
zone 52824 52941 53070 53589 53905 54047 54418 54453 54576 54646 54932 55053 55306 55386
jim 52824 52835 52894 52987 53070 53120 53232 53361 53409 53423 53614 53747 53779 53879 53930 53940 53960 54013 54128 54151 54159 54185 54315 54330 54538 54707 54986 54998 55033 55079 55130 55273 55298 55303 55309 55365 55434 55442
zzz 52824 53070
jane 52824 53070 54406 54635
judith 52824 53070 53311 53498 53597 53850 53852 53903 53940 53981 54063 54085 54089 54112 54255 54257 54299 54310 54343 54360 54452 54507 54517 54541 54542 54572 54578 54602 54789 54859 54935 54973 55023 55049 55063 55068 55071 55072 55079 55096 55145 55161 55168 55233
johnny 52824 53901 54109 54390 54459 54473 54623 54668 54688 54752 54812 54813 55134 55192
jomon 52826
zonotopes 52828 53007
zanwel 52832 53041
jonasz 52832 53005 53188 53578
josef 52832 52836 53005 53204 53237 53249 53311 53347 53378 53502 53597 53699
zuzanna 52832
zelma 52832
jones 52835 52894 53812 53997 54013 54017 54019 54080 54118 54128 54290 54380 54421 54471 54513 54538 54565 54569 54586 54610 54701 54772 54817 54840 54845 54899 54962 54986 54998 55033 55046 55088 55184 55205 55298 55365
japanese 52835 53940 55079
zucker 52836 53005
zale 52836
jonas 52836 53102 53230 53311 53370 53378 53578 54205 54228 54263 54354 54729 54929 55165
jozefina 52836 53034
jolles 52836
juliusz 52836 52863 53005 53311 53378
zofia 52836 52863 53102 53188 53311 53347 53571
janina 52836 53005 53188 54396 54833
jetti 52836 53311 53378
johannes 52836
jetty 52836 53237 53249 53311 53462
jochebed 52836
zussel 52836 52863
jozefa 52836
julius 52836 53311 53852 54117 54360 54379 54517 55003 55043 55049 55118
jerome 52836 54280 54309 55208 55223
jimy 52836
jugowice 52836 53041 53347
jachwet 52836 53311
justyna 52836
jassy 52836
josefina 52836
jacques 52841 53102
jmb 52841
jennifer 52841 52878 52884 52915 53055 53212 53311 53370 53704 53708 53889 54123 54212 54456 54504 54534 54711 54983 55331 55336 55364
zhang 52841 52920 53181 54029 54080 54572 54673 54735 54899 54958 55233 55364 55376 55426 55434 55454 55471 55472 55473
jour 52841
jeconiah 52844
jehosaphat 52844
jacob 52844 52863 52920 53008 53102 53311 53370 53378 53723 53974 54846
joram 52844
jared 52844 53597
judah 52844
joash 52844
jotham 52844
jesse 52844 52920 53311 53739 54056 54080 54887 54899 55319
josiah 52844 53440 53488
jehoiakim 52844
jacobson 52846 53010 53345 53423 53585 54413 54619 55075 55111
job 52852 52871 52894 52914 52951 52954 52995 53008 53054 53103 53107 53298 53302 53321 53455 53491 53501 53575 53723 53754 53770 53794 53811 53862 53867 53868 53872 53873 53884 53893 53938 53942 53955 53983 54003 54012 54019 54033 54047 54054 54060 54068 54074 54078 54082 54085 54099 54108 54110 54118 54120 54133 54144 54154 54167 54191 54196 54205 54215 54221 54223 54236 54259 54264 54269 54273 54286 54300 54322 54333 54337 54341 54354 54368 54374 54377 54391 54401 54408 54410 54416 54418 54428 54433 54459 54468 54476 54490 54495 54507 54513 54518 54558 54562 54564 54576 54583 54586 54594 54614 54617 54619 54620 54625 54627 54637 54644 54649 54672 54686 54696 54700 54726 54735 54740 54741 54746 54748 54751 54769 54785 54795 54813 54819 54830 54840 54851 54855 54870 54871 54912 54914 54932 54934 54946 54958 54964 54966 54980 55001 55008 55017 55022 55046 55088 55092 55098 55107 55111 55117 55136 55141 55153 55163 55168 55175 55186 55207 55209 55212 55229 55243 55253 55254 55268 55276 55278 55298 55300 55301 55302 55303 55304 55305 55306 55307 55308 55309 55310 55311 55312 55313 55314 55315 55316 55317 55318 55319 55320 55321 55322 55323 55324 55325 55326 55327 55328 55329 55330 55331 55332 55333 55334 55335 55336 55337 55338 55339 55340 55341 55342 55343 55344 55345 55346 55347 55348 55349 55350 55351 55352 55353 55355 55356 55357 55358 55359 55360 55361 55362 55363 55364 55365 55366 55367 55368 55369 55370 55371 55372 55373 55374 55375 55376 55377 55378 55379 55380 55381 55382 55383 55384 55385 55386 55387 55388 55389 55390 55391 55392 55393 55394 55395 55396 55397 55398 55399 55400 55401 55402 55403 55404 55405 55406 55407 55408 55409 55410 55411 55412 55413 55414 55415 55416 55417 55418 55419 55420 55421 55422 55423 55424 55425 55426 55427 55428 55429 55430 55431 55432 55433 55434 55435 55436 55437 55438 55439 55440 55442 55443 55444
jentla 52863
joanna 52863 53502 53571 54689 54960
jerzy 52863 53041 53102
zalel 52863
jentel 52863 53230 53265 53370 53462
judes 52863
jaslo 52863
zielonck 52863
jakob+esterhinda 52863
zlata 52863 53005 53237 53347 53529
zuckerman 52863
jaskowice 52863
juban 52864
jean 52867 53102 53247 53311 53370 53723 53821 53997 54118 54434 54565 54586 55046 55128 55238
jpg 52871 53242
janice 52882 53287 54195 54387 54450 54579 54599 54842 55218 55296 55333 55346 55357 55407 55411
judi 52883 54859 55071
jumper 52883 54859 55071
jilla 52883 53629 54513 55088
jonathan 52893 52920 53102 53175 53209 53311 53361 53488 53812 53898 53909 53944 54080 54195 54287 54351 54367 54387 54405 54604 54670 54683 54727 54735 54812 54865 54899 54958 55056 55063 55072 55137 55174 55180 55203
joins 52894 52983 53828 54131 54200 54242 54263 54305 54310 54343 54350 54400 54434 54440 54448 54486 54493 54512 54725 54842 54911 54929 54936 55023 55094 55218 55286 55295 55307 55343 55396 55401
javaos 52894
jiang 52894 52920 55376
joelle 52920
jaakkola 52920
zoran 52920
zefeng 52920
zhou 52920 53723 54080 54687 54760 54899 55376 55434 55435
jiale 52920
zhi 52920
jin 52920 53912 54928 55434
zha 52920
zhaodong 52920
zhenguo 52920
zaheer 52920
joongheon 52920
zhongyu 52920
jianye 52920
zihan 52920
jiayi 52920
zou 52920 55304 55314 55325 55337 55376 55381 55440
zhu 52920 53423 53495 53872 54029 54269 54673 55311 55313 55350 55376 55403 55431
jincheng 52920
zhan 52920
jasour 52920
jansen 52920
zongzhang 52920
zhe 52920
jang 52920
zimmer 52920 53356 53784
jeong 52920
janardhan 52920
jelena 52920 55434
jayden 52920
jain 52920 52994 53425 53495 54282 54522 54842 55043 55110 55218 55271 55357 55360 55374 55389 55407 55431 55454 55471 55472 55473
jing 52920 53723 54029 54080 54216 54412 54539 54673 54899 54999 55376
jointrees 52926
javabayes 52926
jargon 52934 52960 53940 54495 54851 55079
justified 52934 53444 55319
judgments 52941
›› 52941
jason 52951 53196 53311 53361 53370 53377 53723 53821 54013 54038 54051 54059 54080 54092 54300 54312 54334 54445 54479 54537 54617 54710 54715 54723 54767 54776 54899 55033 55434
jeanne 52951 53085 53119 53426
justin 52951 53196 53370 53597 53601 53901 53905 53955 53960 53988 54124 54129 54154 54166 54297 54459 54524 54574 54623 54646 54668 54707 54812 54813 54854 54915 55061 55115 55134 55149 55283
jf 52951
jaden 52953
justify 52954 55408 55427
jejurika 52957
zheng 52957 53196 53676 53826 53863 53942 53985 54016 54042 54055 54056 54076 54080 54102 54146 54152 54163 54174 54214 54249 54267 54322 54380 54515 54648 54689 54701 54772 54804 54805 54829 54845 54887 54896 54899 54944 54960 55029 55083 55204 55211 55272 55311 55330 55452 55462
justice 52960 53147 53501 53843 53902 54144 54242 54244 54382 54426 54437 54571 54626 54790 54809 54819 54841 54889 54927 54957 55069 55094 55127 55189 55287
zare 52983 53780
junkyard 52983 53064 53080 53232
join 52983 53268 53302 53704 53867 53871 53872 53873 53883 53889 53904 53907 53908 53912 53918 53938 53941 53968 53974 53994 54025 54066 54074 54090 54099 54113 54173 54216 54236 54237 54252 54253 54269 54284 54310 54326 54329 54342 54343 54357 54394 54419 54420 54428 54436 54462 54486 54527 54528 54534 54539 54564 54570 54587 54591 54615 54627 54649 54672 54688 54700 54726 54748 54749 54750 54809 54821 54846 54860 54871 54911 54914 54922 54928 54936 54938 54988 54991 55007 55023 55036 55044 55045 55092 55127 55144 55176 55192 55211 55230 55239 55243 55253 55255 55262 55278 55295 55313 55320 55322 55346 55350 55357 55367 55374 55389 55407 55411 55418 55431
zhong 52986 53540 53563 53816 55434
jungle 52987 53509 54140 55055
zürich 52994 53501
judgment 52995 54348 55148
zcomputer 52998 53210 53531
jozua 53005 53311
joachim 53005 53311 53370 53462 53502 53571 55319
jene 53005
janet 53005 54071 54115 54310 54343 54440 54448 54466 54511 55023 55063 55072 55293 55364
zwi 53005
zmigrod 53005
jentsche 53005
jcss 53007 53730
johns 53007 53334 53683 54003 55209 55328 55341 55342 55435
zzzzzzzzzz 53008
jeanette 53008 55063 55072
zipped 53010
judiciously 53010
ziv 53016 53704 53723 53849 53862 53863 53912 53942 54002 54021 54029 54044 54047 54056 54066 54080 54167 54195 54201 54228 54308 54322 54346 54367 54368 54380 54387 54396 54405 54440 54448 54473 54494 54513 54544 54557 54577 54580 54581 54586 54611 54673 54727 54729 54735 54752 54772 54804 54808 54833 54849 54872 54887 54899 54928 54932 54958 54988 55023 55088 55124 55165 55268
zughaft 53034
jakobowicz 53034
jo 53036 53723 54287 55180
jurisdiction 53037 53601
zeynwel 53041
jakze 53041 53237
zuttel 53041
josua 53041 53102
zakrzonki 53041
zwikler 53041
zbydniow 53041
judessa 53041 53370 53498 53597
zybooks 53050
zhenhua 53052
zhai 53052
javadoc 53067
jeavons 53067
jonsson 53067
zonohedron 53080
jonah 53095 53370
zarki 53098 53237 53311 53912 54080 54282 54899 54928 54968 55043 55154 55271
jquery 53099 54300 54617
json 53099 53302
jsonp 53099
josua+ester 53102
jozue 53102
jose 53102 53311 53351 53425 53501 53849 53856 53876 53901 53915 53980 53994 54018 54060 54080 54102 54118 54163 54349 54378 54426 54447 54450 54515 54557 54586 54668 54757 54805 54812 54899 54927 54956 54993 55046 55051 55057 55063 55072 55136 55211 55230 55250 55296 55454 55467 55471 55472 55473
judel 53102
johan 53102
jeremitzy 53102
zerka 53102
joop 53102
jr 53102 53311 54024 54282 54860 54968 54971 55043 55044 55154 55271
jussi 53104
zhao 53115 53960 54029 54368 54673 54707 54735 54958 55268 55310 55360 55368 55422
jackson 53124 53513 53723 54056 54080 54456 54504 54887 54899
jss 53124
jabbarvand 53124 53431 54003 54080 54249 54271 54476 54551 54710 54767 54842 54899 55006 55008 55032 55204 55209 55217 55218 55276 55288
zigzag 53148 53423
juan 53157
josé 53157
jarred 53159
zena 53161
jmlr 53181 53806
jachet 53188 53311 53347 53348 53378 53395 53529 53832
julia 53188 53225 53311 53370 53571 53723 53998 54531 54705 54735 54896 54958 55272 55330
juszczyk 53188
jadwiga 53188 53311 53571
jurand 53188
jersey 53196 53311 53353 53676 53889 53907 53913 53955 54016 54154 54160 54237 54534 54570 54821 54924 54938 54944 55194 55211 55257 55284
jie 53196 53344
zocdoc 53196
jordi 53227
zivan 53227
jechiel 53230 53378 53571
jaroslaw 53230 53311 53370
jochnen 53237
jochne 53237
juttel 53237 53571
jossel 53237
jaworzno 53237 53249 53395
jetta 53237 53311 53378
jaworzniki 53237
zygfryd 53237 53286
jankiel 53237 53311
zuckerkorn 53249
jungerwirth 53249
jaker 53249
j=1 53251
zelda 53261 53832
zator 53261 53529 53571
jochwet 53261 53348 53832
junger 53261
jaffas 53283
joachym 53286 53395
judas 53286
jenkins 53289 53940 54560 54893 55079 55181 55196
journalism 53302 54261 54264 54620 54725 55052 55286 55307 55318 55371 55396
jar 53302
zip 53302 53585 55317 55353
jordanow 53311 53571
zussman 53311
zelinger 53311
zaun 53311
jude 53311
jocelyn 53311 53912 54928
jay 53311 53818 54087 54219 55435
jaeger 53311 53821
jacqueline 53311 53395 53723 54108 54391 54478 54513 55088
zachary 53311 53934 54456 54504 54513 55034 55088
zandra 53311
zanwel+tauby 53311
zigmont 53311
zelezny 53311
joyce 53311 53370 55320 55322
julie 53311 53541 53940 53998 54002 54531 54597 54667 54705 54872 54896 55079 55124 55272
jamal 53311
joan 53311 53370 53496 53512 53990 54183 54633 54697 54793 55113 55292 55347 55420
juliana 53311
jeannette 53311 53597
jakob+itli 53311
juette 53311
judka 53311
jonas+malki 53311
jakob+breindla 53311
josif 53311
jozefow 53311
jukel+ruchla 53311
zakroczyn 53311
zakrocyn 53311
zakroczym 53311
jeruchim 53311
josephine 53311 53370
zgierz 53311
juliette 53311 53509 53889 54140 54534 54570 55055
zigmunt 53311
jone 53311
jerusalem 53311 55434
jong 53311
jirka 53311
judis 53311
zaiwel 53311
zynwel 53311
zipfile 53318
jordan 53321 53597 53602 54213 54325 54473 54623 54688 54752 55001 55107 55134 55192
jodrell 53321
jontel 53325
joaquin 53331 53367 53428 53445
zoology 53335
zoonosis 53335
zhuoqing 53344
zyssel 53347 53462
zicherman 53347
zusman 53347
jochevet 53348
zilberstein 53348
judess 53348 53597
zweig 53348
jona 53348
zeltner 53348 53370
jpl 53351 53881 54152 54300 54482 54617 54625 54830
zacharia 53356
jews 53356
jewish 53356 53784
jblevins 53361
juei 53361
jueic 53361
jrobbins 53361
jshaw 53361
jea 53362
jcdcg3 53362
juker 53370
zerler 53370
jacob+hannah 53370
jaxson 53370
josel 53370 53565
jacksonville 53370
jamaica 53370
zahler 53378
zortel 53378
⌊i 53386
zuzka 53392
jankel 53395
josep 53417
jeiba 53417
jens 53423 54784 54872 54874 54963 55242
zeilberger 53423
jive 53423
joust 53423
zurich 53423
zillion 53423
jrtip 53425
ji 53425 54029 54080 54673 54899
jumps 53435
judgement 53444
justification 53444
junior 53455 53512 53871 53905 53930 53958 53977 53980 54000 54109 54142 54172 54180 54185 54300 54368 54378 54390 54538 54607 54617 54646 54699 54744 54888 54894 54982 54991 54998 55054 55117 55237 55241 55268 55303 55370 55390 55442
judyta 53462
jesper 53488
jobmanager 53491
jobclass 53491
jobtypeid 53491
jclass 53491
zabno 53498 53699
zealand 53501
johnstown 53501
janeiro 53501 53668
zemanek 53501
joye 53501
judit 53502
joshug4 53531 54080 54899
jillian 53533
zuskind 53565
jachiel 53571
zamosciu 53571
zacharyas 53578
zacharyasz 53578
zawoznik 53578
zachariasz 53578
zuckermann 53578
jittel 53578
zeroes 53583
jpeg 53585
jerry 53597 53723 53988 54698 54854 54869 55061
jgart 53597
jsrf 53601
jorgensen 53602
zoids 53607 53692
zion 53607
jamgochian 53626 54048 55162
judges 53626 53905 53983 53989 54048 54076 54120 54314 54330 54351 54416 54418 54540 54576 54646 54648 54670 54740 55026 55027 55137 55146 55162 55203 55306 55386
josh 53626 53723 53852 53903 53989 54056 54103 54117 54120 54133 54216 54282 54314 54346 54360 54379 54385 54401 54416 54441 54461 54490 54513 54518 54532 54539 54541 54544 54572 54636 54645 54687 54693 54696 54742 54746 54760 54780 54812 54855 54887 55002 55008 55043 55068 55088 55137 55147 55203 55221 55233 55271 55368
jeremy 53628 53934 54241 54310 54343 54355 54741 54769 54798 55034
jedi 53695
joachimowicz 53699
jochimowicz 53699
jachymowicz 53699
joachimowitz 53699
jacaranda 53716
jewel 53723
jayme 53723
jimmy 53723 54029 54673 54735 54958 55376
jess 53723
jiaxin 53723
jakhanwal 53723
junyong 53723
javier 53730
jair 53730 53806
jair'2009 53730
zachariasen 53757
jumping 53778
jce 53780
zeharia 53784
zalman 53784
janis 53784
junkyu 53806
junkyul 53806
javatm 53821
jammed 53826
zotbotics 53826
zierer 53832
zirer 53832
jousting 53845 54822
jams 53845 53941 53983 54302 54441 54636 54732 54740 54822 55045
zaldivar 53852 53982 54077 54360 54484 54626 54647 54889 55068
jam 53852 53861 53909 53952 53977 53983 54000 54011 54020 54029 54074 54117 54135 54142 54147 54151 54172 54241 54282 54290 54318 54328 54330 54360 54379 54399 54424 54434 54441 54458 54460 54465 54604 54636 54645 54673 54678 54704 54706 54740 54743 54747 54774 54780 54797 54806 54812 54815 54839 54862 54876 54883 54888 54894 54910 54982 55003 55043 55077 55100 55101 55118 55137 55156 55179 55184 55203 55271 55273 55278
jammers 53852 53977 53983 54000 54117 54151 54172 54282 54330 54360 54379 54460 54645 54740 54780 54888 54894 55043 55156 55271 55273
judy 53855 53890 53899 53903 53916 53930 53987 53988 54001 54010 54014 54075 54080 54091 54097 54126 54141 54185 54213 54247 54260 54296 54304 54325 54328 54347 54380 54422 54424 54501 54510 54531 54541 54549 54601 54631 54654 54701 54741 54764 54765 54769 54770 54772 54782 54802 54806 54837 54842 54845 54854 54875 54899 54931 54943 54983 55061 55080 55104 55131 55150 55151 55218 55303 55442
joystick 53855 54095 54164 54347
juggle 53862 54167 55054 55237
jiea 53867 53956 54096 54099 54334 54585 54715 55123
jump 53867 53974 53989 54099 54109 54314 54390 54459 54813 54846
jasp 53878 54281
jet 53881 54152 54221 54300 54482 54617 54625 54830 55163
jsolson 53899 54080 54501 54899
zarate 53901 54459 54668 54812 54813
juliet 53903 54080 54116 54289 54521 54541 54710 54767 54781 54841 54899 54941 54942 55030 55202 55287
joyful 53904 54252
joke 53916 54004 54075 54531 55085
zach 53917 54101 54187 54216 54485 54539 54742 54761 55002 55147 55201
‪ 53917 54187
zachklein 53917 54187
zhaoxia 53930 54185 55303 55368 55428 55442
zammitto 53934 55034
julita 53940 55079
jannis 53940 55079
zuboff 53940 55079
zimmerman 53940 55079
journalists 53940 55079
zoning 53940 55079
zotfinder 53945 54115 54228 54239 54396 54440 54448 54466 54467 54616 54729 54833 55165 55293
joey 53946 54371
joked 53960 54707
zot 53960 54707
jeanelle 53974 54846
jama 53981 54255 54299 54789 54940 55256
judge 53983 53989 54314 54540 54740 55027
judging 53983 54441 54456 54504 54636 54740
jury 53983 54740
jammer 53983 54740
jake 53983 54740
zika 53985 54146
jaakko 53990 54134 54183 54799 55292
jajones 54019 54080 54840 54899
judicial 54025 54090 55007 55144 55176
junkie 54028 54156 54200 54275 54352 54493 54720 54810 55285
zhuang 54029 54673 55454 55471 55472 55473
zhen 54029 54673
jazette 54031 54032 54065 54080 54175 54182 54250 54718 54899 55243 55253 55263 55291
jenny 54033 54433
jointly 54068 54231 54373 54964 55026 55050 55146 55152 55228 55251 55333 55385 55425 55453
jpd 54080 54086 54681 54899
jfalexan 54080 54899
julio 54080 54899
juliojr 54080 54899
jsbryan 54080 54899
jgoorabi 54080 54899
jina 54080 54899
jinah4 54080 54899
jabbarvr 54080 54899
jagannath 54080 54899
jazettej 54080 54899
je 54080 54899
jesl 54080 54899
zerui 54080 54899
zeruil1 54080 54899
junwel1 54080 54899
jnnorton 54080 54899
jreitman 54080 54899
jseberge 54080 54899
zhendow 54080 54899
zaber 54080 54087 54219 54899
zhouy46 54080 54899
juniors 54095 54164 54594 54946
juarez 54095 54164
zoloft 54104 55081
juggling 54109 54390 54401 54746 54855 55054 55237
jaime 54117 54379 55063 55072
jewelry 54131 54358 54400 54512 54763
jed 54138 54147 54213 54241 54258 54312 54325 54399 54465 54776 54892 55133 55179
judged 54176 54193
zambia 54188 54294
journaling 54191 54820 54882 54951 55141 55294
zonta 54204 54231 54298 54669 54947 55050 55087 55138 55228 55251
jira 54215 54614
jasmine 54227 54442
zine 54227 54442
janerik 54249 55204
zotlink 54259 54410
jenna 54263 54929
joyojeet 54280 55223
jugaad 54280 54309 55208 55223
juston 54290 55184
jowl 54330 54779 54978 55137 55203
jambehkar 54346 54544
jacklyn 54368 55268
zylius 54399 55179
johanna 54406 54635
jokes 54434 54911 54936 55302 55335
jae 54456 54504
jsp 54459 54813
jacquard 54510 54765
jhudash 54597 54667
juxtaposition 54598 54677
journalist 54598 54677 55317 55353
jupyter 54734 54861
zivbase 54735 54958
jorge 54735 54958 55382
jacoby 54735 54958
journalingkeeping 54820 55294
jacki 55063 55072
joni 55300 55309 55324 55332 55333 55351
jiandong 55301 55314 55372
jaylen 55302 55333 55335 55376
jd 55311
jc 55311
jmg 55311
jolla 55313 55350 55431
jodi 55324 55351
johndrowstanford 55330
jsm 55341 55348 55349 55393
jimmie 55348 55349
zoomed 55362 55415
jara 55362 55415
jeliazkov 55368
zhibiao 55368
joking 55373
zoe 55376
jenifer 55376
zhuoran 55376
junghoon 55376
jiarong 55376
zijin 55376
zian 55376
zhiying 55376
jif 55381 55440
juhee 55428
juanjuan 55428 55435
jarad 55428
jayawardena 55431 55444
jarek 55435
journal= 55447 55458
jacm 55450
jasis 55450
zigbee 55452 55462
zoom 55456
jeopardizing 55467
jammalamadaka 55467
jehan 55467
jeju 55467
