july 24967 24968 24970 24974 24977 24985 25011 25019 25040 25048 25120 25124 25128 25148 25171 25192 25207 25220 25229 25244 25249 25295 25301 25351 25364 25376 25388 25415 25426 25435 25442 25465 25473 25497 25527 25550 25552 25561 25613 25615 25661 25667 25678 25690 25703 25713 25726 25750 25781 25788 25794 25822 25842 25906 25922 25951 25954 25962 25971 25992 26009 26040 26054 26078 26087 26092 26097 26103 26112 26170 26181 26201 26203 26222 26227 26291 26292 26320 26376 26381 26401 26407 26426 26452 26503 26507 26520 26542 26551 26568 26590 26611 26624 26640 26642 26669 26764 26765 26786 26791 26794 26813 26846 26854 26863 26891 26892 26910 26914 26922 26924 26925 26929 26953 26954 26973 26978 26981 26985 26995 27016 27040 27053 27060 27065 27072 27081 27110 27111 27118 27139 27165 27177 27197 27231 27240 27260 27275 27284 27293 27353 27369 27384 27399 27408 27451 27475 27489 27498 27514 27518 27539 27543 27567 27572 27605 27612 27644 27685 27697 27718 27723 27738
* 24971 25023 25034 25069 25075 25083 25087 25120 25149 25152 25154 25155 25170 25194 25197 25204 25222 25223 25252 25265 25304 25327 25328 25342 25391 25407 25411 25412 25444 25469 25477 25485 25489 25490 25492 25505 25513 25532 25535 25548 25554 25558 25601 25603 25604 25653 25665 25687 25691 25697 25699 25715 25722 25725 25728 25754 25763 25769 25782 25788 25792 25800 25811 25820 25836 25850 25863 25869 25876 25880 25883 25894 25915 25921 25930 25940 25944 25958 25968 25974 25988 25997 25999 26015 26032 26039 26044 26066 26082 26089 26095 26112 26125 26127 26151 26152 26164 26173 26189 26200 26219 26222 26228 26234 26250 26262 26279 26281 26282 26294 26314 26335 26339 26353 26375 26377 26434 26463 26464 26481 26502 26504 26522 26532 26539 26548 26552 26565 26582 26583 26635 26677 26700 26715 26732 26790 26806 26819 26822 26837 26844 26859 26864 26877 26933 26935 26940 26956 26960 26985 27003 27026 27039 27063 27082 27126 27153 27174 27177 27199 27204 27209 27212 27222 27229 27238 27243 27271 27288 27290 27309 27365 27367 27392 27409 27444 27469 27485 27494 27505 27506 27517 27527 27561 27578 27586 27589 27614 27617 27630 27636 27651 27656 27662 27672 27677 27719 27729 27733
jim 24972 24994 25087 25120 25173 25261 25446 25728 25781 25787 25820 25870 25876 25915 26025 26033 26093 26237 26504 26522 26720 26814 26961 26994 27028 27063 27079 27099 27263 27309 27338 27530 27562 27576 27589 27608 27636
jobs 24973 25035 25046 25060 25091 25094 25106 25115 25139 25145 25153 25177 25179 25180 25187 25207 25210 25237 25251 25260 25280 25299 25350 25396 25433 25436 25477 25519 25520 25576 25580 25643 25673 25710 25719 25733 25752 25790 25801 25812 25825 25844 25960 25964 25979 25992 26000 26009 26043 26054 26098 26100 26105 26115 26136 26194 26198 26220 26237 26241 26295 26300 26335 26350 26377 26387 26403 26408 26411 26430 26446 26481 26494 26540 26562 26602 26629 26640 26648 26651 26664 26670 26684 26707 26718 26754 26763 26769 26787 26792 26802 26805 26846 26860 26935 26949 26957 26973 27043 27063 27099 27140 27154 27174 27199 27296 27297 27335 27336 27338 27349 27368 27396 27416 27431 27454 27487 27535 27549 27555 27574 27595 27617 27621 27635 27644 27652 27658 27719 27721 27736
j 24973 25052 25084 25120 25149 25180 25195 25295 25317 25342 25513 25534 25548 25665 25687 25724 25773 25782 25894 25918 25942 25954 25973 25988 26095 26112 26198 26203 26228 26269 26281 26294 26384 26434 26565 26648 26677 26686 26763 26790 26806 26844 26946 26985 27003 27043 27049 27099 27137 27172 27208 27212 27350 27365 27409 27438 27446 27498 27517 27546 27570 27576 27578 27587 27595 27651
joint 24975 25021 25289 25295 25301 25341 25418 25509 25515 25516 25641 25682 25694 25724 25812 25950 25954 26033 26196 26203 26377 26550 26707 26911 26957 26983 27063 27118 27320 27336 27431 27552 27658
june 24975 24981 24989 25028 25029 25035 25042 25044 25050 25082 25091 25097 25098 25117 25120 25123 25124 25132 25136 25139 25167 25178 25179 25187 25244 25248 25261 25271 25275 25282 25295 25305 25310 25321 25357 25372 25398 25413 25434 25437 25446 25447 25464 25471 25473 25495 25503 25522 25525 25546 25557 25566 25569 25576 25605 25617 25658 25668 25674 25678 25682 25683 25709 25721 25751 25760 25775 25780 25798 25816 25820 25830 25843 25846 25859 25862 25868 25876 25904 25908 25918 25938 25952 25953 25954 25961 25981 26001 26002 26003 26007 26092 26098 26115 26120 26148 26168 26169 26191 26199 26200 26203 26207 26218 26244 26246 26255 26271 26278 26300 26354 26385 26387 26389 26429 26448 26460 26466 26468 26470 26479 26480 26487 26494 26504 26506 26533 26535 26536 26545 26553 26558 26566 26585 26600 26617 26628 26631 26632 26638 26640 26651 26661 26672 26678 26683 26685 26691 26702 26715 26741 26761 26770 26787 26804 26809 26810 26812 26813 26829 26856 26858 26866 26878 26891 26897 26898 26902 26916 26932 26952 26987 26989 26992 26993 27006 27013 27023 27038 27040 27045 27046 27047 27052 27067 27068 27100 27103 27108 27116 27118 27119 27126 27158 27159 27177 27213 27224 27238 27239 27241 27250 27308 27351 27364 27366 27401 27411 27413 27430 27431 27436 27460 27477 27495 27509 27545 27573 27574 27600 27606 27631 27632 27642 27686 27705 27735
zagoriška 24981 26002 27413
jíří 24985
jpeg 24994 26025 26112 27485
julian 24994 25295 25513 25562 25880 25883 25956 26196 26200 26228 26859 27033 27102 27184 27212 27238 27630
john 24998 24999 25032 25120 25133 25149 25181 25290 25295 25304 25430 25444 25489 25554 25601 25665 25694 25820 25836 25869 25883 26015 26033 26112 26250 26279 26281 26294 26353 26494 26565 26596 26692 26729 26790 26844 26856 26921 26951 27027 27049 27099 27169 27212 27238 27302 27348 27365 27409 27576 27589 27636 27651 27725
johnson 24999 25120 25139 25165 25812 25954 26044 26152 26443 26559 26615 26664 26900 26985 27003 27043 27049 27099 27196 27295
january 24999 25047 25120 25124 25137 25173 25206 25295 25307 25325 25362 25386 25536 25592 25616 25631 25650 25694 25892 25950 25956 25962 25991 26019 26025 26027 26035 26042 26204 26282 26293 26295 26316 26369 26372 26422 26489 26513 26626 26631 26644 26710 26802 26825 26881 26891 26957 26974 27032 27087 27099 27177 27201 27302 27319 27324 27368 27386 27396 27407 27414 27480 27487 27563 27652 27671 27690
jack 25011 25295 25340 25568 25606 25636 25665 25703 25725 25788 25883 25984 26112 26133 26294 26452 26647 26768 26790 26844 27063 27507 27578 27583
zarlin 25011 26452
jennai 25011
java 25013 25036 25173 25211 25295 25301 25356 25360 25437 25477 25490 25492 25601 25643 25722 25769 25869 25886 25944 25962 25968 25972 25988 26032 26095 26112 26164 26282 26332 26353 26403 26404 26464 26481 26550 26552 26587 26629 26631 26729 26881 26940 26992 27039 27063 27099 27177 27215 27216 27265 27276 27288 27304 27450 27554 27576 27662 27674
junkyard 25013 25152 26106 26353 26729 26899 27304 27576
join 25023 25069 25207 25280 25295 25447 25603 25661 25724 25869 25884 25964 25988 26000 26125 26151 26203 26377 26605 26732 26985 27099 27153 27349 27555 27621
just 25032 25059 25060 25069 25076 25083 25086 25087 25120 25129 25149 25152 25169 25173 25177 25198 25206 25207 25250 25261 25262 25289 25293 25295 25301 25304 25340 25342 25391 25393 25397 25412 25416 25420 25444 25447 25490 25516 25532 25534 25558 25576 25593 25601 25626 25643 25710 25722 25725 25763 25770 25778 25782 25800 25820 25827 25859 25869 25899 25918 25930 25937 25940 25944 25945 25954 25956 25962 25964 25968 25988 25992 26015 26016 26025 26034 26039 26042 26066 26089 26095 26100 26106 26127 26151 26173 26196 26282 26289 26314 26325 26333 26339 26350 26351 26353 26384 26403 26404 26411 26446 26451 26458 26464 26481 26494 26504 26522 26539 26558 26562 26582 26629 26631 26645 26664 26684 26715 26718 26720 26753 26769 26806 26816 26822 26825 26860 26869 26881 26933 26940 26946 26960 26983 26985 26994 27024 27028 27039 27063 27082 27099 27113 27140 27169 27177 27199 27208 27216 27218 27276 27290 27302 27309 27336 27355 27367 27392 27421 27474 27480 27487 27517 27530 27549 27552 27562 27563 27570 27583 27585 27587 27589 27608 27622 27636 27644 27645 27662 27690
jhc 25032
jdbc 25036 27276
jsp 25036
jsf 25036
jun 25036 25154 25170 25197 25222 25223 25252 25321 25327 25469 25473 25489 25505 25513 25548 25665 25687 25770 25788 25792 25801 25850 25855 25863 25880 25883 25894 25921 25974 25997 25999 26092 26093 26189 26200 26228 26234 26262 26279 26281 26294 26333 26362 26375 26394 26420 26434 26436 26469 26558 26562 26565 26645 26648 26677 26700 26720 26790 26798 26819 26844 26859 26864 27003 27043 27051 27209 27212 27222 27238 27365 27409 27469 27506 27527 27561 27578 27586 27614 27630 27651 27656 27672 27729
jason 25047 25230 25267 25728 26033 26251 26434 26494 27028 27336 27554 27608 27651
joshua 25058 25099 25184 25242 25266 25306 25312 25353 25513 25663 25665 25700 25756 25767 25850 25894 25902 25980 25985 26076 26154 26183 26222 26245 26294 26347 26386 26414 26415 26416 26434 26496 26565 26578 26584 26589 26790 26797 26807 26836 26997 27027 27043 27084 27194 27200 27212 27227 27261 27264 27377 27503 27544 27578 27634 27679
javascript 25062 26089 27048
justin 25062 25439 25489 25688 26197 26304 26494 26530 26615 26939 27029 27355
juno 25062 25295
joseph 25069 25154 25170 25252 25267 25295 25509 25513 25560 25665 25687 25850 25880 25883 25894 25974 26222 26228 26281 26294 26353 26408 26434 26565 26677 26700 26790 26819 26844 26859 26891 27003 27238 27365 27527 27561 27651
zinn 25069
jan 25081 25154 25170 25197 25222 25223 25252 25267 25321 25327 25405 25469 25505 25513 25548 25665 25687 25788 25792 25796 25836 25850 25863 25880 25883 25894 25921 25974 25997 25999 26020 26034 26189 26200 26228 26234 26262 26279 26281 26294 26295 26375 26420 26434 26565 26677 26700 26790 26816 26819 26844 26859 26864 26891 27003 27051 27079 27102 27126 27177 27209 27212 27222 27238 27303 27365 27409 27469 27506 27527 27546 27554 27561 27566 27578 27586 27614 27630 27651 27656 27672 27729
zero 25083 25120 25244 25262 25393 25476 25490 25532 25534 25558 25691 25725 25845 25865 25888 25940 25954 25968 25993 26000 26032 26089 26121 26144 26151 26196 26248 26275 26278 26325 26350 26369 26384 26451 26464 26481 26629 26631 26715 26753 26822 26933 27028 27205 27290 27303 27327 27340 27358 27392 27420 27570
z 25084 25120 25152 25317 25328 25412 25418 25490 25513 25515 25665 25782 25930 25988 26066 26080 26151 26152 26226 26282 26339 26434 26451 26464 26481 26558 26565 26790 26891 26933 26940 26985 27099 27208 27216 27556
zoomscroll 25084
johns 25086 25207 27721
jughandle 25090
jug 25090 25295
journalbren 25091
joked 25091
zip 25093 25459 25477 25988 26032 26095 26151 26196 26282 26404 26464 26631 27276 27290
judith 25094 25120 25513 25687 25759 25788 25894 25915 26025 26504 26565 26790 27212 27238 27365
joining 25094 25287 25340 25397 25433 25724 26018 26080 26196 26629 26985 27303 27554 27583 27631 27635 27676
jain 25106 25295 25812 25954 26222 26408 26494 26648 26792 26909 27043
zonta 25106
jensen 25120 25208 25261 25550 25604 26025 26353 26504
joined 25120 25661 25915 25964 26000 26025 26188 26550 26985 27063 27721
zzyzx 25120
zone 25120 26345 26664 27265
jane 25120 25295 25782 26565 26790 26994 27212 27365 27530 27651
jon 25120 26025 26228 26494 27589
johnny 25120 25295 26516 27699
zack 25132 25816 26050 26288 26606 27261
zarki 25145 25850 25934 26192 26447 26648 26830 27043 27154 27396 27561 27621
jordan 25145 25213 25295 25299 25369 25676 25954 26104 26106 26200 26222 26281 26294 26648 27019 27043 27331
job\fr 25149
justice 25149 25295 25592 26951 27099 27416 27480 27552
zeleny 25149
jantsch 25149
z=t 25152
z+2pi 25152
jul 25154 25170 25197 25222 25223 25252 25327 25469 25505 25513 25548 25558 25665 25687 25703 25788 25792 25850 25863 25880 25883 25894 25921 25952 25974 25997 25999 26152 26189 26200 26228 26279 26281 26294 26375 26434 26565 26645 26677 26686 26700 26790 26819 26844 26859 26864 27003 27051 27102 27209 27212 27222 27238 27365 27409 27469 27506 27518 27527 27561 27578 27586 27614 27630 27651 27656 27729
jachwet 25154 26434 27365
zucker 25154 25513 25665 25850 26434 26565 27238
jakob 25154 25197 25222 25252 25327 25447 25469 25513 25665 25687 25788 25792 25850 25863 25880 25883 25894 25974 25997 25999 26200 26228 26234 26279 26281 26294 26375 26420 26434 26565 26677 26700 26819 26844 26859 26864 27003 27102 27212 27222 27238 27365 27409 27469 27506 27527 27561 27578 27586 27614 27630 27651 27656 27729
zloczow 25154
jozef 25154 25170 25197 25222 25223 25252 25327 25469 25505 25513 25548 25665 25687 25788 25792 25850 25863 25880 25883 25894 25921 25974 25997 25999 26189 26228 26262 26279 26281 26294 26375 26434 26565 26677 26700 26790 26819 26844 26859 26864 26891 27003 27102 27209 27212 27222 27238 27365 27469 27506 27527 27561 27578 27586 27614 27630 27651 27672 27729
zygmunt 25154 25197 25513 25788 25880 25883 25997 26859 27003 27102 27212 27238 27527 27578 27614
jonas 25154 25222 25469 25513 25665 25687 25788 25792 25883 25894 25974 26294 26645 27212 27238 27365 27469 27651 27672
zmigrod 25154 25513 27003
judessa 25154 25469 26844 27212 27656
zachary 25165 25491 25513 27099 27651
jenny 25165 25295 25966 25979 26027 26113 26790 27209 27350 27518
jungle 25166 25295 25466 25827 26120
jochan 25170
jones 25173 25601 25962 26160 26790 27043 27099
job 25173 25177 25207 25295 25340 25391 25397 25416 25447 25490 25519 25601 25782 25820 25827 25930 25944 25960 25962 25979 25988 26032 26042 26080 26089 26095 26100 26115 26196 26220 26300 26411 26421 26481 26558 26562 26629 26631 26664 26919 26960 26994 27063 27099 27174 27296 27302 27323 27335 27349 27367 27530 27583 27585
joins 25173 25308 25603 25963 25988 26125
javaos 25173
james 25173 25252 25295 25665 25894 26020 26025 26279 26294 26565 26568 26645 26790 27019 27043 27099 27180 27212 27311 27365 27409 27566 27651
jiang 25173 26408 27355
journal 25173 25208 25278 25295 25341 25364 25382 25473 25621 25682 25858 25942 25954 26112 26125 26152 26203 26222 26311 26318 26338 26350 26378 26400 26515 26517 26605 26744 26805 26891 26900 26909 26985 26991 27099 27118 27170 27177 27226 27306 27311 27330 27331 27340 27360 27416 27498 27599 27650 27730
zcomputer 25180 26198 26763 27595
zhaoxia 25180 25396 27043
juda 25197 25252 25469 25513 25548 25665 25788 25792 25850 25863 25880 25883 25894 25921 25974 26189 26260 26375 26434 26565 26677 26790 26844 26859 26891 27209 27212 27238 27469 27561 27614 27656 27672
zelig 25197 25223 25469 25513 25665 25687 26790 26819 26864 26891 27229 27238 27527
jochwet 25197 25850 25883 25894 26565 27238
jacob 25197 25252 25295 25428 25469 25513 25548 25665 25687 25703 25779 25788 25850 25964 25999 26195 26565 26645 26677 26735 26790 26844 26891 26912 27051 27063 27212 27518 27651 27737
joachim 25197 25223 25469 25505 25513 25788 25850 26189 26200 26262 26434 26565 26677 26790 26844 26891 27212 27238 27469 27527 27561 27586
zydnia 25197
jentel 25197 25469 25792 25999 26565 26677 26844 27561 27651
jeremy 25199 25513 26565
zvi 25206 25513 26420 26565 27229
joyner 25207
jointrees 25208
judea 25208 25601 26310 26962 27089
javabayes 25208 25498 27265
jorgensen 25213 25954
julius 25222 25295 25469 25687 26200 26279 26294 26813 26844 27212 27409
jachet 25223 25469 25513 25665 25687 25921 25997 26228 26677 26790 26844 27212 27222 27409 27561 27578 27586 27651
zanwel 25223 26677 26844 27212
josef 25223 25513 25560 25665 25687 25792 25850 25883 25921 25974 26200 26434 26677 26700 26813 27003 27212 27222 27238 27365 27409 27506 27527 27561 27586 27630 27729
jt92 25224
j87 25224
jsn 25236
junkies 25237
zybooks 25237
jechiel 25252 25548 25665 26790 27238
joel 25252 25489 25883 25894 25997 25999 26200 26262 26294 26420 26464 26677 26790 26844 26864 26881 27099 27212 27365 27518 27561 27651
zena 25257
junctions 25278 25954
japan 25278 25295 25571 25827 25950 25954 26033 26411 26774 27061 27177
jose 25278 25954 26215 26350 26443 26517 26963 27340
janeiro 25278 25827 26092 27068
jpl 25282 26215 27045 27177
jab 25295
jabber 25295
jabbernowl 25295
jabiru 25295
jaborandi 25295
jaborine 25295
jabot 25295
jacamar 25295
jacana 25295
jacaranda 25295 27272
jacare 25295
jacent 25295
jacinth 25295
jackal 25295
jackanapes 25295
jackaroo 25295
jackass 25295
jackdaw 25295
jackeen 25295
jacket 25295
jacketed 25295
jacketing 25295
jackman 25295
jackstay 25295
jacobean 25295
jacobian 25295
jacobin 25295
jacobinism 25295
jacobinize 25295
jacobite 25295
jacobitism 25295
jacobus 25295
jaconace 25295
jaconet 25295
jacquard 25295 27099
jacquerie 25295
jactance 25295
jactation 25295
jactitation 25295
jaculate 25295
jaculation 25295
jaculator 25295
jaculatory 25295
jad 25295
jade 25295 25513 26790
jadeite 25295
jadish 25295
jag 25295
jagannath 25295
jager 25295 27707
jagg 25295
jagged 25295
jagger 25295
jaggery 25295
jaggy 25295
jaghire 25295
jaguar 25295
jaguarete 25295
jaguarondi 25295
jah 25295
jahvism 25295
jail 25295
jailor 25295
jakes 25295
jalap 25295
jalapin 25295
jalouse 25295
jalousie 25295
jam 25295 25436 26271 26631 27382 27588
jama 25295
jamadar 25295
jamaica 25295 27238
jamb 25295
jambeau 25295
jambee 25295
jambo 25295
jamboree 25295 25444 25832 26631
jamdani 25295
jamesonite 25295
jammy 25295
jangada 25295
jangle 25295
janglery 25295
janitor 25295 27099
janizary 25295
janker 25295
jansenism 25295
jansenist 25295
jant 25295
janus 25295
jap 25295
japanese 25295 26411 27099
japanesery 25295
japanned 25295
japanner 25295
jape 25295
japhetic 25295
japonic 25295
japonica 25295
jar 25295 25477 25492 26552 27288
jararaca 25295
jarde 25295
jardiniere 25295
jardon 25295
jarful 25295
jargle 25295
jargogle 25295
jargon 25295 25304 25869 25920 27169 27303 27631
jargonelle 25295
jargonist 25295
jargonize 25295
jark 25295
jarl 25295
jarosite 25295
jarrah 25295
jarring 25295
jarvey 25295
jasey 25295
jasmine 25295
jasp 25295
jaspachate 25295
jasper 25295
jasperated 25295
jasperize 25295
jaspery 25295
jaspidean 25295
jaspideous 25295
jaspis 25295
jaspoid 25295
jasponyx 25295
jataka 25295
jauk 25295
jaunce 25295
jaundice 25295
jaundiced 25295
jaunt 25295
jaunty 25295
javan 25295
javel 25295
javelin 25295
javelot 25295
jaw 25295
jawbation 25295
jawed 25295
jawn 25295
jawy 25295
jay 25295 25894 26281 26294 26677 27238 27498
jazerant 25295
jazz 25295 26102 26320 27099
jealous 25295
jealousy 25295
jeames 25295
jean 25295 25835 26063 26565 26844 27003 27212 27355 27651
jear 25295
jebusite 25295
jedburgh 25295
jee 25295
jeer 25295
jeff 25295 25360 25383 25591 25954 26506 26515 26729 26991 27186 27686
jeffersonian 25295
jeffersonite 25295
jeg 25295
jehad 25295
jehovah 25295
jehovist 25295
jehu 25295
jejunal 25295
jejune 25295
jejunity 25295
jejunum 25295
jelick 25295
jell 25295
jellied 25295
jelly 25295
jemadar 25295
jemima 25295
jemmy 25295
jenequen 25295
jennet 25295
jenneting 25295
jeofail 25295
jeopard 25295
jeopardize 25295 25420 25601
jeopardous 25295
jeopardy 25295 25601 27099 27589
jequirity 25295
jerboa 25295
jere 25295
jereed 25295
jeremiad 25295
jerfalcon 25295
jericho 25295
jerid 25295
jerk 25295
jerker 25295
jerkin 25295
jerky 25295
jeroboam 25295
jeronymite 25295
jeropiga 25295
jerque 25295
jerquer 25295
jerry 25295 27099 27651
jersey 25295 25665 26000 27003 27651
jert 25295
jerusalem 25295 25894 26279 26434 26891
jervine 25295
jess 25295
jessamine 25295
jessamy 25295
jessant 25295
jesse 25295 25665 26565 26790
jessed 25295
jest 25295
jester 25295
jestful 25295
jesting 25295
jesuist 25295
jesuit 25295
jesuited 25295
jesuitess 25295
jesuitic 25295
jesuitism 25295
jesuitize 25295
jesuitry 25295
jesus 25295 26891
jet 25295
jetsam 25295
jetteau 25295
jetter 25295
jettison 25295
jetton 25295
jetty 25295 25469 25665 26294 26385 26565 26790 26864 27003 27238 27561
jeu 25295
jew 25295
jewel 25295 25412
jeweller 25295 27179
jewellery 25295
jewess 25295
jewis 25295
jewish 25295 25514 25703 26412 26645 26891 27065 27179 27480 27567
jewism 25295
jewry 25295 26891 27480
jezail 25295
jezebel 25295
jib 25295
jibbah 25295
jibber 25295
jibe 25295
jiffy 25295
jig 25295
jigger 25295
jigget 25295
jigging 25295
jiggish 25295
jiggle 25295
jiggumbob 25295
jihad 25295
jill 25295 25788 26281 27063 27576 27578
jillet 25295
jilt 25295
jimcrack 25295
jimmy 25295 25489 26029 26494
jimp 25295
jin 25295
jingall 25295
jingle 25295
jingo 25295
jingoism 25295
jink 25295
jinn 25295
jinnee 25295
jinny 25295
jitney 25295
jo 25295 25434 26169 26294
joan 25295 25573 25796 25883 25894 26228 26294 26598 26677 27212
jobation 25295
jobber 25295
jobbernowl 25295
jobbery 25295
jobbing 25295
jobbish 25295
jobe 25295
jobmaster 25295
jocant 25295
jockey 25295
jockeying 25295
jockeyship 25295
jocko 25295
jockteleg 25295
jocose 25295
jocoserious 25295
jocosity 25295
jocular 25295
joculator 25295
jocuno 25295
jocunoity 25295
jodel 25295
joe 25295 25318 25869 25962 26033 26097 26215 26353 26559 26572 26606 26667 26956 26994 26995 27063 27530
joey 25295 26802
jog 25295 27265
joggle 25295
johannean 25295
johannes 25295
johannine 25295
johannisberger 25295
johnian 25295
johnsonese 25295
johnsonian 25295
joinant 25295
joinder 25295
joiner 25295
joinery 25295
jointed 25295
jointer 25295
jointing 25295
jointless 25295
jointly 25295 25603 25937 26293 26458 26550 26605 27218 27552
jointress 25295
jointure 25295
jointuress 25295
jointweed 25295
jointy 25295
joist 25295
joke 25295 25516 26494 27063 27323
joker 25295 25879
jokesmith 25295
jokul 25295
jole 25295
jollification 25295
jollify 25295
jollily 25295
jollity 25295
jolloped 25295
jolly 25295
jollyhead 25295
jolt 25295
jolter 25295
jolty 25295
jonah 25295 25372 26932
jonathan 25295 25418 25489 25513 25515 25591 25628 25665 26020 26565 26844 26904 27099 27238 27484 27578
jongleur 25295
jonquil 25295
joram 25295
jorum 25295
joskin 25295
joss 25295
josser 25295
jostle 25295
jostlement 25295
jot 25295
jougs 25295
jouisance 25295
jouk 25295
joul 25295
joule 25295
jounce 25295
journalese 25295
journalism 25295
journalist 25295 26686
journalistic 25295 26605
journalize 25295
journey 25295 25397 25412 25601 25869 26403 27099
journeyman 25295 27179
joust 25295
jove 25295
jovial 25295
jovialist 25295
joviality 25295
jovialize 25295
jovian 25295
jovicentric 25295
jovinianist 25295
jovy 25295
jowl 25295
jowled 25295
jowler 25295
jowter 25295
joy 25295 25513 26043 26494 26565 27099 27431 27555
joyance 25295
joyful 25295
joyless 25295
joyous 25295 26558
joysome 25295
juba 25295
jubardy 25295
jubate 25295
jubbah 25295
jube 25295
jubilant 25295
jubilar 25295
jubilate 25295
jubilation 25295
jubileal 25295
jubilee 25295
jubilize 25295
jucundity 25295
judaic 25295
judaism 25295 27480
judaize 25295
judas 25295
judcock 25295
judge 25295 25601 25869 26302 26605 26900 27063 27099 27498
judgement 25295 25988 27386
judger 25295
judgmatic 25295
judicable 25295
judication 25295
judicative 25295
judicatory 25295
judicature 25295
judicial 25295 26605
judiciary 25295 27480
judicious 25295
judy 25295 25469 25728 25812 26092 27028 27043 27309 27608 27636
jugal 25295
jugate 25295
juger 25295
jugful 25295
juggernaut 25295
juggins 25295
juggle 25295 26562
juggler 25295
jugglery 25295
jugoslav 25295
jugular 25295
jugulate 25295
jugulum 25295
jugum 25295
juice 25295 25443 27158
juicy 25295
juise 25295
jujube 25295
juke 25295
julaceous 25295
julep 25295
julienne 25295
julyflower 25295
jumart 25295
jumbal 25295
jumble 25295
jumbo 25295
jument 25295
jump 25295 25601 25725 25836 25915 25964 26032 26464 26960 27016 27028 27139 27365 27470 27556 27700
jumper 25295
jumping 25295 26025
jumpy 25295
juncaceous 25295
juncat 25295
junco 25295
juncous 25295
junction 25295 27006
juncture 25295
juneating 25295
jungly 25295
junior 25295 25643 25950 26411 26540 27085 27174 27302 27396
juniority 25295
juniper 25295
junk 25295 27179
junker 25295
junket 25295
junta 25295
junto 25295
jupard 25295
jupe 25295
jupiter 25295
jupon 25295
jural 25295
jurament 25295
jurassic 25295
jurat 25295
juratory 25295
juridic 25295
jurisconsult 25295
jurisdiction 25295 25592 26020 26470 26605 27498
jurisdictive 25295
jurisprudence 25295
jurisprudent 25295
jurisprudential 25295
jurist 25295
juror 25295
jury 25295 25601
juryman 25295
jussive 25295
justaucorps 25295
juster 25295
justicer 25295
justiceship 25295
justiciable 25295
justiciar 25295
justiciary 25295
justicies 25295
justicing 25295
justico 25295
justifiable 25295 25532
justification 25295 25342 26106 26404 26933 27099 27517
justificative 25295
justificatory 25295
justifier 25295
justify 25295 25342 26404 27082 27276 27517
justle 25295
justly 25295
justness 25295
jut 25295
jute 25295 27238
jutty 25295
juvenal 25295
juvenescent 25295
juvenile 25295
juvenilia 25295
juvenility 25295
juwise 25295
juxta 25295
juxtapose 25295
juxtaposition 25295 26715
jymold 25295
jynx 25295
zahra 25301 26300 27631
zhao 25301 25364 26300 26648 26802 27043 27114 27306 27355 27484
judiciously 25304 27099 27169
jojo 25305
jozef+gitli 25327
jachetta 25327 25469 26677 26790 26819 26859 27238
zale 25327 25665
jana 25336 27176 27189
judgment 25340 25869 26605 27099 27583 27589
jacobson 25340 26196 26282 26629 26631 26715 26860 26974 27212 27216 27276 27290 27583
j=0 25342
jellyfish 25355
junit 25356 25360 26404 26629 26992 27099
joaquin 25359 25504 26019 26627 27183 27395 27544
zot 25360 27113 27392
jihyun 25364
jihyunp 25364
jamia 25364
janet 25364 25513 25665 25725 26294 26938 27212
java2d 25371
josiah 25375 27088
jef 25387
julia 25390 25513 25788 25850 25883 26266 26281 26294 26354 26523 26685 26790 26833 26844 27034 27143 27209 27212 27238 27281 27561 27630
zoo 25392 25438 25521 25613 25979 26471 26503 27050 27545 27625 27685
zonotopes 25401 25954 26340 26744
jf 25405
jewels 25412
jokes 25420 25836 27099 27652
jammers 25436
josh 25436 26446 27043
jaime 25436
jennifer 25449 25850 25870 26000 26092 26149 26172 26434 26648 26844 26964 27212 27305 27555 27578
zipped 25459 25601 26033 26203 26631 27063
jorge+palo 25465
jetti 25469 25665 27238 27469
zalobin 25469
zerkow 25469
jwhiteman01 25469
javoshna 25469
jachwett 25469
jeruchem 25469 26228 26700 27212 27527
zevierzynca 25469
jozue 25469 25513 27656
jeongae 25473
javac 25477 25699 25944 26032
jessica 25488 25489 25513 25812 25836 25848 25894 26198 26401 26692 26754 27043 27047 27096 27212 27325 27700
jeavons 25489
jefferson 25489
jordi 25489
josep 25489
zhu 25489 27441 27484
jakub 25489 25883 27238
jackson 25489 26790 27099
joxan 25489
jaffar 25489
jorge 25489 25618 26353
zhang 25489 25956 26408 26494 26635 27355
jonsson 25489
janota 25489
joao 25489
jermann 25489
josé 25489 25624
zampelli 25489
järvisalo 25489
jegou 25489
zanuttini 25489
jacopo 25489
jiadong 25489
zz 25490
jar= 25492 26552 27288
jeannette 25503 26010 27365
jankiel 25505
janczalek 25513 27672
jona 25513 25894
jedrzejow 25513 27238
zalman 25513 25850 25921 26434 26790 26813
zelman 25513 27238 27527
jutla 25513
jaroslau 25513
jakobsohn 25513 27212 27409 27561
zellerkraut 25513
jaroslaw 25513 25665 25997 26844 27212 27229 27238 27527 27578
zuckermann 25513
jehuda 25513
jodie 25513 27238
joanne 25513 25997 26098
zoe 25513 26086
joyce 25513 25687 26677 27099 27212
zurich 25513 25850 26294 27238
jolles 25513
zeik 25513
jeffrey 25513 25703 25788 25894 26228 26565 26677 26790 27113 27365 27686
zara 25513
zborov 25514 26099 26813
jews 25514 25516 25703 26891 27382 27480
zlate 25514 25792 26700 27222 27365
janovce 25514
zahradne 25514
zatkovce 25514
zsetek 25514
zatloukal 25515
justified 25516 26605 27331 27589
zussel 25548 25921 25997 26677 27212 27238
judkiewicz 25548 26200 27238
zheng 25557 25733 27043 27484
zoids 25562 26433 27033 27184
zion 25562 27259
jmb 25601
janken 25601
jacobs 25603 26350 26790 26891 27212 27578
jia 25603 26300
zaharioudakis 25603
jauhari 25603
joinlty 25604
jansen 25631
zap 25656 26184 26797 26938
zongheng 25661 26615
jr 25665 25894 26790 27099 27212 27396 27651
jaron 25665
jp 25665
zofia 25665 25880 25883 25997 26677 26813 26844 27003 27212 27238 27469 27506 27561 27630
zimech 25665
josua 25665 26434
jeanie 25665
jeanne 25665 25687 26281 26335 26565 26611 26935
zabno 25665
zipora 25665
zizkow 25665
jukel 25665
jastrzabek 25665
julie 25665 26670
jerome 25665 25894 27651
jonasz 25665 25850 26294
jaslo 25665 26859 27212
jechyel 25665
jude 25665 27336
zalubince 25665
zhou 25670
zhuoqing 25670
judah 25678
jaworzno 25687 26819
zlota 25687 25997 26700 26844 26859 27238 27614
zacharyasz 25687 26565 27527
zeros 25691 26039
jennie 25703 26200 26375 26565 26790
jehoshua 25703 26434
jumped 25710 26032 26464
j\ 25724
zeta 25725
zaire 25727
joanna 25733 26262 27238 27365
journals 25755 25954 26020 26378 26900 27081 27498
jit 25758 25982 26366 26606 26841 27473
jackpot 25763
zwilling 25788
judes 25788 25880 26375 26565 26844 27212 27561
jetta 25788 27212
janiszewska 25788
josefsthal 25788
zimetbaum 25788
janina 25788 25883 26200 26279 26891 27212
jette 25788
zagan 25792 26677
jentli 25792
zusman 25792
jacheta 25792
jitta 25792
zlata 25792 25997 26279 26864
zelinda 25792
jente 25792
jentla 25792 26189 26844 27561
jenta 25792
zimerman 25792
jelangsam 25796
z' 25800 25988
jimw 25820
zealand 25827 26686 27040
junkyu 25834 25884 26203 26728 27144
zysman 25850 26700
zuchter 25850
jerzy 25850 25880 26200 27212 27409
jechezyasz 25850
jacobowitz 25850
zev 25850 27229
zafir 25850
zakopane 25850 27630
zawiercie 25850
jamie 25850 27212
zipper 25852 25988 27173
jaws 25857
zussla 25863
zabierzowska 25863
zoomed 25869
zooming 25869 27336
zoom 25869 27099
janik 25870
jslein 25876 26038 26818 27510
zygmund 25880
josue 25880
zortel 25880
juer 25880
juliusz 25880 25997 27102 27578 27614
jakob+perl 25880
jakobowicz 25880
zakliczy 25880
jessel 25883
judel 25883 25894 26200 26281 26677 26790 27409 27651
janek 25883
jozua 25883 26294 26434 26677 26844 26891 27238
janicka 25883
ziwje 25883
zukowice 25883
jecheskel 25883 27238
zgierz 25883 26434 27238
zahavi 25883 27238
jenna 25894
jaspan 25894
zalel 25894 27651
josephine 25894 27238
jessie 25894 27209
jaden 25894
jakubowicz 25894 26677 26891
zhaoqi 25907
janos 25916
justifies 25918 26686
jonkler 25921 26790
zippy 25941 25963 26211 26833 27035 27575
∪ 25944
jflex 25944
jewishgen 25952 27179
jeju 25954 27483
jeonju 25954
jcdcg3 25954
jacqueline 25956 26790 27651
zyante 25956
zeroes 25956 26282 27113 27355
   25959
jeanelle 25964
jx 25973
jy 25973
jk 25988
jk' 25988
jozefa 25997 26859 27365 27630
zwierzynice 25997
jutte 25997 27578
jachwetta 25997
jafarpour 26010 27484
jfc 26025
jmiller 26025
jradoff 26025
jumpi 26032
jumps 26032 26464 26960
jogathon 26086
johanna 26092 26200 27365 27469 27586
jams 26112 26631
joachims 26112
jpg 26112 27485
ziv 26150 26362 26394 26436 26562 26664 27043 27265
juliet 26151 27431
jcapulet 26151
zerodivisionerror 26151
jh 26152
zirkle 26152
jenkins 26152
judging 26164
jodenstraat 26185
jutts 26198
judd 26200 26294
zbigniew 26200
jozefina 26200
jadwiga 26200 27212
javier 26203 26903
j20 26203
j19 26203
j18 26203
j17 26203
j16 26203
jmlr 26203
j15 26203
j14 26203
j13 26203
j12 26203
j11 26203
j10 26203
j9 26203
j8 26203
j7 26203
j6 26203
j5 26203
j4 26203
j3 26203
j2 26203
j1 26203
zima 26215
jaist 26215
janis 26222
ju 26222 27208
jair 26222
jaakkola 26222
jianbo 26222
joris 26222
zoubin 26222
janice 26228 26494 26648 27212 27240
zierel 26234
jochebet 26262
jarecki 26267 26648 27043
jeong 26267
jedi 26269
zwirn 26279 26677
zorn 26279
jontel 26279
zolynia 26279 27578
zelda 26281 26565 26790 26864 27238 27578
zaruch 26281
johann 26281 26565
zurych 26281
josek 26294 26844 27003 27212 27238
jaworow 26294 27229
zadawa 26294
zahler 26294
zaler 26294
zybner 26294
jarrett 26294
zabelovsky 26294
jackie 26294
jianfeng 26300
judges 26300 26802 27099
zhong 26332 27271 27371
zonohedra 26340 26961
journalworkplace 26350
jamey 26350
jasso 26353
zucca 26353
jacqui's 26353
jigsaw 26353
janssens 26353
jenicek 26353
zillions 26353
zeltner 26375
juan 26378 26443 26515 26744
janelle 26389
joycelin 26408
jalali 26408 27484
jiayi 26408
jacques 26420 27238
jamming 26423
jazzcatsai 26424 26543
zoid 26433
zipporah 26434
jermia 26434
junia 26434
zisl 26434
zebra 26464 27068
juliana 26494 27212
jingliang 26494
zobi 26494
zach 26494 26802 27102
js 26504
jw 26504 27311
ja 26515
ji 26517 27355
zac 26517
jayson 26530 26606 26679
jmdns 26550
zeitgeist 26550
zt 26558
zolkiew 26565 26677
zuckerman 26565 27630
zniesienie 26565
jwensor 26565
zwi 26565
jekaterynburg 26565
zeller 26565
zangen 26565
junger 26565 27102 27365
joffe 26565
zhihao 26615
jdk 26629
jre 26629 27674
zilversmit 26645
jitschok 26645
jwongma 26648
joell 26670
jemoto 26670
joann 26677
jeanette 26677 26790 27003 27578
zeldin 26677
zisel 26677 26813
zvon 26697
jeffry 26711
jssmag 26715
ziegler 26729 27576
jaffas 26767
› 26769
jammalamadaka 26775 27128
jadbabaie 26781
zelde 26790
juttel 26790
jachetty 26790
zeev 26790
ze'ev 26790
jerrymyra 26790
jerrold 26790
jiale 26790
jared 26790
justyn 26790
zied 26790
judged 26802
j+1 26806 26985
j++ 26806
j+y 26806
zeeshka 26813
zilina 26813
jastkowice 26819
zina 26819
jodaiko 26821
jejurikar 26823
zusie 26844
zablocie 26844 27469
zachariasz 26844
joska+hudessa 26844
zawadow 26844
jordanow 26844 27527
jassy 26844
zephyrhills 26844
jicin 26844
jurisdictions 26846
jozef+sara 26859
jeremiasz 26864 27630
jankew 26864
jie 26869
jwross 26881
josel 26891
joselewicz 26891
jakubow 26891
jacobow 26891
jakubowna 26891
jankel 26891
zwettel 26891
zlotys 26891
jozek 26891
jagiellonian 26891
zydow 26891
jachymczyk 26891
zbikowski 26891
zydzi 26891
zeiden 26891
jasienica 26891
zaklad 26891
zydowski 26891
judaica 26891
jotal25 26891
jerrum 26909
jody 26951
jgk 26956
jmp 26960
jeremias 27003 27630
zigmund 27003
zoology 27043
ziwies 27051
jetbrains 27063
zippled 27063
zeeman 27063 27099
zürich 27081
zerouni 27099
joking 27099
juices 27099
joubert 27099
jeans 27099
zappa 27099
judgeship 27099
jbos 27099
zen 27099
zoma 27099
jiajun 27099
zakia 27099
jaglrz 27102
jarosz 27102
jaglarz 27102
jedrzej 27102
jaklicz 27102
zemanek 27102
jaklinski 27102
zellner 27102
zins 27102
zefiryn 27102
zywicki 27102
zupelne 27102
zaleski 27102
jozafat 27102
jakobi 27102
jablonowski 27102
jurowitz 27102 27651
jacka 27102
zdzislaw 27102
jake 27113
zohar 27118
joerg 27118
zilberstein 27118
zarkiprofessordegree 27154
javabeans 27177
juha 27177
jazayeri 27177
zatrudnienie 27179
zapalek 27179
zboze 27179
zelazo 27179
jalmuznik 27179
jubiler 27179
zarobnik 27179
zebrak 27179
zegarmistrz 27179
zlotnik 27179
znachor 27179
zniwiarz 27179
zolnierz 27179
zk 27205
jd 27208
zu 27208
zuttel 27209
joeeichberg 27209
zuker 27212
zeldowicz 27212
judyta 27212
zelman+hudessy 27212
judessy 27212
zusche 27212
joachim+doby 27212
joel+sara 27212
jakob+rachel 27212
zenon 27212
zielinski 27212
jeanetta 27212 27561
zuzanna 27212
zygfryd 27212
john+rebecca 27212
judzi 27212
zusla 27222
zusha 27229
zisha 27229
zyda 27229
zayde 27229
zagorz 27229
zanvil 27229
jakov 27229
jisrael 27229
zawichost 27238
zissel 27238
jeannine 27238
jeret 27238
zyman 27238
jiczyn 27238
juniors 27243
zones 27255
jdavis 27263
jonnathan 27296
janda 27336
jcss 27340
zeph 27350
j\log 27350
jachat 27365
jachett 27365
zhenyuan 27441
zhijing 27484
jehan 27484
jinsu 27484
zhenghua 27484
jpe 27485
zeidenberg 27498
zubulake 27498
zylberberg 27506
zyssel 27506
joschkowitz 27506
zweig 27506
julianna 27526 27561
zencel 27527
zalimer 27527
zuskind 27527
joachym 27527 27672
joppe 27554
zaklikow 27561
zimerspitz 27561
zughaft 27561
jos 27576
jaques 27578
jetl 27578
zimmerman 27586
jamoe 27618
josefina 27630
zachar 27630
zmontaze 27631
zybook 27631
jullian 27651
zukerman 27651
janette 27651
judess 27651
jacky 27652
jens 27652
junlin 27652
jochebed 27656
jered 27656
jellies 27671
jvm 27674
jre7 27674
jni 27674
jaypee 27686
zettabyte 27690
zettabytes 27690
zuzana 27696
jmutts 27700
