july 41616 41636 41647 41650 41662 41676 41678 41720 41723 41728 41763 41772 41781 41782 41783 41792 41817 41832 41874 41930 41936 41962 41969 41993 42065 42089 42107 42112 42121 42124 42125 42133 42169 42204 42246 42247 42281 42295 42296 42303 42315 42323 42337 42340 42350 42362 42385 42428 42433 42434 42442 42458 42464 42468 42494 42496 42500 42534 42535 42565 42571 42593 42637 42638 42643 42648 42683 42701 42710 42726 42739 42752 42763 42767 42778 42806 42812 42822 42824 42837 42838 42893 42914 42921 42925 42948 42952 42953 42976 42985 43000 43030 43081 43097 43169 43172 43175 43179 43186 43196 43203 43214 43217 43224 43273 43296 43299 43314 43325 43333 43335 43345 43425 43437 43476 43488 43507 43540 43545 43555 43571 43601 43607 43608 43625 43639 43649 43666 43679 43738 43787 43808 43813 43817 43821 43841 43888 43889 43974 44019 44073 44097 44127 44177 44194 44197 44204 44206 44234 44270 44275 44279 44288 44297 44308
jobs 41620 41629 41636 41676 41694 41700 41719 41749 41765 41776 41796 41805 41813 41820 41825 41840 41847 41872 41876 41914 41921 41941 41945 41975 41977 41986 41988 42021 42026 42079 42131 42164 42170 42205 42214 42220 42221 42225 42244 42247 42249 42250 42253 42340 42351 42352 42353 42380 42382 42401 42403 42408 42425 42453 42464 42468 42481 42483 42497 42512 42517 42525 42526 42558 42605 42624 42650 42677 42690 42696 42710 42739 42742 42743 42745 42753 42801 42823 42835 42840 42841 42850 42895 42936 43000 43003 43004 43043 43057 43067 43123 43133 43165 43166 43176 43195 43216 43220 43225 43235 43246 43248 43271 43283 43284 43285 43308 43344 43398 43465 43488 43492 43496 43500 43516 43542 43548 43563 43591 43601 43617 43640 43658 43731 43732 43734 43771 43786 43823 43834 43835 43850 43854 43868 43881 43885 43910 43916 43959 44033 44072 44114 44117 44128 44133 44135 44136 44154 44177 44196 44198 44224 44230 44231 44265 44269 44281 44289 44298 44301 44307 44369 44375
just 41620 41649 41660 41692 41722 41737 41753 41781 41785 41812 41822 41823 41830 41846 41849 41857 41873 41891 41927 41937 41954 41977 41996 42017 42046 42049 42075 42079 42093 42097 42112 42121 42134 42150 42159 42163 42170 42200 42217 42227 42244 42251 42278 42315 42322 42337 42374 42380 42426 42436 42447 42480 42483 42525 42526 42565 42585 42599 42619 42627 42639 42677 42692 42696 42726 42750 42756 42770 42807 42809 42823 42840 42847 42850 42872 42919 42941 42981 42992 43003 43034 43067 43077 43112 43136 43157 43188 43193 43195 43209 43220 43275 43276 43333 43341 43347 43367 43377 43385 43414 43415 43498 43512 43516 43521 43542 43557 43578 43601 43617 43649 43658 43691 43692 43694 43702 43708 43735 43739 43755 43771 43772 43776 43807 43809 43848 43851 43860 43879 43880 43900 43910 43911 43915 43924 43946 44031 44049 44079 44082 44097 44107 44114 44115 44117 44147 44164 44169 44194 44212 44225 44230 44235 44239 44244 44264 44265 44281 44289 44307 44375
june 41623 41645 41649 41661 41688 41708 41722 41730 41737 41763 41764 41765 41766 41819 41834 41835 41836 41843 41861 41892 41895 41901 41907 41936 41948 41952 41960 41961 41965 41982 41999 42007 42011 42052 42090 42100 42121 42126 42142 42164 42171 42193 42214 42226 42235 42239 42246 42249 42270 42279 42281 42282 42326 42337 42343 42353 42358 42365 42385 42402 42403 42404 42408 42418 42420 42428 42436 42449 42458 42472 42513 42515 42519 42528 42530 42538 42544 42560 42565 42566 42568 42576 42577 42599 42626 42649 42652 42654 42655 42661 42673 42699 42705 42706 42710 42712 42716 42726 42748 42772 42788 42800 42801 42819 42822 42823 42824 42844 42847 42855 42856 42867 42882 42885 42893 42912 42939 42942 42987 43003 43007 43031 43035 43042 43057 43070 43073 43080 43085 43112 43122 43124 43140 43151 43154 43156 43158 43161 43169 43206 43210 43214 43239 43261 43291 43308 43328 43334 43344 43345 43356 43363 43383 43388 43391 43393 43397 43406 43412 43426 43442 43459 43488 43501 43516 43544 43550 43581 43589 43601 43608 43609 43613 43625 43640 43645 43649 43654 43657 43663 43680 43689 43693 43704 43705 43714 43763 43780 43782 43791 43809 43821 43825 43859 43871 43892 43894 43899 43929 43939 43966 43991 43995 44004 44008 44026 44033 44050 44061 44065 44078 44086 44107 44129 44134 44138 44156 44164 44168 44175 44177 44182 44194 44197 44209 44219 44229 44234 44238 44285 44286 44300 44309 44338 44341 44344 44347 44365
joins 41629 42495 43000 43718 44289
zero 41635 41687 41692 41713 41753 41781 41785 41973 42046 42150 42159 42278 42552 42560 42644 42730 42911 43027 43087 43144 43218 43485 43541 43601 43625 43658 43692 43772 43851 43911 43917 44019 44049 44088 44097 44109 44135 44225 44367 44375
jihyun 41636
julie 41645 41982 42161 42244 42421 42668 42895 43025 43974 44221 44320 44364
justifying 41649 43077 43649
judgements 41649 43077 43649
jeff 41649 42483 42981 43077 43135 43333 43341 43373 43691 43939 43944 44235
* 41649 41659 41670 41683 41692 41703 41722 41729 41781 41802 41812 41820 41822 41840 41869 41917 41929 41949 41973 41982 42010 42038 42046 42053 42075 42093 42115 42121 42125 42145 42150 42152 42161 42186 42187 42219 42227 42228 42273 42285 42287 42292 42322 42366 42371 42372 42406 42421 42443 42457 42458 42466 42467 42497 42508 42520 42533 42552 42626 42627 42660 42668 42678 42685 42722 42736 42750 42762 42770 42779 42809 42817 42841 42863 42893 42943 42947 42975 43010 43025 43077 43117 43125 43177 43188 43195 43208 43209 43257 43260 43275 43289 43297 43307 43355 43367 43377 43410 43426 43453 43465 43488 43515 43531 43544 43557 43561 43576 43592 43597 43601 43605 43612 43615 43622 43629 43642 43647 43649 43651 43656 43698 43702 43718 43732 43768 43770 43797 43805 43809 43812 43818 43836 43844 43851 43863 43864 43874 43879 43886 43911 43917 43918 43970 44049 44082 44113 44145 44155 44194 44220 44221 44225 44230 44239 44256 44264 44293 44312 44320 44358 44364 44373 44378
zeros 41650 41785 41857 41891 42585 43371 44312
joke 41659 42520 42840 42847 43135 43195 44101
journey 41659 42170 42517 43067 43285 43601 43658 43771 43772 44117
johns 41669 41988 42290 44027
jul 41670 41683 41802 41917 41929 41949 41982 42038 42115 42125 42145 42152 42161 42187 42228 42246 42273 42285 42287 42292 42350 42366 42406 42421 42443 42457 42490 42508 42533 42544 42626 42668 42736 42779 42817 42863 42893 42975 43025 43157 43208 43260 43265 43297 43307 43355 43402 43453 43561 43592 43612 43615 43622 43651 43656 43770 43805 43821 43863 43874 43918 44005 44220 44221 44320 44364
jozef 41670 41683 41802 41929 41949 41982 42038 42125 42145 42152 42161 42187 42228 42273 42285 42287 42292 42366 42406 42421 42457 42508 42533 42626 42668 42817 42863 42893 42975 43025 43208 43260 43297 43307 43355 43453 43561 43592 43612 43622 43651 43656 43770 43805 43863 43918 44220 44320 44364
jun 41670 41683 41721 41802 41846 41917 41929 41949 41982 42038 42115 42125 42145 42146 42152 42161 42187 42228 42250 42273 42285 42287 42292 42366 42406 42414 42421 42443 42454 42457 42508 42533 42566 42626 42668 42736 42779 42817 42863 42893 42975 43025 43110 43208 43214 43260 43297 43307 43355 43453 43561 43592 43601 43612 43615 43622 43651 43656 43691 43698 43731 43770 43792 43805 43851 43863 43874 43901 43918 43938 44177 44220 44221 44239 44297 44320 44364
joszua 41670
jan 41670 41683 41732 41802 41917 41929 41936 41949 41982 42038 42113 42115 42125 42134 42145 42152 42161 42187 42228 42246 42273 42285 42287 42292 42348 42350 42366 42370 42406 42421 42428 42443 42454 42457 42508 42533 42593 42608 42626 42668 42736 42779 42817 42858 42863 42893 42975 43025 43157 43179 43208 43241 43260 43297 43302 43307 43315 43333 43336 43355 43453 43561 43592 43595 43601 43612 43615 43635 43651 43656 43667 43698 43770 43805 43809 43821 43863 43874 43918 43944 44037 44082 44184 44199 44220 44221 44297 44320 44364
jakob 41670 41683 41802 41917 41929 41982 42038 42115 42125 42161 42187 42228 42246 42273 42285 42287 42292 42366 42406 42421 42443 42457 42508 42533 42626 42668 42736 42779 42863 42893 42975 43025 43135 43208 43260 43297 43307 43355 43453 43561 43592 43612 43615 43622 43651 43656 43698 43737 43770 43805 43812 43863 43886 43918 44220 44221 44320 44364
zlata 41670 41802 42125 42779 43592 43612 43805 44221
juncture 41677
joel 41677 41683 42125 42287 42454 42779 42893 43025 43260 43622 43770 44235 44320 44364
zaldivar 41677
journal 41677 41687 41732 41753 41763 41781 41806 41936 42079 42098 42123 42200 42281 42290 42352 42408 42428 42458 42544 42611 42726 42801 42928 42953 43000 43002 43112 43144 43214 43230 43275 43284 43333 43373 43460 43512 43601 43608 43812 43821 43822 43851 43894 43983 44177 44197 44234
joseph 41683 41732 41982 42038 42125 42145 42246 42273 42292 42406 42426 42443 42508 42626 42893 43025 43297 43307 43336 43453 43601 43770 43805 43812 43821 43851 43918 43974 44221 44234 44297 44320
jozefow 41683
josef 41683 41929 41949 42115 42125 42161 42273 42406 42443 42668 42779 42893 43025 43260 43355 43453 43612 43651 43770 43805 43863 44082 44320
jozua 41683 41982 42125 42187 42533 43025 43612
jehuda 41683 42125 42975 44082
zerykier 41683
jechiel 41683 42125 43770 44082
jaroslaw 41683 41929 42125 42366 42421 42779 43179 43260 43656 44364
jozue 41683 41982 42145 43612
zelman 41683
jechezkel 41683
jecheskel 41683
jeremias 41683 42125
juda 41683 41802 41917 41929 42125 42228 42287 42292 42366 42406 42421 42457 42508 42533 42626 42779 42893 42975 43025 43260 43355 43612 43615 43656 43770 43805 43874 43918
josua 41683 42038 42125 42228 43615
jakob+sara 41683
juttel 41683 42125 42457 43863
jachym 41683
zlota 41683 42125 42626 43561 43612 43863
zeltner 41683
jankel 41683 42125 43157 43651 44082
jachet 41683 42038 42125 42161 42228 42285 42287 42366 42779 43025 43622 43651 43770 44220 44364
jonasz 41683 43260 43770
jeruchem 41683 42038 42125
judel 41683 42125 42228 42626 42893 43863 44221 44320
joachim 41683 41802 42125 42187 42292 42421 42893 42975 43025 43260 43612 43770 43805 44220 44320 44364
jakub 41683 42038 42125
zabkowic 41683
zakrzow 41683
jekiel 41683
jochet 41683
jaslo 41683 42533 43918
judajosef 41683
zallel 41683 42125
zirl 41683 43612
zygmunt 41683 41802 41929 42038 42161 42228 42457 42626 42668 42779 42893 42975 43208 43260 43561 43612 43805 44364
zofia 41683 42161 42187 42228 42779 43025 43208 43770 44220
zagota 41683
janka 41683
jerzy 41683 41929 42457 42668 42779 43561 43863 44364
joanna 41683 41982 42457 43307
ziffer 41683
zaremberg 41683
zawuski 41683
julian 41683 41884 42046 42421 42626 43025 43109 43260 43307 43608 43612 43724 43805 44320 44333 44364
joskel 41683
zachariasz 41683 42125
jacob 41683 41917 41982 42080 42097 42125 42145 42285 42508 42550 42736 42779 42817 43025 43157 43195 43453 43510 43615 43682 43770 43805 43812 43821 43918 44221
jordanow 41683
judes 41683 42533 42779 42893 43592 44320
zizkov 41683
jonas 41683 41917 42125 42366 42457 42668 42779 43592 43698
jerry 41683 41982 42893 43157 43257 43453 43691 43770
john 41683 41722 41753 41781 41836 41873 41888 41929 41982 42100 42112 42134 42145 42200 42337 42380 42384 42406 42428 42447 42458 42512 42581 42596 42619 42626 42627 42726 42764 42773 42779 42809 42893 43000 43025 43209 43214 43257 43271 43275 43291 43307 43398 43477 43512 43542 43560 43576 43601 43608 43612 43708 43805 43818 43821 43864 43974 44005 44079 44114 44184 44194 44212 44221 44225 44234 44256 44262 44312 44320 44334
jelesnia 41683
zywiec 41683 43918
jockisch 41683
j 41683 41695 41719 41781 41822 41918 41929 41973 41982 41996 42010 42112 42145 42150 42175 42184 42281 42337 42366 42385 42406 42421 42481 42626 42650 42653 42726 42762 42779 42849 42953 43025 43045 43083 43117 43176 43214 43275 43297 43307 43367 43380 43453 43454 43460 43512 43582 43591 43595 43601 43729 43731 43734 43765 43770 43805 43812 43821 43823 43916 43918 43944 44005 44113 44203 44221 44228 44234
jassam 41683
judith 41683 42125 42145 42170 42292 42418 42457 42893 42931 43025 43307 43355 43805 44082 44164 44194 44221
jgaa 41687 41806
jeju 41687 43712
junctions 41687
zhu 41687 41839 43169 43705
√n 41687 42123 43894
journals 41687 41936 42223 42428 42611 42624 42953 43112 43275 43308 43373 44177
zbeam 41703
junkyard 41711 42083 42096 42358 42646 43027 43132 43541 43576 43815 43851 43990 44109
zoo 41714 42450 42631 42775 43550 43942 44308
zcomputer 41719 42481 42650 43176 43591 43731 43734 43823 43916
zhao 41719 43460 43496 43601 43614 43696 43916 43948
zhengkai 41719 43916
zheng 41719 43407 43821 43916
ziv 41719 41785 42385 42566 42702 43000 43031 43901 43916 43938 44177
jewish 41721 42806 42925 44147
judischen 41721
jahren 41721
jews 41721 42246 44097
zipped 41721 42281 43195 43365
jim 41722 41921 41937 41962 41977 42112 42145 42146 42225 42251 42358 42414 42418 42447 42490 42572 42822 42900 42931 43027 43135 43195 43257 43291 43333 43521 43544 43557 43576 43601 43771 43821 43825 43851 43944 43974 44044 44117 44164 44194 44239
jimw 41722
job 41722 41812 41857 41936 41977 42046 42483 42525 42526 42639 42660 42677 42686 42770 42821 42850 42872 43000 43003 43195 43220 43248 43275 43276 43333 43385 43601 43617 43739 43772 43776 43809 43861 43915 44101 44107 44114 44223 44225 44264 44298 44375
javid 41732 43315
johnson 41732 41982 42123 42142 42411 42650 42810 43004 43460 43542 43560 43601 43731 43798 43944 43974 44194 44224
zhi 41737
zhong 41737 42181 42845 43117 43970 43974 44105 44113 44334
jason 41737 41824 42018 42197 42464 42990 43025 43307 43388 43544 43805 43974 44320 44334
zeroes 41737 42046 42150 43010 43629 43735
jar 41742 42821
jumping 41762 43095 43337 44051 44164
justified 41763 41785 42931 44097 44244
january 41763 41800 41945 41950 41962 41991 42020 42079 42132 42201 42205 42278 42294 42304 42337 42348 42391 42408 42428 42458 42499 42504 42540 42561 42565 42566 42632 42707 42726 42764 42773 42799 42822 42858 42859 42938 43077 43112 43191 43214 43269 43283 43284 43345 43372 43448 43454 43496 43511 43524 43542 43548 43575 43601 43608 43623 43635 43667 43735 43809 43821 43828 43880 43941 44051 44067 44069 44108 44125 44164 44169 44177 44194 44200 44228 44234 44357 44369
j~h 41781
j=lo 41781
z 41785 42010 42093 42121 42150 42653 42784 43117 43177 43289 43460 43765 43818 43821 43915 43990 44019 44031 44082 44113 44194 44225 44244
zeev 41794 42967 43025
javier 41795 42281 42380 42458 43601 43821
zot 41796 44298
japan 41798 42045 42112 42123 42153 42408 42458 42544 42773 42822 43254 43275 43333 43601 43658 43718
zaniosci 41802
juliusz 41802 42533 44364
jochwet 41802 41982 42125 42161
jaroslawa 41802
zalel 41802 42125 42292 42421 43770 43863 44221
jack 41803 41875 41887 41982 42145 42246 42271 42350 42428 42512 42893 42960 43195 43307 43427 43448 43601 43612 43770 43821 43974 44252 44297
jams 41805 44234
joy 41805 41982 42170 42421 42447 42517 42893 43333 43658 43805 44319
zonotopes 41806 43821 43972
zonohedra 41806 43821
jennifer 41816 41873 41953 42027 42075 42145 42161 42335 42428 42779 42876 43152 43458 43617 43649 43770 43805 43816 43974 43994 44167 44177 44223 44273 44320 44370
jit 41818 42054 43855 44274
justification 41822 43276 43601 44107
jump 41823 42046 42408 42598 42677 44019 44225
java 41824 41954 41995 42010 42056 42070 42075 42093 42096 42121 42159 42197 42227 42334 42372 42411 42428 42459 42520 42565 42596 42619 42639 42646 42660 42762 42770 42821 42872 42906 42947 42976 43002 43027 43031 43125 43132 43195 43198 43214 43220 43267 43293 43345 43363 43365 43385 43407 43576 43617 43692 43694 43708 43779 43797 43804 43818 43861 43879 43900 43901 43924 43938 43970 44056 44083 44113 44141 44225 44230 44261 44300 44367 44368 44375
jeffrey 41824 41982 42161 43601 43608 43805 43821 43918 43974 44320
zarki 41825 42626
jessica 41825 41982 41986 42426 42464 42489 42598 42626 42650 43068 43180 43770 43772 43805 43935 43974 44082 44167 44215 44232 44364
joshua 41827 41858 41981 42154 42260 42367 42392 42400 42421 42477 42485 42556 42636 42719 42757 42893 42907 43086 43163 43245 43248 43277 43363 43483 43520 43546 43608 43612 43636 43684 43747 43760 43801 43805 44074 44104 44177 44294 44306 44320 44366
jay 41836 42421 42428 42893 42953 43025 43209 43275 43770 43805
zooks 41843
joflbr 41846
joan 41846 41982 42412 42421 43275 43307 43805 43821 43974 44236 44320
juniors 41847 41941 42467 43658
joe 41855 42112 42246 42447 42552 42764 42773 43157 43195 43353 43448 43576 43647 43691 43725 44320 44353
jain 41862 42382 42624 42753 43308 43601 43731 44301
jenny 41862 42504 43448 43453 43770 43944 43974 44082 44236
james 41863 41874 41875 41982 42121 42129 42145 42182 42221 42253 42428 42458 42726 42779 42978 43025 43112 43275 43307 43388 43601 43694 43727 43731 43770 43821 43974 44164 44234 44236
joining 41872 41941 42244 42380 42436 42468 42596 43000 43003 43557 43601 43658 43772 43776 43836 44177 44367 44375
jf 41873 43193 44141
jini 41874
jimmy 41875 43974
jfoulds 41875
zoids 41884 42267 42474 42557 43017 43109 43627 43650 43724 44333
jacobson 41886 42064 42872 43385 43700 43776 43924 44197
julia 41890 42038 42321 42455 42457 42721 42753 43208 43238 43592 43645 43805 43974 44364
jagan 41898
jsn 41902
joao 41910
julek 41929
zbik 41929
zakopane 41929
zimerman 41929
jazzanita 41929
zygmund 41929
jackson 41929 42145 42421 42691 43025
zena 41929 42703 42771 42779
zenahitz 41929
jonathan 41929 41982 42125 42246 42358 42824 42953 43000 43025 43193 43542 43608 43612 43725 43770 43805 43821 43851 43974 44320
zablocie 41929 43805
jerusalem 41929 41982 42246 42421 43193 43770 43918 44097 44320
zygfryd 41929 44320
zelda 41929 42125 42350 42421 43025 43805
jug 41933 42584 42641
zealout 41937
jaden 41940
junior 41941 41945 42447 42525 42823 43244 43465 43854 44079 44298
jakobsohn 41949
jakob+rywka 41949
johann 41949 42421
jeremiasz 41949
zelig 41949 42125 42161 42893 43025 43918
jensen 41962 42337 42391 42590 42928 43447 44164 44194 44234
jthe 41973
jth 41973
joint 41973 41996 42189 42214 42230 42253 42281 42358 42380 42428 42458 42497 42505 42560 42565 42583 42847 42918 43000 43067 43096 43169 43195 43214 43220 43241 43333 43349 43353 43601 43702 43704 43821 43867 44130 44177 44196 44262 44312
jilla 41977 43542
jasmine 41977 41986 43608
jekel+biny 41982
jean 41982 42038 43275 43307 43770 43805 43821
jeanne 41982 43974
jill 41982 43195
jared 41982 43542 43601
zbyszyce 41982
johnathan 41982
jeanette 41982 42421
jessie 41982 42246 43656
jachat 41982
zissel 41982
joined 41988 42337 42464 42468 42526 43003 43027 43195 43248 43333 43492 44114 44154 44164 44177 44281
jung 41995 43025 43214 43293
join 41997 42154 42247 42281 42447 42468 42497 42512 42821 43542 43718 43739 43755 43809 43818 43941 44177 44262
jaguar 42004
zhongset 42010
judy 42026 42418 42481 42533 43000 43176 43179 43291 43544 43557
jsolson 42026 42481 43176
judges 42031 42753 43496 43542 43946
zaire 42031 42808
zelinda 42038 42228
zahler 42038
zglobice 42038
jeanine 42038 43805
zerofill 42046
zuzka 42054
jpanels 42056
jlists 42056
json 42056 43386
jacobon 42064
javadoc 42075 42093 42372 42762 42857 42947 43365 43797 43818 43879 44261
jilau 42082
junk 42083 43739
zone 42093 43138 43214 43601 43910 44097 44194
julius 42097 42779 43025 43260 43805 44320
josiah 42100 42189 42712 44199 44290
jacobsen 42112
zones 42113 42709 43112 43601
zillow 42113 42244
zhendong 42113
judea 42118 42566 42928 44225
zimmerman 42121 42125 42246 42385
jordan 42123 42512 42626 42715 42747 43214 43309 43576 43731 43770 44097
jorgensen 42123
july–august 42123
jcdcg3 42123
joret 42123 42759
jentel 42125 42292 42366 42443 42457 42779 42893 42975 43025
jekel 42125 42626 42779 43025 44221
jermias 42125
jenthel 42125
jankl 42125
zanwel 42125 42145 42161 43260 43612
zinger 42125
jekl 42125
zanvel 42125
jossel 42125
jutel 42125
zelde 42125
judah 42125 44320
zacharias 42125
zype 42125
jettel 42125
zuttel 42125
zucker 42125 43770
jokel 42125 42457
jochweth 42125
zondy 42125
jonkler 42125
jokele 42125
junger 42125 43698
jac 42125
josuah 42125 43698
jacheth 42125
zierel 42125
zodek 42125
jl 42125
jakel 42125
josel 42125
judessa 42125 44221 44320 44364
jodres 42125
jechel 42125
zwilling 42125
joz 42125
zlotta 42125
zyskind 42125
joska 42125
zalimer 42125
jaker 42125
jos 42125 43601 43770
zussel 42125 42292 42366
joles 42125
jona 42125
zehngut 42125
johannes 42125
jachwet 42125 43025 43656
jachetta 42125 42161 42273 42366 42893
jochim 42125
zussman 42125 43612
zelinger 42125
jw 42125
jekele 42125
zemli 42125
janczalek 42125 43863 44320
jontel 42125 42668
zlate 42125
zysman 42125
jochen 42125
judessy 42125
jeruchum 42125
joski 42125
zortel 42125
zelki 42125
zachara 42125
jerm 42125
zwiettel 42125
jacheta 42125 42152
jon 42125 42893 43179 44021 44114 44164 44194 44334
jette 42125
zuns 42125
jukel 42125
jittel 42125 43770
zimbler 42125
jonatan 42125
jental 42125
zuker 42125 43601
ziegl 42125
zimser 42125
jakier 42125
zelky 42125 43863
zodiak 42125 43863
zeynwel 42125
jekyl 42125
zmaschel 42125
zobel 42125
zartel 42125
jutty 42125
zaruch 42125
joske 42125
zwettel 42125
jacobsohn 42125
zymbler 42125
zabizow 42125
zlotte 42125
jechaskiel 42125
zabler 42125
zlote 42125
zack 42125 43725 43926
josue 42125
zaun 42125 43805
zaiterer 42125
joach 42125
jedi 42128 43729
zare 42134
jones 42142 42145 43112 43275 43560 43601 43647 43731 44225
janette 42145
jeruchim 42145 42457
jaga 42152
zator 42161 43025
zmigrod 42161
jehoszua 42161
zillina 42161
jicin 42161
zupan 42161 43025
jennie 42161 42246 42421 43025 43307
janice 42170 42421 42753 43000 43974 44154 44369
junkyu 42180 42281 44151
jetta 42187
jeans 42200
judgment 42200 43512 43901 43938 44375
joaquin 42201 42525 42663 42799 42898 43107 43307 43322
zap 42201 43028 43418 43955 43980 44006
jpl 42214 43214 44353
jpg 42219
jpeg 42219 43291 43432 43454 44164
jpe 42219
jeschiewe 42228
joche 42228
jhudash 42244
zion 42246 42267 43017 43179
zenka 42246
jacobowitz 42246
zeesel 42246
jophie 42246
zilina 42246
jyothi 42247
junjie 42250
javascript 42268 43426
jianfeng 42268
jia 42268 42845 43608
jamshid 42268
janeiro 42270 42350 42652 43894 44234
zeywel+gele 42273
jacobs 42273 43193 43944 44320
janelle 42279 43589
j20 42281
j19 42281
j18 42281
j17 42281
j16 42281
jmlr 42281 43214
j15 42281
j14 42281
j13 42281
j12 42281
j11 42281
j10 42281
j9 42281
j8 42281
j7 42281
j6 42281
j5 42281
j4 42281
j3 42281
j2 42281
j1 42281
jillian 42282
jerome 42285 42406 42421 42646 43805 43918
jocha 42285
jochel 42285
judess 42285
zarnowice 42285
zabawer 42287
judyth 42292
januar 42292
jenner 42292
juarez 42294 43658
jawaherul 42308
jie 42314 42428 43772 43974 44236
jager 42337
jdavis 42337 42418 43727
zsigmon 42350
zeisel 42350
zabno 42350 43615
zgoda 42350
zalai 42350
zeeshka 42350
jawbone 42356
justify 42364 43130 43169 44107 44212
jozef+fraidy 42366
juda+chaja 42366
janda 42380
zonta 42382
juice 42394 43809
justifiably 42408 44343
juxtaposing 42414
josephine 42421 43307 43612
zurich 42421 42457 42893 43040 43112 43812
jasenovac 42421
johan 42421
zong 42426
zeng 42426
juan 42428 43601
zhang 42428 42544 43538 43601 43608 43772 43812 44300
jilong 42428
jose 42428 42458 42610 42726 42822 43002 43025 43043 43230 43488 43894 43917 44353
jinhwan 42428
jayakrishnan 42428 43601
jafarpour 42428
zeus 42428 44203
joon 42428
zen 42428
jtrs 42428
judge 42428 42953 43195 43601 44212 44312
jaiganesh 42428
joffapour 42428
junhwan 42428
zaytsev 42432
jelena 42432
zachary 42436 42893 42960 43025 43600 43805
zdestefa 42436
zybook 42436
jargon 42436 42627 42809
jozef+ester 42443
zusel 42443
jayant 42447
jff 42454
zippy 42455 42708 42989 43618 44110
jull 42457
jetty 42457 42533 43025 43260 43656 43770 43918
jetti 42457 42975
jair 42458
januray 42458
joyce 42468 42626 43307 43612 43770 43974 44320
jacob+fannie 42508
jury 42512
juggling 42525
jiang 42544 43542
zhuge 42544
zhou 42544 43460 43608 44234 44334
zhangjiajie 42544
zvon 42552 42700 43454
javhar 42553
joust 42553
justin 42557 42902 43375 43542 43650 43805 43974
joyous 42565 44225
zo95 42566
joëlle 42566
zrk96 42566
jointly 42579 43125 44269
jmutts 42598
jgff 42604
jc 42608
zipper 42622 42776 44282
jules 42626
jacqueline 42626 42893 43770 43805 44320
julesfinker 42626
joyhirsch 42626
juliet 42626 43307
jozef+frimet 42626
zakliczyn 42626
judiciously 42627 42809
jpowell 42632
jutts 42650
zhaoxia 42650
jane 42660 42779 43307 43805 44194
zip 42660 42821 42872 43136 43385 43389 43465 43900 44312
zaksa 42668
zsrr 42668
zolkiew 42668
zacharyasz 42668
journalists 42677
jesse 42677 42893 43157 43608 44236 44320
zacklad 42691
jersey 42696 42824 43025 43465 43805
jbig 42700 43454
zoe 42717 43247
japanese 42726 43601 43617
jazayeri 42726
jazzar 42726
junction 42756 42890 43044 44259
j++ 42762
jdk 42762 42770 42976 43385
j2se 42770 42821 43385 44367
jre 42770 43385
javac 42770 43385
java5test 42770
jo 42779 43210 43770 44236
zoruch 42779
josefert 42779
jadwiga 42779 43561 43612
jutti 42779
jentla 42779 43863
judas 42779
janzing 42824
zach 42824 43496
julliard 42832
joking 42847
jubiler 42863
janina 42893 43561 43918
zbaraz 42893
jerrold 42893
jordana 42893
johanna 42893
jessa 42893 42914
jamie 42893
jeremy 42893 43812 43821
jed 42893 43025
jacques 42893 43601
zoya 42914
jodaiko 42924
jointrees 42928
javabayes 42928 43938
jazz 42948 43203
jurisdiction 42953
zeidenberg 42953
zubulake 42953
jenkins 42953 43275
   42969
zhuravno 42980 43179
zámecké 42985
joys 43021
zander 43025
jeannot 43025
joseph+fannie 43025
janet 43025 43307 43770 43974 44320
jenczze 43025
zussla 43025 44221
juliette 43025 43307
julius+anna 43025
jaworzno 43025 43863
javaview 43027
jea 43045
jouppi 43049
jupyter 43067
jungle 43073 44322
jarecki 43110 43731 43814
judgments 43112
ziegler 43144 43576 43691 43821 43894
jw8 43157
jeni 43157
zsigmond 43157
jaramillo 43169
jíří 43172
zurawner 43179
jere 43179
zabriskie 43181
jam 43193 43248 44234
zippled 43195
zeeman 43195
zarkov 43209
jammalamadaka 43211
ji 43214 43230 43821
jamia 43214
justice 43214
jin 43214 43542 43601 44199
jcdl 43214
jsac 43214
zac 43230
zagoriška 43239 43429
jammers 43248
jogger 43253
jeffery 43257 43601 43821
jasno 43260
zilbersztejn 43260
zlbersztejn 43260
jumper 43267
jeeves 43275
juxtaposition 43275
juries 43275
janus 43275 44334
jingle 43275
joanne 43275 43307 43453 43770 44320
zielstorff 43275
judged 43275 43496 43911 44049 44212
jessor 43275
jelger 43275
jasis 43275
jefferson 43276
juggles 43280
junkie 43283
z' 43289
zuskind 43297
juene 43307
zanke 43307
jacquelyn 43307 44320
jyte 43307
jepi 43333
jepi2 43333
jeffe 43341 43691
josefina 43355
jaques 43355
jekla 43355
juliesz 43355
jabbarvand 43363 43383
junit 43365 43692
jabarvand 43383
jsonp 43386
jr 43388
java3d 43407
java2d 43407
zlib 43432
jbig2 43432
zilles 43454
jh 43460
jesper 43464
jejurikar 43475
josh 43491
joey 43496
joachims 43512
zabowski 43512
zotpark 43542
judging 43542 44227 44307
jonaitis 43542
zhihang 43542
jonsson 43560
jakobi 43576
zubek's 43576
jonczy 43592
zakrzowek 43592
zazach 43592
jenaer 43601
zur 43601
jena 43601
ziemer 43601
jayakumar 43601
j+1 43601
j'+k'\leq 43601
juang 43601
zvi 43601 43821 44082 44334
jorge 43601 43821 43974
jordan's 43601
jaumard 43601
zang 43601
jelinek 43601
zemanian 43601
joo 43601
joshi 43601
junqua 43601
jyrki 43601
zaved 43601
zeitschrift 43601
jleo 43601
ziliaskopoulos 43601
j=2 43601
jurg 43601
j=1 43601
jacobi 43601
jouvet 43601
zavaliagkos 43601
jeannette 43601
jian 43601
ja 43601
jorge+palo 43607
jaakkola 43608
zoran 43608
zahavy 43608
zoubin 43608
jang 43608
zou 43608
zundel 43612
jaegerdorf 43612
zalas 43612
zwetschkenbaum 43615
joyne 43622
janskerk 43624
jodenstraat 43624
jetranger 43639
jiming 43647
junpei 43647
junji 43647
jankiel 43651 44364
jonah 43654
jaroszowic 43656
zopf 43656
joystick 43658
jakob+lea 43698
jajones 43731
jakhanwal 43735
jail 43739
jaws 43739
jacob+gitelrosenzweig 43770
jae 43770
jericho 43770 44097
jerucham 43770
janowski 43770
janovsky 43770
zweig 43770 44221
jochebet 43770
jconceic 43772
zezhong 43772
javatm 43779
josep 43786 43834
zahn 43805
jaclyn 43805 43974
jetel 43805
juneau 43805
jungerwirth 43805
zephyrhills 43805
zigmunt 43805
zied 43805
jamba 43809
zeh 43812
zaroliagis 43812
z∈e 43818
z= 43818 44194
jovi 43821
jennhwa 43821
jes 43821
zimand 43821
jaroslav 43821
z1^2 43851
z1 43851
z2^2 43851
z2 43851
z3^2 43851
z3 43851
z4^2 43851
z4 43851
jrs+ 43851
zeta 43851
zba 43851
zca 43851
zda 43851
zcrosscd 43851
zcrossdb 43851
zcrossbc 43851
zcirca 43851
zoduk 43863
zaworzni 43863
jutla 43863
zauder 43863
zuckerman 43863 44141
jot 43886
zanker 43917
jochewad 43918
zimmerspitz 43918
joskowicz 43918
ziv97 43938
jarrett 43944
zealand 43946
zev 43964
zaleszcyki 43964
johnny 43965 43974 44194
jayshree 43974
zaura 43974
javalla 43974
jocelyn 43974 44320
julio 43974
jeannie 43974
zhuo 43974
zhida 43974
jtms 43982
jlame 44005
jumps 44019 44230
jumped 44019
zyante 44037
justifies 44049
janice's 44079
judical 44079
zanvil 44082
jewishgen 44082 44297
zfat 44082
jakov 44082
jisasschar 44082
zalman 44082 44364
zatsa 44082
jerushalayim 44082
zenvil 44082
jakques 44082
zalmen 44082
judiciary 44097
jeopardy 44097 44225
judaism 44097
july'97 44121
jayson 44139
zuzana 44139
jitters 44141
jfc 44164
jmiller 44164
jradoff 44164
zzyzx 44194
jitter 44212
zoff 44220
jacob+hannah 44221
zabiec 44221
jeopardize 44225
janken 44225
jansen 44234
zelkowitz 44234
juristo 44234
joyride 44236
jasminder 44236
jeremiah 44236
jtml 44236
z=v 44244
jussi 44256
junio 44264
jazzcatsai 44291
zierer 44320
zbigniew 44320
janel 44320
jewell 44320
julius+rose 44320
jcaster 44320
judata 44320
zgersko 44320
judyta 44320
zhihao 44334
zeldovich 44334
zhen 44334
zaber 44334
zhijing 44343
zima 44353
jaist 44353
zwierzyniec 44364
jacoby 44364
