homework 41611 41692 41702 41715 41857 41947 42008 42017 42023 42118 42248 42278 42322 42324 42370 42436 42540 42598 42627 42639 42692 42809 42850 42928 42950 42968 43050 43087 43110 43136 43164 43195 43255 43310 43321 43365 43370 43380 43423 43450 43498 43536 43595 43608 43623 43655 43701 43754 43772 43798 43838 43864 43886 43944 44031 44037 44053 44108 44120 44212 44225 44235 44256 44298 44300 44326 44359 44375
handouts 41611 42023 42864 42928 43195 43365 43423 43779 43838 43864 44053
hours 41611 41649 41660 41737 41813 41830 41927 41962 41992 42093 42118 42121 42159 42220 42348 42426 42436 42596 42598 42627 42639 42692 42696 42809 42835 42840 42895 43067 43077 43110 43136 43149 43165 43193 43195 43248 43255 43360 43498 43542 43625 43649 43669 43732 43735 43771 43772 43776 43779 43798 43807 43861 43944 44037 44079 44117 44194 44212 44225 44256 44300 44375
hall 41611 41620 41629 41636 41641 41649 41676 41694 41700 41717 41719 41737 41747 41749 41765 41776 41796 41805 41820 41825 41840 41847 41862 41871 41876 41910 41914 41921 41941 41945 41975 41977 41986 41988 42021 42026 42079 42121 42131 42142 42164 42170 42177 42205 42214 42220 42221 42225 42244 42247 42249 42250 42253 42281 42295 42330 42340 42351 42352 42353 42370 42380 42382 42401 42402 42403 42408 42411 42425 42426 42434 42436 42453 42464 42467 42468 42481 42483 42497 42517 42525 42526 42536 42543 42558 42560 42598 42605 42621 42624 42638 42650 42677 42679 42690 42696 42710 42739 42742 42743 42745 42753 42764 42801 42823 42824 42835 42840 42841 42895 42936 42953 42960 42978 43000 43003 43004 43037 43043 43057 43067 43077 43108 43110 43112 43123 43133 43145 43165 43166 43176 43195 43216 43220 43225 43235 43246 43248 43255 43256 43271 43275 43283 43284 43285 43308 43309 43344 43398 43405 43465 43488 43492 43496 43500 43516 43542 43548 43563 43591 43617 43640 43649 43658 43704 43731 43732 43734 43735 43771 43786 43805 43823 43834 43835 43850 43854 43861 43867 43868 43881 43885 43886 43896 43910 43916 43919 43941 43944 43959 44033 44072 44077 44114 44117 44127 44128 44130 44132 44133 44135 44136 44154 44177 44196 44197 44198 44224 44225 44228 44231 44249 44256 44265 44269 44281 44289 44298 44301 44307 44369
help 41611 41620 41629 41649 41660 41676 41677 41722 41737 41741 41763 41812 41853 41857 41872 41972 41977 41986 42010 42040 42046 42061 42121 42123 42134 42135 42138 42159 42170 42181 42200 42214 42223 42244 42395 42408 42426 42436 42447 42468 42483 42525 42526 42570 42639 42653 42674 42677 42709 42711 42726 42770 42811 42832 42840 42845 42850 42917 42919 42928 43003 43031 43032 43052 43066 43077 43112 43117 43130 43136 43165 43193 43195 43209 43220 43275 43276 43284 43285 43329 43333 43360 43385 43488 43498 43503 43512 43516 43536 43542 43557 43563 43601 43617 43649 43658 43666 43676 43692 43694 43702 43735 43739 43755 43771 43772 43776 43779 43809 43835 43836 43850 43861 43877 43915 43944 43951 43970 44049 44072 44079 44082 44101 44105 44107 44113 44115 44117 44122 44135 44164 44194 44198 44212 44234 44244 44265 44300 44343 44346 44375
homeworks 41611 41996 42023 42928 43050 43110 43149 43164 43310 43333 43498 43536 43623 43944 44256 44300
8 41611 41613 41646 41648 41649 41670 41676 41682 41683 41687 41702 41705 41732 41734 41737 41744 41751 41753 41763 41768 41770 41773 41780 41781 41785 41801 41802 41806 41813 41845 41847 41849 41860 41872 41896 41898 41917 41929 41947 41949 41962 41966 41974 41982 42023 42038 42046 42075 42115 42118 42125 42130 42134 42140 42142 42150 42152 42159 42161 42187 42194 42220 42227 42228 42246 42247 42256 42261 42273 42275 42285 42287 42292 42307 42325 42337 42348 42350 42366 42370 42380 42385 42406 42421 42428 42438 42454 42457 42499 42508 42512 42519 42520 42544 42566 42571 42589 42598 42611 42626 42668 42689 42700 42713 42736 42753 42766 42774 42779 42781 42789 42793 42797 42810 42817 42822 42829 42839 42847 42850 42888 42893 42897 42906 42928 42942 42962 42975 42988 42997 43025 43030 43050 43064 43077 43110 43112 43136 43138 43143 43149 43157 43159 43177 43179 43188 43192 43212 43214 43232 43251 43260 43267 43281 43289 43297 43302 43304 43305 43307 43310 43314 43318 43321 43355 43360 43379 43381 43392 43402 43404 43453 43460 43465 43488 43503 43518 43536 43544 43561 43586 43592 43595 43601 43603 43608 43612 43615 43622 43649 43651 43656 43668 43670 43671 43686 43691 43692 43704 43726 43735 43744 43748 43759 43769 43770 43805 43812 43821 43825 43863 43864 43879 43880 43894 43917 43918 43967 43987 44005 44014 44019 44023 44025 44034 44037 44048 44055 44059 44082 44083 44120 44122 44141 44164 44194 44220 44221 44225 44236 44242 44255 44256 44291 44297 44300 44318 44320 44326 44334 44354 44364 44382
holiday 41611 41842 41878 41915 41963 42121 42520 42790 42906 43505 44225
hybrids 41611 42337 42928 43275
heristics 41611
hybrid 41611 41713 41716 41731 41839 41867 41889 42009 42051 42136 42183 42257 42357 42377 42425 42428 42458 42586 42676 42722 42731 43218 43327 43383 43456 43484 43485 43497 43601 43608 43761 43827 44068
8class 41611
home 41614 41620 41624 41629 41636 41649 41657 41659 41676 41677 41681 41694 41695 41700 41719 41737 41749 41758 41765 41776 41781 41789 41796 41805 41813 41817 41820 41825 41829 41836 41839 41840 41846 41847 41848 41872 41876 41880 41891 41894 41905 41914 41921 41941 41945 41962 41970 41973 41975 41977 41979 41986 41988 42001 42021 42026 42027 42044 42053 42059 42075 42079 42093 42113 42117 42118 42121 42131 42138 42164 42165 42170 42175 42176 42192 42199 42205 42214 42217 42220 42221 42223 42225 42230 42244 42246 42247 42249 42250 42253 42281 42327 42336 42340 42349 42350 42351 42352 42353 42372 42380 42382 42386 42399 42401 42403 42407 42408 42425 42436 42453 42464 42466 42468 42480 42481 42483 42497 42517 42521 42525 42526 42536 42544 42558 42585 42590 42604 42605 42624 42625 42627 42639 42650 42660 42677 42678 42690 42691 42696 42710 42715 42725 42726 42730 42739 42742 42743 42745 42751 42753 42770 42801 42809 42821 42822 42823 42824 42832 42835 42836 42840 42841 42850 42853 42858 42864 42895 42902 42917 42918 42919 42923 42936 42947 42953 42973 42976 42979 42992 43000 43002 43003 43004 43006 43010 43030 43037 43039 43043 43045 43049 43057 43067 43077 43083 43091 43108 43115 43123 43133 43157 43165 43166 43169 43176 43179 43195 43200 43211 43216 43220 43225 43226 43235 43246 43248 43256 43271 43282 43283 43284 43285 43302 43308 43344 43346 43365 43370 43371 43383 43385 43398 43405 43407 43412 43430 43432 43438 43458 43462 43465 43482 43488 43492 43496 43500 43502 43513 43516 43536 43542 43548 43563 43570 43579 43582 43588 43591 43602 43605 43608 43617 43623 43629 43640 43644 43649 43658 43666 43682 43696 43702 43705 43731 43732 43734 43735 43738 43739 43755 43757 43768 43771 43776 43786 43797 43809 43818 43823 43830 43834 43835 43836 43845 43850 43854 43861 43868 43879 43881 43885 43891 43910 43916 43922 43941 43946 43947 43948 43956 43959 43964 43974 43988 43994 44013 44030 44033 44044 44049 44056 44072 44076 44079 44080 44082 44084 44091 44110 44114 44117 44128 44133 44135 44136 44145 44154 44177 44196 44198 44212 44223 44224 44225 44231 44234 44235 44236 44256 44261 44265 44269 44271 44273 44281 44289 44296 44297 44298 44301 44307 44327 44334 44336 44342 44343 44367 44369 44371 44373 44375 44378
xcode 41614 41695 41789 41848 41877 41880 41891 41894 41970 41973 42001 42053 42175 42176 42327 42407 42466 42480 42521 42585 42678 42730 42917 42918 42923 42979 43010 43039 43083 43371 43438 43582 43602 43605 43629 43768 43830 43845 43947 44080 44145 44371 44373 44378
hog 41614 41695 41789 41848 41877 41880 41891 41894 41970 41973 42001 42053 42175 42176 42327 42407 42466 42480 42521 42585 42678 42730 42917 42918 42923 42979 43010 43039 43083 43371 43438 43582 43602 43605 43629 43768 43830 43845 43947 43981 44080 44145 44371 44373 44378
hierarchical 41614 41695 41713 41716 41731 41789 41848 41849 41867 41874 41877 41880 41889 41891 41894 41970 41973 42001 42009 42047 42051 42053 42123 42136 42175 42176 42183 42257 42281 42307 42327 42334 42337 42357 42377 42385 42391 42407 42466 42480 42521 42544 42585 42586 42676 42678 42688 42730 42731 42917 42918 42923 42979 43010 43039 43045 43083 43149 43214 43218 43275 43327 43371 43432 43438 43456 43460 43484 43485 43497 43582 43601 43602 43605 43629 43761 43768 43821 43827 43830 43845 43947 43972 44027 44080 44145 44164 44187 44194 44239 44371 44373 44378
h 41614 41656 41687 41695 41713 41716 41719 41731 41757 41781 41848 41857 41867 41889 41929 41954 41973 41982 42009 42010 42031 42051 42136 42145 42161 42175 42183 42219 42257 42327 42357 42377 42421 42481 42521 42586 42626 42639 42650 42653 42676 42731 42779 42850 42893 42996 43025 43030 43083 43117 43176 43177 43209 43218 43307 43327 43367 43380 43383 43402 43456 43484 43485 43497 43582 43591 43594 43595 43601 43612 43731 43734 43761 43797 43805 43821 43823 43827 43916 44082 44113 44201 44221 44235 44244 44320
x 41614 41677 41695 41703 41719 41750 41767 41784 41789 41812 41822 41848 41869 41877 41918 41951 41973 41996 42013 42046 42075 42077 42081 42093 42120 42150 42175 42176 42251 42266 42307 42322 42327 42328 42334 42363 42372 42407 42414 42436 42481 42499 42525 42552 42639 42650 42665 42726 42762 42770 42784 42802 42810 42850 42917 42918 42923 42943 42947 42953 42979 42990 43034 43083 43103 43104 43136 43154 43176 43188 43195 43289 43330 43341 43357 43367 43377 43385 43392 43404 43417 43438 43460 43470 43498 43515 43557 43576 43582 43591 43601 43731 43734 43768 43797 43818 43823 43830 43851 43879 43880 43903 43916 43957 43974 43990 43996 44005 44019 44031 44049 44080 44122 44141 44145 44212 44225 44244 44271 44293 44312
here 41614 41620 41659 41660 41676 41687 41711 41722 41729 41742 41780 41781 41785 41795 41806 41812 41822 41830 41848 41849 41857 41877 41927 41941 41962 41975 41995 42010 42018 42046 42053 42056 42083 42091 42093 42112 42113 42121 42131 42142 42150 42153 42159 42160 42176 42197 42199 42205 42207 42217 42227 42307 42337 42356 42358 42363 42370 42374 42380 42418 42426 42436 42447 42468 42476 42483 42497 42525 42552 42553 42565 42572 42593 42599 42624 42627 42639 42646 42681 42690 42710 42726 42770 42809 42823 42835 42850 42853 42864 42872 42917 42919 42929 42931 42936 42941 42953 42968 42981 43000 43006 43027 43034 43044 43049 43050 43091 43110 43135 43136 43165 43169 43188 43195 43248 43251 43268 43275 43289 43293 43310 43315 43333 43341 43363 43367 43371 43385 43426 43469 43488 43491 43498 43502 43512 43517 43536 43542 43557 43560 43576 43582 43601 43602 43625 43655 43658 43669 43691 43692 43695 43727 43755 43771 43772 43776 43779 43807 43809 43812 43821 43836 43851 43880 43886 43887 43894 43900 43901 43911 43917 43932 43946 43954 43964 43990 44019 44049 44072 44082 44086 44091 44101 44114 44115 44117 44164 44194 44203 44212 44223 44225 44230 44234 44235 44239 44244 44264 44265 44279 44296 44297 44298 44312 44358 44367 44375
hands 41616 41722 42075 42525 43125 43344 43444 43739 44089 44210
80mm 41616 41618 41647 41653 41663 41708 41725 41736 41743 41756 41764 41771 41803 41804 41843 41865 41871 41892 41895 41900 41901 41903 41907 41922 41926 41940 41948 41952 41961 41964 41965 41994 41998 41999 42003 42054 42126 42128 42157 42235 42239 42271 42282 42296 42300 42311 42315 42326 42330 42345 42347 42355 42376 42381 42400 42442 42471 42472 42485 42494 42515 42518 42519 42522 42524 42529 42535 42539 42555 42556 42563 42568 42571 42576 42580 42595 42630 42661 42673 42675 42683 42701 42724 42740 42748 42772 42778 42788 42795 42796 42806 42812 42828 42844 42846 42855 42865 42867 42885 42909 42910 42925 42938 42942 42944 42966 42978 42984 42987 43015 43021 43042 43046 43073 43080 43085 43111 43122 43124 43140 43142 43148 43158 43163 43203 43204 43206 43213 43215 43217 43229 43239 43240 43263 43272 43298 43299 43338 43343 43356 43361 43364 43406 43425 43442 43459 43461 43463 43501 43507 43534 43537 43540 43564 43570 43580 43581 43607 43609 43613 43624 43652 43654 43680 43689 43712 43713 43714 43763 43780 43782 43791 43801 43817 43828 43831 43832 43852 43855 43857 43865 43871 43878 43883 43888 43896 43899 43939 43945 44004 44011 44026 44042 44065 44073 44106 44129 44138 44169 44178 44204 44207 44238 44240 44241 44242 44249 44263 44275 44284 44341 44365 44379
80 41617 41632 41634 41643 41649 41658 41683 41690 41691 41704 41706 41710 41748 41753 41755 41760 41774 41787 41799 41809 41828 41831 41844 41870 41879 41881 41897 41906 41912 41913 41919 41924 41925 41938 41957 41958 41974 41985 42025 42028 42038 42068 42069 42070 42074 42078 42092 42095 42099 42110 42122 42123 42125 42161 42172 42190 42195 42202 42212 42218 42236 42238 42243 42245 42254 42255 42285 42286 42299 42316 42332 42333 42338 42368 42379 42388 42396 42398 42415 42419 42421 42423 42427 42443 42448 42456 42478 42492 42511 42514 42531 42548 42552 42554 42562 42564 42574 42581 42587 42594 42596 42602 42607 42615 42616 42617 42635 42639 42647 42662 42677 42680 42682 42728 42746 42783 42834 42848 42879 42884 42891 42896 42903 42905 42908 42927 42934 42945 42946 42957 42958 42964 42974 42986 42991 43001 43005 43009 43014 43025 43056 43071 43074 43076 43082 43090 43102 43113 43120 43141 43147 43155 43162 43174 43178 43185 43190 43202 43223 43242 43243 43252 43300 43303 43313 43324 43339 43360 43362 43363 43367 43382 43399 43439 43446 43471 43479 43486 43489 43490 43493 43494 43509 43518 43526 43530 43533 43574 43585 43598 43601 43610 43612 43622 43626 43630 43631 43632 43634 43649 43651 43660 43675 43733 43745 43772 43793 43796 43811 43821 43837 43840 43863 43872 43909 43910 43912 43918 43933 43958 43961 43969 43974 43978 43986 44001 44003 44004 44012 44018 44036 44045 44049 44087 44090 44103 44162 44176 44179 44188 44193 44220 44246 44247 44260 44272 44303 44310 44311 44312 44313 44316 44320 44323 44339 44349 44361 44364 44367 44374 44383 44384
800 41618 41637 41725 41743 41771 41802 41816 41900 41915 41948 41956 41965 42024 42027 42065 42112 42126 42128 42235 42239 42282 42306 42337 42347 42376 42394 42457 42471 42472 42484 42497 42519 42529 42530 42535 42539 42563 42630 42661 42673 42721 42724 42773 42788 42790 42828 42855 42885 42939 43018 43025 43092 43215 43238 43298 43314 43332 43364 43434 43458 43459 43461 43463 43518 43549 43564 43581 43662 43714 43719 43763 43780 43781 43782 43878 43892 43994 44004 44026 44060 44102 44106 44138 44139 44156 44164 44182 44240 44258 44263 44284 44286 44288 44320 44356 44372
highlights 41620 41628 41629 41636 41676 41694 41700 41719 41749 41765 41776 41796 41805 41820 41825 41830 41840 41847 41876 41914 41921 41927 41941 41945 41975 41977 41986 41988 42021 42026 42079 42131 42164 42170 42205 42214 42220 42221 42225 42244 42246 42247 42249 42250 42253 42340 42351 42352 42353 42380 42382 42401 42403 42408 42425 42453 42464 42468 42481 42483 42497 42517 42525 42526 42558 42605 42624 42650 42677 42690 42696 42710 42726 42739 42742 42743 42745 42753 42801 42823 42835 42840 42841 42895 42912 42936 43000 43003 43004 43043 43057 43067 43123 43133 43165 43166 43176 43216 43220 43225 43235 43246 43248 43271 43276 43283 43284 43285 43308 43333 43344 43398 43465 43488 43492 43496 43500 43516 43542 43548 43563 43591 43617 43640 43658 43731 43732 43734 43771 43786 43807 43823 43834 43835 43850 43854 43868 43881 43885 43910 43916 43959 44033 44072 44079 44114 44117 44128 44133 44135 44136 44154 44177 44196 44198 44224 44225 44231 44265 44269 44281 44289 44298 44301 44307 44369
▸ 41620 41629 41636 41676 41694 41700 41719 41749 41765 41776 41796 41805 41820 41825 41840 41847 41876 41914 41921 41941 41945 41975 41977 41986 41988 42021 42026 42079 42131 42164 42170 42205 42214 42220 42221 42225 42244 42247 42249 42250 42253 42340 42351 42352 42353 42380 42382 42401 42403 42408 42425 42453 42464 42468 42481 42483 42497 42517 42525 42526 42558 42605 42624 42650 42677 42690 42696 42710 42739 42742 42743 42745 42753 42801 42823 42835 42840 42841 42895 42936 43000 43003 43004 43043 43057 43067 43123 43133 43165 43166 43176 43216 43220 43225 43235 43246 43248 43271 43283 43284 43285 43308 43344 43398 43465 43488 43492 43496 43500 43516 43542 43548 43563 43591 43617 43640 43658 43731 43732 43734 43771 43786 43823 43834 43835 43850 43854 43868 43881 43885 43910 43916 43959 44033 44072 44114 44117 44128 44133 44135 44136 44154 44177 44196 44198 44224 44231 44265 44269 44281 44289 44298 44301 44307 44369
how 41620 41626 41629 41636 41649 41656 41659 41660 41672 41676 41677 41687 41692 41694 41699 41700 41717 41719 41722 41737 41749 41753 41765 41776 41781 41796 41805 41806 41812 41820 41822 41823 41825 41830 41833 41840 41847 41849 41855 41857 41872 41873 41874 41876 41891 41914 41921 41927 41937 41941 41945 41947 41954 41975 41977 41983 41986 41988 41996 42021 42026 42046 42056 42059 42064 42066 42075 42079 42091 42093 42123 42131 42142 42146 42150 42159 42163 42164 42170 42189 42200 42205 42207 42214 42220 42221 42225 42227 42230 42240 42244 42247 42249 42250 42253 42278 42281 42307 42337 42340 42350 42351 42352 42353 42374 42380 42382 42401 42403 42408 42414 42425 42426 42436 42453 42454 42464 42467 42468 42481 42483 42497 42499 42506 42512 42517 42525 42526 42540 42558 42566 42598 42605 42611 42619 42624 42627 42639 42650 42660 42677 42686 42690 42691 42692 42696 42709 42710 42726 42739 42742 42743 42745 42753 42756 42770 42801 42809 42810 42821 42823 42835 42840 42841 42847 42850 42872 42895 42919 42931 42936 42947 42953 43000 43003 43004 43006 43027 43040 43043 43045 43057 43066 43067 43075 43077 43112 43123 43125 43133 43134 43135 43136 43165 43166 43169 43176 43193 43195 43209 43214 43216 43220 43225 43235 43246 43248 43251 43271 43275 43276 43283 43284 43285 43289 43308 43341 43344 43353 43367 43371 43377 43380 43385 43398 43414 43421 43426 43464 43465 43473 43488 43492 43496 43498 43500 43512 43516 43536 43542 43548 43557 43563 43576 43591 43594 43600 43601 43608 43617 43640 43649 43658 43666 43691 43692 43694 43702 43704 43708 43730 43731 43732 43734 43735 43739 43771 43772 43776 43778 43779 43786 43792 43807 43809 43814 43821 43823 43834 43835 43836 43848 43850 43851 43854 43860 43861 43868 43877 43879 43880 43881 43885 43886 43894 43900 43901 43910 43911 43915 43916 43924 43944 43946 43959 43982 43990 44019 44031 44033 44049 44072 44076 44079 44082 44097 44107 44114 44115 44117 44128 44133 44135 44136 44147 44154 44164 44177 44194 44196 44198 44203 44212 44223 44224 44225 44228 44230 44231 44234 44235 44239 44244 44264 44265 44269 44281 44289 44298 44301 44307 44312 44343 44367 44369 44375
housing 41620 41629 41636 41676 41694 41700 41719 41749 41765 41776 41796 41805 41820 41825 41840 41847 41876 41914 41921 41941 41945 41975 41977 41986 41988 42021 42026 42079 42131 42164 42170 42205 42214 42220 42221 42225 42244 42247 42249 42250 42253 42340 42351 42352 42353 42380 42382 42401 42403 42408 42425 42453 42464 42468 42481 42483 42497 42517 42525 42526 42558 42605 42624 42650 42677 42690 42696 42710 42739 42742 42743 42745 42753 42801 42823 42835 42840 42841 42895 42936 43000 43003 43004 43043 43057 43067 43123 43133 43165 43166 43176 43216 43220 43225 43235 43246 43248 43271 43275 43283 43284 43285 43308 43344 43398 43412 43465 43488 43492 43496 43500 43516 43542 43548 43563 43591 43617 43640 43658 43731 43732 43734 43771 43786 43823 43834 43835 43850 43854 43868 43881 43885 43910 43916 43959 44033 44072 44114 44117 44128 44133 44135 44136 44154 44177 44196 44198 44224 44231 44265 44269 44281 44289 44298 44301 44307 44369
handbook 41620 41629 41636 41676 41694 41700 41719 41749 41765 41776 41796 41805 41820 41825 41840 41847 41876 41914 41921 41941 41945 41975 41977 41986 41988 42021 42026 42079 42131 42134 42164 42170 42205 42214 42220 42221 42225 42244 42247 42249 42250 42253 42340 42351 42352 42353 42380 42382 42401 42403 42408 42425 42453 42458 42464 42468 42481 42483 42497 42517 42525 42526 42558 42605 42624 42650 42677 42690 42696 42710 42739 42742 42743 42745 42753 42801 42823 42835 42840 42841 42895 42936 43000 43003 43004 43043 43057 43067 43123 43133 43165 43166 43176 43216 43220 43225 43235 43246 43248 43271 43283 43284 43285 43308 43344 43398 43460 43465 43488 43492 43496 43500 43516 43542 43548 43563 43591 43617 43640 43658 43731 43732 43734 43771 43786 43821 43823 43834 43835 43850 43854 43868 43881 43885 43910 43916 43959 44033 44072 44114 44117 44128 44133 44135 44136 44154 44177 44196 44198 44224 44231 44234 44265 44269 44281 44289 44298 44301 44307 44369
hamiltonics 41620
harness 41620
hearing 41620 42214
held 41620 41676 41722 41763 41805 41820 41874 41884 41962 41986 42113 42380 42408 42428 42436 42596 42624 42677 42710 42739 42822 42824 42835 42840 42850 42911 42992 43000 43112 43195 43220 43275 43285 43291 43350 43360 43460 43488 43496 43608 43640 43666 43772 43776 43786 43834 43835 43879 43941 44191 44194 44298 44301 44307 44320 44358 44367 44375
hub 41620 42352 42551 43488
highly 41620 41677 41874 41988 41992 42044 42180 42380 42428 42436 42512 42601 42745 42747 43000 43003 43136 43195 43285 43369 43601 43718 43732 43776 43779 43836 44002 44049 44091 44097 44262 44312 44358
have 41620 41627 41629 41635 41649 41656 41657 41659 41660 41670 41675 41677 41683 41687 41692 41715 41722 41737 41742 41758 41763 41765 41781 41785 41796 41802 41806 41812 41813 41820 41822 41823 41830 41833 41840 41846 41847 41849 41855 41857 41862 41872 41874 41891 41914 41917 41918 41927 41929 41941 41944 41949 41954 41973 41975 41977 41978 41982 41988 41995 42038 42041 42044 42046 42049 42053 42059 42064 42070 42075 42079 42083 42091 42093 42096 42112 42115 42119 42121 42123 42131 42134 42142 42145 42146 42150 42152 42153 42159 42161 42163 42164 42166 42170 42184 42187 42197 42200 42205 42214 42217 42220 42222 42223 42227 42228 42244 42246 42249 42251 42253 42263 42268 42273 42278 42285 42287 42292 42322 42337 42340 42348 42350 42352 42356 42358 42366 42370 42372 42380 42401 42403 42406 42408 42414 42421 42426 42428 42436 42443 42447 42453 42454 42457 42464 42467 42468 42482 42483 42497 42499 42506 42508 42512 42517 42520 42525 42526 42533 42552 42565 42579 42593 42596 42599 42611 42619 42626 42627 42637 42639 42646 42660 42668 42677 42692 42709 42710 42726 42730 42736 42745 42756 42760 42762 42770 42773 42779 42784 42802 42804 42807 42809 42817 42821 42822 42823 42824 42830 42832 42840 42847 42848 42850 42863 42870 42872 42893 42917 42919 42929 42931 42941 42947 42953 42960 42975 42981 43000 43003 43006 43025 43027 43037 43045 43059 43066 43067 43077 43096 43110 43112 43125 43130 43132 43135 43136 43144 43157 43165 43169 43179 43193 43195 43208 43209 43220 43241 43251 43257 43260 43275 43276 43278 43285 43289 43293 43297 43307 43325 43333 43341 43344 43347 43355 43360 43367 43373 43377 43380 43385 43402 43414 43426 43453 43465 43475 43488 43496 43498 43512 43516 43517 43536 43541 43544 43547 43557 43561 43592 43594 43601 43612 43615 43617 43622 43625 43640 43649 43651 43656 43658 43666 43691 43692 43694 43698 43702 43708 43718 43732 43735 43739 43743 43754 43755 43765 43768 43770 43771 43772 43776 43779 43785 43786 43805 43807 43809 43812 43815 43818 43820 43821 43834 43836 43848 43851 43860 43861 43863 43874 43877 43880 43881 43894 43910 43911 43915 43917 43918 43924 43944 43946 43957 43973 43981 43990 43993 44000 44005 44019 44031 44044 44049 44054 44056 44058 44072 44076 44077 44079 44082 44097 44101 44107 44114 44115 44117 44136 44147 44164 44194 44198 44201 44203 44212 44220 44221 44223 44225 44228 44230 44234 44235 44239 44244 44264 44265 44266 44269 44271 44281 44298 44312 44320 44353 44358 44364 44367 44375
he 41620 41649 41659 41677 41722 41737 41763 41776 41785 41805 41820 41846 41937 41963 41977 41988 42121 42125 42134 42142 42164 42165 42170 42230 42244 42246 42247 42250 42350 42351 42352 42380 42408 42447 42483 42517 42525 42526 42565 42624 42660 42726 42739 42743 42745 42823 42840 42919 43000 43003 43027 43077 43112 43135 43157 43179 43193 43195 43209 43216 43220 43241 43248 43251 43256 43257 43275 43341 43360 43492 43516 43541 43557 43601 43649 43658 43704 43735 43750 43771 43821 43836 43851 43861 43910 43946 43964 44017 44044 44072 44082 44109 44114 44117 44128 44133 44154 44164 44177 44194 44196 44198 44203 44225 44244 44265 44297 44298 44301
‘ 41620 41636 41921 41977 42079 42170 42221 42380 42447 42745 43003 43284 43344 43771 43974 44114 44117 44225 44269
has 41620 41635 41649 41656 41657 41660 41675 41676 41677 41687 41715 41717 41722 41737 41753 41763 41765 41781 41785 41795 41796 41806 41812 41820 41822 41823 41824 41830 41849 41857 41872 41874 41876 41927 41937 41945 41947 41973 41977 41986 41988 41995 41996 42018 42026 42044 42046 42064 42070 42077 42079 42084 42093 42096 42098 42113 42121 42123 42125 42131 42134 42150 42153 42159 42164 42170 42189 42200 42214 42217 42223 42227 42230 42244 42246 42247 42249 42251 42278 42307 42337 42350 42351 42352 42353 42356 42358 42374 42378 42380 42382 42403 42408 42426 42436 42447 42453 42464 42467 42483 42499 42512 42517 42525 42526 42540 42552 42558 42560 42565 42585 42611 42619 42624 42627 42637 42639 42660 42677 42686 42692 42696 42709 42726 42730 42739 42745 42750 42756 42759 42762 42770 42773 42784 42801 42802 42807 42809 42823 42830 42832 42847 42850 42872 42911 42917 42918 42919 42929 42931 42947 42953 43000 43003 43004 43010 43027 43045 43057 43061 43067 43077 43112 43125 43136 43144 43146 43157 43169 43179 43193 43195 43209 43216 43220 43248 43251 43271 43275 43276 43285 43289 43293 43308 43333 43341 43347 43360 43367 43371 43373 43377 43380 43385 43398 43402 43421 43430 43454 43488 43495 43496 43500 43512 43516 43536 43541 43547 43548 43552 43557 43576 43601 43617 43625 43629 43635 43649 43661 43666 43667 43691 43692 43694 43704 43708 43735 43739 43750 43755 43758 43768 43771 43772 43776 43790 43792 43797 43804 43807 43809 43812 43815 43821 43835 43836 43848 43851 43853 43854 43860 43861 43867 43877 43879 43880 43884 43894 43911 43917 43924 43932 43938 43946 43990 44002 44005 44019 44038 44049 44058 44067 44068 44072 44076 44077 44079 44080 44082 44097 44107 44115 44117 44128 44136 44137 44145 44147 44164 44177 44194 44196 44198 44201 44212 44223 44224 44225 44228 44230 44235 44239 44244 44264 44265 44279 44281 44298 44301 44307 44312 44335 44343 44358 44371 44375
hosted 41620 41839 41857 42113 42170 43248 43556 44298
honorable 41620 43002
hamilton 41620 42624 42900 43542 43974 44164 44194 44298
homepage 41620 41629 41636 41676 41719 41749 41765 41776 41796 41805 41820 41825 41836 41840 41847 41875 41876 41914 41921 41941 41945 41975 41977 41986 41988 42021 42026 42079 42131 42164 42214 42220 42221 42225 42244 42247 42249 42250 42253 42268 42340 42351 42352 42353 42380 42382 42401 42403 42425 42453 42468 42481 42497 42517 42526 42558 42598 42605 42624 42650 42677 42690 42696 42710 42739 42742 42743 42745 42801 42807 42823 42840 42841 42895 43003 43004 43043 43057 43067 43166 43176 43195 43216 43246 43248 43271 43283 43284 43285 43308 43344 43398 43488 43492 43496 43500 43516 43548 43591 43658 43718 43731 43732 43734 43771 43786 43823 43826 43834 43835 43850 43854 43868 43881 43885 43910 43916 43959 43966 43983 44033 44076 44079 44114 44117 44128 44133 44135 44136 44154 44177 44194 44196 44198 44224 44231 44265 44269 44281 44289 44301
87 41625 41773 41974 42125 42145 42472 42508 43260 43355 43518 43601 43612 43622 43821 43863 43918 43974 44316
high 41626 41687 41737 41746 41780 41805 41806 41823 41824 41855 41869 41872 41936 42020 42046 42047 42112 42134 42205 42217 42244 42353 42358 42428 42483 42489 42512 42525 42526 42544 42551 42579 42639 42646 42686 42741 42745 42773 42836 42850 43027 43067 43112 43169 43195 43209 43314 43371 43428 43455 43460 43511 43542 43557 43576 43601 43617 43647 43658 43684 43718 43735 43739 43771 43821 43853 43861 43880 43911 43928 43983 44002 44031 44079 44097 44117 44130 44177 44194 44212 44215 44225 44230 44232 44235 44262 44265 44301 44312 44334
hardware 41626 41873 41978 42220 42322 42552 42590 42810 42973 43067 43195 43241 43275 43302 43377 43496 43536 43869 43922 43938 44141 44177 44194 44212 44343 44375
handling 41627 41722 42046 42056 42159 42307 42374 42552 42619 42660 42850 42931 43195 43377 43601 43708 43773 43966 44019 44049 44194 44335 44375
halloween 41628 41856 41863 41940 42076 42128 42129 42155 42355 42532 42546 42656 42703 42771 42814 42874 43244 43338 43616 43690 43809 43843 43937 44174 44225 44379
helps 41629 41660 41677 41812 41822 41838 41872 41887 41921 41977 42010 42225 42244 42249 42380 42436 42525 42526 42553 42627 42709 42724 42726 42745 42753 42809 42818 43003 43043 43152 43165 43183 43195 43341 43473 43512 43601 43658 44038 44072 44079 44082 44212 44223 44225 44252 44298 44375
helping 41629 41657 41677 41805 41977 42046 42079 42244 42447 42593 42639 42709 42823 43000 43003 43220 43333 43488 43601 43658 43702 43772 44079 44114 44194 44196 44231 44265 44375
hope 41629 41657 41660 41737 41765 41982 41986 42083 42113 42382 42408 42447 42565 42627 42637 42809 42840 42847 42850 43025 43195 43257 43275 43285 43341 43360 43414 43576 43617 43735 43770 43805 43809 43974 44082 44147 44194 44225 44320
hopes 41629 42244 42517 42840 43617 44005 44265 44298
hypergrid 41629
however 41635 41659 41677 41687 41722 41781 41785 41823 41824 41849 41855 41857 41891 41954 41970 42046 42049 42093 42113 42123 42134 42146 42150 42200 42214 42217 42223 42307 42322 42337 42350 42358 42370 42374 42408 42436 42447 42483 42490 42497 42499 42512 42552 42565 42596 42639 42677 42692 42709 42730 42745 42770 42784 42821 42843 42850 42904 42917 42919 42931 42947 42967 43061 43066 43077 43125 43169 43189 43209 43220 43241 43275 43276 43315 43341 43345 43373 43385 43488 43496 43504 43512 43525 43541 43601 43691 43692 43702 43772 43776 43818 43819 43821 43836 43851 43877 43880 43915 43917 43944 43946 43966 43982 43990 44019 44031 44049 44072 44079 44097 44114 44115 44147 44164 44194 44212 44225 44230 44271 44367 44375
harris 41636 41683 41874 41877 41975 42176 42779 42893 43003 43770 43805 43974 44033
hardened 41636 42639
human 41636 41649 41677 41687 41719 41763 41765 41823 42281 42307 42337 42372 42411 42464 42639 42660 42678 42691 42709 42801 42807 42841 42931 43000 43002 43057 43077 43112 43135 43169 43195 43209 43214 43230 43275 43344 43454 43460 43601 43608 43617 43649 43826 43835 43836 43901 43915 43916 43938 43944 44049 44072 44075 44097 44141 44164 44194 44225 44230 44265 44343
harm 41636 41722 43608
hammock 41638 43250 44131
851kb 41638
honors 41641 41833 41836 41936 41941 42352 42403 42428 42436 42467 42483 42596 42751 43000 43002 43003 43004 43226 43256 43750 43772 43776 43786 43834 43915 43948 44136 44198 44224 44300 44367 44375
xyz 41641 43851 44019
hci 41649 41692 42278 42841 43000 43002 43067 43077 43135 43649 43737 43886 43944 44038
html 41649 41722 41729 41806 41954 41962 42017 42066 42075 42093 42251 42264 42307 42334 42372 42483 42499 42627 42632 42726 42809 42821 42858 42900 42947 43002 43031 43075 43077 43130 43333 43512 43649 43778 43792 43797 43818 43861 43877 43879 43946 44000 44049 44164 44194 44223 44234 44239 44312
happy 41649 41737 41780 42079 42121 42170 42454 42459 42483 42517 42546 42565 42770 43077 43193 43195 43248 43285 43385 43498 43516 43548 43649 43658 43735 43772 43818 43861 44005 44082 44115 44225 44356
http 41649 41656 41677 41692 41696 41711 41722 41737 41810 41813 41857 41877 41914 41918 41937 41944 41954 41962 41992 42066 42093 42121 42134 42142 42146 42176 42200 42216 42227 42240 42251 42263 42307 42337 42414 42428 42458 42499 42590 42632 42660 42726 42756 42784 42830 42853 42858 42928 42931 42941 42953 43050 43075 43077 43112 43134 43146 43157 43265 43276 43333 43341 43360 43385 43407 43426 43430 43502 43504 43512 43521 43556 43573 43594 43601 43649 43691 43702 43735 43739 43755 43765 43778 43785 43792 43812 43821 43825 43851 43861 43877 43886 43904 43917 43946 43957 43966 43971 44049 44082 44107 44121 44147 44164 44194 44225 44234 44235 44239 44296 44298 44300 44353 44358
head 41649 41857 41939 41981 42125 42337 42660 42697 42947 43000 43002 43077 43195 43460 43571 43617 43692 43739 43771 44010 44117 44177 44194 44225 44230 44264 44266
heavily 41649 42337 42639 42872 43077 43333 43385 43649
happen 41649 41737 41781 42046 42121 42371 42380 42525 42660 42947 43077 43159 43360 43367 43496 43649 43658 43692 43735 43739 43772 43776 43861 43879 43911 43924 44230 44375
having 41649 41660 41675 41687 41722 41737 41763 41806 41820 41849 41874 41954 42046 42097 42121 42123 42134 42163 42227 42244 42272 42308 42436 42468 42483 42525 42526 42553 42593 42619 42639 42660 42770 42821 42836 42840 42919 42929 42947 43000 43027 43077 43095 43132 43179 43195 43248 43275 43285 43341 43385 43402 43601 43649 43702 43708 43735 43739 43771 43809 43821 43848 43860 43861 43880 43894 43917 43990 44019 44107 44115 44117 44177 44194 44198 44212 44225 44230 44234 44235 44265 44375
https 41649 41722 41796 41857 42142 42240 42436 42590 43077 43134 43188 43360 43426 43515 43861 43944 44155
helpful 41649 41737 41820 42046 42121 42159 42200 42497 42627 42639 42809 42840 42931 43077 43601 43649 43735 43819 43861 44079 44225
hints 41649 41660 41737 42031 42121 42159 42847 43077 43136 43649 43735 43861 44225
honesty 41649 41737 41820 41833 41840 41847 41941 42121 42403 42436 42453 42627 42639 42710 42809 42841 43077 43407 43488 43649 43702 43732 43735 43772 43776 43881 43915 44037 44136 44225 44367 44375
habit 41650 43275 43492
847kb 41650
85mm 41650 42201 42361 42561 42698 42717 43035 43154 43777 43995 44259 44285
hanlin 41653 43580
horizontal 41656 41687 41699 42552 42965 43594 43601 43821 44059 44109 44212
horrible 41656
height 41656 41849 41974 41996 42734 42965 43214 43768 43818 44059 44186
heights 41656 41849 41982 41996 42421 43157 43770 43821 44097
hel 41656
html5 41657
haghighat 41657
her 41659 41722 41777 41817 41825 41838 41876 41977 42026 42097 42108 42142 42200 42214 42244 42246 42247 42278 42335 42350 42352 42382 42436 42464 42517 42525 42558 42573 42638 42673 42677 42850 43000 43024 43030 43050 43164 43170 43179 43195 43275 43285 43310 43360 43427 43444 43516 43617 43723 43757 43772 43784 43816 43836 43906 43938 43955 43964 43976 44006 44008 44017 44075 44079 44082 44135 44140 44167 44168 44177 44210 44215 44225 44229 44297 44298 44375
happier 41659
his 41659 41676 41677 41711 41717 41722 41763 41781 41785 41805 41820 41838 41853 41855 41887 41936 41961 41972 41977 41988 42097 42125 42142 42165 42170 42200 42230 42246 42247 42250 42251 42278 42337 42350 42352 42358 42380 42408 42436 42447 42483 42512 42517 42525 42526 42557 42565 42619 42696 42724 42739 42745 42768 42823 42850 43000 43003 43031 43047 43050 43057 43112 43135 43157 43164 43179 43183 43195 43209 43219 43220 43233 43241 43256 43257 43275 43294 43308 43310 43341 43360 43385 43427 43482 43541 43557 43560 43601 43627 43650 43658 43693 43708 43750 43771 43772 43784 43786 43818 43834 43836 43851 43854 43867 43946 43964 44005 44017 44044 44072 44077 44082 44106 44114 44117 44128 44133 44154 44164 44177 44194 44196 44198 44212 44225 44254 44265 44297 44298 44301 44375
hard 41659 41687 41722 41737 41753 41812 41822 41857 41891 41954 41977 42046 42061 42123 42150 42159 42214 42217 42227 42356 42408 42447 42458 42479 42525 42639 42702 42753 42759 42770 42836 43069 43106 43116 43136 43195 43209 43275 43333 43360 43385 43496 43498 43542 43557 43601 43617 43658 43735 43739 43771 43772 43776 43821 43861 43885 43886 43990 44101 44114 44117 44212 44225 44230 44239 44265 44281 44298 44312 44375
half 41659 41687 41692 41781 41995 42046 42150 42227 42278 42307 42380 42428 42611 42639 42784 42911 43195 43276 43291 43293 43350 43595 43601 43658 43739 43772 43880 44049 44107 44145 44194 44196 44225 44265
hashed 41660 41781 41877 42176 43195 43518 43981
hundreds 41660 41776 41823 41874 41988 42170 42227 42756 43169 43177 43195 43601 44049 44298
hats 41661 42705
hallway 41663 42526 43027
hanging 41663 41981 42477 43220 43617 44072
holtens 41663
husky 41664
huskies 41664 43998
history 41664 41721 41765 41820 41825 41830 41857 41873 41927 41962 42079 42124 42247 42251 42346 42447 42468 42483 42499 42512 42624 42638 42691 42753 42822 42931 42953 43003 43065 43066 43149 43193 43195 43248 43275 43322 43333 43347 43448 43503 43807 43911 43917 44076 44079 44082 44097 44147 44164 44198 44234 44256 44263 44264 44296 44375
hotel 41667 41873 41960 42112 42231 42343 42350 42428 42773 42992 43236 43253 43279 44073 44075 44353
895kb 41668 42767
hamiltonian 41669 41687 41990 43460 43601 43972
herschel 41670 41683 42125 42228 42246 42273 42292 42350 42366 42457 42736 42848 42893 42975 43260 43297 43355 43561 43615 43770 44221 44320
hertzig 41670 42115
hirsch 41670 41683 41802 41929 41949 41982 42115 42125 42161 42228 42246 42287 42366 42406 42421 42457 42533 42626 42736 42779 42863 42893 42975 43025 43260 43297 43355 43453 43561 43592 43612 43615 43622 43651 43656 43770 43805 43863 43874 43918 44220 44221 44320 44364
haja 41670 41683 41917 42115 42366 42421 42457 42779 43025 43208 43592 43612
888 41670 43453 43518
hirschberg 41670 41683 41687 41721 41753 41785 41802 41806 41917 41929 41949 41982 42038 42115 42123 42125 42145 42152 42161 42187 42228 42273 42285 42287 42292 42350 42366 42385 42406 42421 42443 42457 42508 42533 42611 42626 42668 42736 42779 42817 42863 42893 42975 43025 43045 43208 43260 43297 43307 43325 43355 43377 43453 43561 43592 43612 43615 43622 43651 43656 43698 43770 43805 43821 43863 43874 43918 44220 44221 44251 44320 44364
heuristics 41672 41687 41785 41806 41830 41927 42180 42281 42458 42726 43045 43601 43730 43807 43886 43908 43911 43966 43982 44049 44225 44256 44312
heuristic 41672 41713 41716 41731 41785 41806 41839 41867 41889 42009 42051 42136 42183 42257 42357 42377 42458 42586 42676 42731 43214 43218 43327 43455 43456 43484 43485 43497 43601 43671 43761 43814 43821 43827 44027 44201 44225 44256 44300
handler 41675 42374 42850 43601 43952 44083 44115
hal 41676 42170 42340 42650 43216 43492 43804 44203 44301
handwritten 41676 43623 44108
horizons 41677 41737 43735 43739
health 41677 41763 41820 41840 41936 41975 42046 42247 42268 42382 42401 42526 42639 42709 42824 42841 43000 43003 43057 43067 43193 43214 43230 43275 43285 43402 43739 44097 44114 44234 44265
hicss 41677 42428
helped 41677 41796 41977 42244 42447 42454 42464 42490 42517 42525 42526 42745 42931 43003 43050 43308 43310 43333 43341 43601 43658 44049 44097 44281
homes 41677 44227
house 41678 41718 41941 42125 42881 43060 43157 43195 43220 43275 43617 43941 43984 43991 44038 44097 44223
haley 41681 41979 42030 42063 42404 43032 43257 43334 43664 43849 43906 44015 44052 44185
horowitz 41683 41929 42125 42421 42457 42668 42893 43260 43805 44221
halevi 41683
haskiel 41683 42125 44364
horowicz 41683 42125
83 41683 42125 42273 42384 42457 42533 42639 43025 43260 43518 43601 43770 43821 43974 44082 44316 44320
hana 41683 42287 42457 42779 42893 43698 43805 43974
8x 41683 41929 41982 42145 42366 42406 42421 42626 42779 42893 43025 43307 43612 43770 43805 43863 44320 44364
hanna 41683 41917 41949 41982 42115 42161 42187 42246 42273 42285 42292 42366 42406 42421 42443 42457 42533 42626 42817 42863 42893 43025 43260 43297 43307 43453 43592 43612 43770 43805 44221 44320 44364
8o 41683 41929 41982 42145 42161 42366 42626 42779 42893 43025 43612 43770 43805 43863 44320 44364
hass 41683
827 41683 42287 43518 43821
864 41683 43518
helena 41683 41929 41982 42145 42292 42421 42457 42533 42626 42668 42779 43025 43260 43307 43355 43561 43612 43770 43918
816 41683 42552 43518
803 41683 43518
holocaust 41683 41905 41917 41929 41982 42161 42246 42350 42421 42457 42626 42779 43025 43561 43805 43918 43964 44220 44297 44320 44364
hela 41683 42779 43297
841 41683 42228 42292 43518
805 41683 42779 43518 43805 44320
hinda 41683 41802 41917 41929 41949 41982 42038 42125 42152 42161 42246 42285 42292 42421 42736 42779 42975 43260 43297 43307 43355 43612 43622 43770 43805 44221 44320 44364
holender 41683
875 41683 43518 43918
860 41683 43518 43601 43918
hersz 41683 42038 42125 42145 42421 42457 42533 43453 43612 43805 43863 44221 44364
820 41683 43518
henne 41683 42115 42125 42350 42779 43651 43770 44221
heinrich 41683 41917 43307
herszel 41683 41929 42125 42161 42228 42443 42668 42975 43307 44220
hinde 41683 42125 42161 42246 42626 42779 43025 43770 43805
henoch 41683 41982 42161 42285 42457 44220 44221
hanny 41683
hindel 41683 42125 42292
85 41683 41974 42121 42125 42161 42239 42292 42736 43208 43276 43367 43518 43601 43692 43698 43755 43821 43918 43974 44234 44316 44320
811 41683 43518 43918
88 41683 41763 41974 42115 42125 42161 42187 42228 42273 42472 42626 42779 42850 43025 43214 43460 43518 43592 43601 43656 43974 44220 44364
heimerlang 41683
hanandel 41683 43260
hendel 41683 42125 42285 42292 42421 42779 43260 43307 43612 43615 43622 43770 43805 44220 44320
herszke 41683 42779
huppert 41683 43615
hai 41683 42214 42353 43025 43656 44220 44236
848 41683 42457 43518
hebald 41683 42125
henryk 41683 41802 41929 41982 42161 42228 42285 42292 42457 42668 42779 43260 43561 43612 43651 43770 43863 43918 44220 44364
802 41683 42161 42457 43518 44194 44301
herman 41683 41929 42038 42161 42228 42246 42292 42406 42443 42779 43025 43592 43615 43770 44221 44364
hauptman 41683
hauptmann 41683
hadasa 41683 44364
hirschberger 41683
hirszl 41683
hersch 41683 42125 42161 42187 42228 42273 42287 42457 42736 42779 43025 43260 43612 43770 43805
haia 41683 42779 42893 42975 43307 43770 44320
hl 41683
847 41683 42287 43518 44220
henrietta 41683 42421 42779 43025 43805
hannah 41683 42038 42779 43275 43307 43612 43770
813 41683 42292 43518
849 41683 43518 43918
hochwald 41683 42125 43025
hollender 41683 42779
x791 41683
891 41683 42779 43518
harold 41683 41982 42097 42246 42406 42779 43025 43307 43601 43805 43974 44297
hartley 41683
heymann 41683
hans 41683 41929 42224 42457 42668 43135 43295 43355 43601 43612 44353
howard 41683 41982 42285 42380 43025 43257 43275 43469 43620 43974 44021 44164 44196 44301 44320
holtzer 41683
842 41683 42228 43518
haim 41683 42125 42187 42292 42457 43612 44221
899 41683 42533 43518
hermina 41683 42161 44221
hendon 41683 41982 42292 43612 43918 44221
hofstadter 41683
838 41683 42161 43518
herta 41683
hadassa 41683 44082 44320
hamburg 41683 43179 43307 43453 43770
hypertext 41687 41806 41962 42142 42182 42307 42337 42358 42499 42566 42627 42709 42726 42756 42809 43075 43373 43946 44049 44147 44164 44194 44223 44234
8th 41687 41806 41959 42358 42428 42458 42567 42726 42852 42910 42955 43151 43161 43214 43279 43378 43397 43601 43821 43894 43941 44234
hypercube 41687 42096 42134 43576 43601
heraklion 41687 43144
hardness 41687 41753 42370 42458 44312
hadwiger 41687
holds 41687 42121 42230 42335 42850 43003 43195 43220 43402 43500 43617 43649 43663 43816 43836 44049 44097 44106 44154 44164 44194 44210
85–108 41687
honor 41687 41700 41765 42164 42483 42673 42931 43000 43025 43123 43144 43195 43275 43542 43640 43821 43842 43894 43946 43974 44194 44212 44225
hasse 41687
8037 41687 42123
8242 41687 41753 43144 43894
had 41687 41781 41806 41812 41822 41846 41857 41905 41977 42031 42046 42121 42134 42164 42165 42170 42186 42214 42223 42246 42247 42251 42290 42307 42337 42350 42356 42374 42380 42408 42436 42447 42454 42468 42483 42512 42525 42526 42552 42565 42627 42639 42660 42677 42696 42809 42823 42872 42919 42931 43003 43027 43045 43112 43135 43136 43157 43179 43195 43220 43248 43265 43275 43285 43289 43299 43333 43341 43345 43373 43516 43541 43542 43557 43601 43617 43625 43649 43658 43692 43771 43772 43776 43809 43825 43848 43860 43861 43868 43879 43890 43894 43911 43946 43964 44042 44049 44076 44079 44082 44097 44114 44117 44164 44177 44194 44265 44281 44297 44301 44375
8871 41687 42123 42308 43600 43894
halin 41687 41753
happens 41687 41812 41822 42046 42123 42307 42374 42660 42710 42784 42850 43136 43275 43367 43739 43851 44019 44115 44194 44230
hop 41688 43601
hp 41692 43193 43809
helmet 41693 41838 42019 42033 42317 42541 43233 43482 44167
hooverpark 41693
handshake 41694 41904 41941 42048 42185 42209 42288 42474 43109 43441 43732 44089 44381
xml 41696 41722 42056 42061 42075 42093 42264 42312 42337 42372 42447 42572 42593 42947 43031 43066 43386 43435 43797 43818 43879 44049 44194
hills 41698 41855 41863 42022 42076 42129 42168 42381 42406 42472 42493 42501 42568 42621 42656 42748 42771 42776 42844 42855 42874 43122 43140 43157 43158 43181 43244 43297 43306 43412 43459 43488 43616 43654 43690 43791 43805 43890 43899 44004 44282 44314 44330 44341 44364
highest 41700 41822 42159 42164 42356 42401 42745 42832 42850 43000 43436 43512 43601 43771 43911 44117 44212 44223 44225
xbeam 41703
844kb 41708
heron 41714
harpy 41714
him 41717 41722 41763 41846 41977 42097 42170 42246 42350 42380 42408 42447 42483 42525 42526 42565 43000 43179 43195 43220 43241 43257 43658 43771 43946 44072 44082 44117 44375
hziv 41719 43916
hadar 41719 42566 42702 43000 43031 43901 43916 43938 44177
historical 41721 41763 42490 42552 42624 42764 43057 43135 43149 43275 44049 44079 44097 44230
hondo 41721 43488
hatch 41722 43576
houser 41722
hole 41722 42414 42479 43027 43326 43576 44049 44238
hit 41722 41793 41953 41992 42046 42288 42335 42512 42550 42770 42953 43068 43126 43180 43195 43504 43534 43570 43601 43739 43891 44167 44212 44215 44375
xythos 41722
handle 41722 41729 41753 41781 41874 41933 42096 42146 42150 42201 42327 42373 42426 42490 42521 42525 42552 42584 42641 42770 42850 43066 43167 43276 43341 43415 43601 43692 43802 43983 44049 44114 44115
hold 41722 41726 41753 41763 41781 41812 41813 41820 41823 41862 42307 42391 42426 42464 42483 42608 42639 42677 42692 42770 42784 43077 43157 43193 43195 43220 43275 43371 43402 43488 43541 43601 43692 43739 44016 44164 44194 44202 44223 44225 44230
host 41722 41823 41857 41914 42337 42428 42483 42660 42678 42904 42917 43000 43040 43165 43333 43666 43812 43917 44147 44177 44187 44194 44197 44212 44271
hand 41722 41737 41812 41825 41937 42046 42093 42097 42123 42159 42200 42307 42330 42436 42525 42565 42619 42639 42770 42840 42847 42918 43125 43195 43209 43220 43275 43276 43325 43341 43377 43498 43504 43536 43541 43601 43658 43708 43735 43776 43779 43879 43915 43924 43957 44002 44049 44068 44088 44107 44147 44212 44225 44230 44239 44244 44358 44375
header 41722 41758 41962 42064 42219 42337 42639 42780 42850 42931 42963 43066 43347 43435 43557 44107 44194 44212 44230 44325
hinged 41726 43821 44202
hinges 41726 41785 44202
horned 41728
hyperref' 41729
hyperref 41729
hyperlinks 41729
824769043 41731
814975542 41731
895807562 41731
820469826 41731
huseynov 41732
hart 41732 42200 42646 43025 43214 43336 43512 43821
huynh 41737 42170 43542 43735 44298
heart 41737 42031 42246 42319 43000 43169 43195 43316 43333 43739 43868 44164 44194 44274 44300 44343
holidays 41737 43735 44225
hesitate 41737 43735 44082 44225
happened 41737 42046 42121 42374 42447 43377 43649 43658 43735
hellman 41752 42853 43149 43863
hierarchically 41753 41824 43045 43144 43275 43601 44049
holten 41753 43894
hyperbolic 41753 42096 42134 43045 43144 43373 43576 43894 43972
hesterberg 41753 42123 43551 43828 44332
8973 41753
81 41753 41785 41974 42125 42159 42161 42187 42228 42384 42421 42457 42581 42614 42759 42779 43177 43260 43518 43561 43601 43612 43974 44004 44320
hull 41753 41988 43373 43525 43552 43600 43601 43821
honolulu 41753 41878 41915 41963 42112 42773 43075 43112 43812
hawaii 41753 42112 42428 42566 42773 43112 43465 43601 43647 43812 44234 44353
hide 41753 42046 42080 43066 43136 43385 43503 44054 44122 44375
hitting 41754 41829 42269 42331 42770 42919 43079 43115 43618 43783 43936 44110
hammer 41756 43126 43361 44320
hoc 41763 41898 42428 43275
higher 41763 41820 41824 42046 42131 42134 42227 42352 42358 42517 42552 42627 42639 42692 42710 42726 42730 42745 42809 42850 42918 43000 43031 43045 43136 43144 43195 43500 43541 43576 43601 43821 43911 43917 44002 44076 44225 44239 44312
hereof 41763
hereinafter 41763
hereby 41763
honour 41763
hear 41763 41823 41833 41846 41905 41977 42165 42246 42350 42426 42467 42604 42639 42832 43157 43179 43195 43275 43739 43772 43809 43915 43964 44082 44297 44342
hidden 41763 41992 42281 42458 42464 42553 42928 43000 43112 43149 43214 43460 43601 43608 43798 43809 43879 44149
holding 41763 41812 42011 42293 42558 42660 42850 42953 43136 43285 43542 43601 43786 43834 43879
89 41763 41949 41974 42077 42121 42125 42228 42366 42457 42533 42639 43260 43360 43367 43518 43601 43612 43656 43674 43770 43771 43805 43821 43974 44117 44298 44320
honoring 41765 43809
honored 41765 41988 42164 42170 42352 42517 42526 43000 43285 43771 43786 43834 44117 44194 44198
holders 41765 42142 43000 43275
hickerson 41767 41784 43996
8booboo3bo 41767
heartbreakers 41775 41904 41968 41984 42005 42188 42346 42491 42612 42687 42877 42913 42915 43184 43290 43292 43416 43452 43567 43587 43775 43862 43975 44119 44165 44205 44352 44370
hackers 41776 43195 43496 43779
helen 41778 41929 41949 41982 42246 42285 42350 42777 42893 43025 43307 43453 43649 43656 43805 43918 43944 43974 44297 44320
hurricane 41780
hernan 41780
hh 41781 42552
h' 41781
hash 41781 41857 42565 42692 43149 43345 43380 43518 43814 43900 44194 44212 44300
hashing 41781 41785 42520 43302 43380 43518 43900
hoped 41781 42447 43265 43601
hi~=~m+19 41781
hi 41781 41846 42660 42841 43283 43812 44005 44082 44234
h~ 41781
801 41781 41802 43518
huffman 41785 42385 42552 43275
hester 41785 42385
horspool 41785 42385
8has 41786
haired 41792 44206
hat 41798 41972 42045 42097 42520 43003 43385 44010 44355
833 41802 42161 42975 43518
839 41802 43518
hollau 41802
hill 41803 42154 42337 42737 43011 43025 43110 43195 43350 43453 43601 43821 44225
hotsec 41805 41986 43658
hot 41805 41807 41816 41829 41953 42027 42031 42073 42080 42197 42247 42331 42335 42489 42588 42659 42721 42836 42876 43032 43068 43115 43136 43152 43171 43180 43195 43214 43219 43238 43428 43444 43458 43512 43559 43633 43682 43757 43816 43910 43935 43976 43994 44016 44158 44167 44215 44217 44232 44273 44319
highlighted 41805 41830 41918 41927 42247 42263 43136 43765 43785 43807 43957
hopper 41805 41986
xerox 41806 41874 42170 42337 42931 43454 43557 43821 44164
hwang 41806 42895 43732 43821
892nd 41806 43821 43853
hershberger 41806 43560 43821
harder 41806 42046 42436 42660 43195 43341 43601 43704 43776 43880 44225 44230 44244 44289 44375
hairy 41806
heaviest 41806
hexahedral 41806 42358 43821
hypothetically 41812
hypothetical 41812 43504
x46188 41813
helmets 41815 42541 43523
heal 41815 42329 43719 44168
hoffmann 41818 41929 43612 43989
holistic 41820 42401
happening 41822 42223 42380 42660 42850 43772 43776 44056 44375
hollywood 41822 42161 42626 43771 44117
heap 41822 41996 42046 42123 42692 43302 43601 43821 44005 44194 44300
86 41822 41917 41929 41974 42125 42152 42161 42239 42273 42285 42292 42366 42458 42472 42779 42953 43177 43518 43601 43656 43821 43974
heliconia 41823
hummingbirds 41823 42637
hospitable 41823
hummingbird 41823
habitats 41823 42449
heliomaster 41823
hemileucurus 41823
hermit 41823
hastening 41823
heavy 41823 42337 42614 42872 43617 44019 44262
handoff 41824 44147
hierarchies 41824 42337 42414 42709 42906 43214 43329 43557 43812 44049 44194
hierarchy 41824 42056 42079 42112 42370 42688 42762 42773 43128 43237 43275 43329 43460 43536 43557 43601 43869 43911 43952 44049 44092 44164 44194
handlers 41824 42305 42374 42850 43138 44115
harry 41824 42246 42285 42406 42508 42667 42698 42779 42893 42953 43025 43284 43453 43770 43771 43805 43918 44042 44082 44117 44221 44320 44355
hassling 41825
handed 41830 41927 42370 42520 42906 43534 43570 43807
histories 41830 41927 43275 43807 44164
hiding 41830 41927 42246 42337 42459 42762 43040 43136 43807 44230
hopefully 41830 41855 41927 42356 42872 43136 43341 43807 44076 44097
highlight 41830 41927 42726 43807 44133 44212
halldorsson 41834
hair 41835 42108 42270 42281 42356 42717 42874 43214 43247 43516 43805 43937
huddle 41838 42224 42658 43238
xiaohui 41839
xie 41839 42544 43601
xiaoli 41839
872kb 41841 42117
husband 41846 42097 42125 42246 42285 42350 44082
heard 41846 42483 42525 42660 43193 43275 43825 44082 44114 44358
hierachical 41849
hierachy 41849
homework2a 41857
hyphen 41857
hexadecimal 41857 42046
xxxx 41857 44194
helpfully 41857
hilarious 41857
humor 41857 43275
head~1 41857
homework2b 41857
homework2c 41857
highf 41869
hosts 41872 41950 43575 43658 43809 44187 44298
hype 41873 43275
huffstutter 41873
hewitt 41874
hikm 41877 42176 43605
howpublished 41877 42176 43601 43821
hinge 41877 42176 44072
harvest 41877 42176 42200 42512 42622 42627 42704 42809 43981 44098 44194
hessian 41877 42176
histogram 41877 42176 42307 42480 43367 43602 43981
huntington 41882 43336
headers 41885 41962 42064 42264 42337 42414 42710 42931 43066 43167 43289 43347 43435 43466 44147 44164 44194 44212 44325
8000 41889 42047 42676 43455 43484 43827
896kb 41895 42622
hsu 41898 41986 42281 43601 43608 43705 44236
ho 41898 43193 44236
hu 41898 42385 42428 42430 42544 42668 43601 43608
honda 41898 42112
harvesting 41898 43344 43588
xiujuan 41898
horse 41907 43817
hafu 41914
heidi 41914 43179 43307
harassment 41914 43193
hobby 41914
houses 41916 42565 42881 43516 44227
hullein 41917
x'range 41918
xor 41918 43957
hobbs 41921 41977 43974
hacksc 41921
hypermedia 41923 42405 42756 42873 43075 43649 43678 43737 43946
hoffman 41929 42358 42457 43260 43307 43407 43601 43705 43805
henry 41929 41982 42214 42273 42421 42508 42626 42779 42893 43025 43179 43307 43453 43576 43612 43770 43805 43974 44082 44164 44194 44220 44221 44320 44334 44364
herbst 41929 44221
helene 41929 42287 42421 42626 43025 43770 43918
hitz 41929
8955 41929
herzog 41929 42125 42457 43805 44364
hecht 41929 42125 43656
824kb 41932
headlands 41933 42173
healthcare 41936 42113 42526 42745 43193 43214 43230 43285 44265 44269
hipeac 41936
hashem 41936
haghbayan 41936
xplore 41936
honorary 41945
hackathon 41945 42220 42739 42840 43496
xu 41945 42220 42281 42428 43601 43608 43974
hanyzer 41949
hanizer 41949 42125
hirsz 41949 41982 42125 42161 42273 42287 42443 42457 42668 42736 42975 43260 43355 43453 43592 43612 43615 43805
haniser 41949 43656
hades 41949 42125
herszl 41949 42125 42406 43260 43297 43307 43612 43698 44364
84 41949 41974 42125 42161 42239 42421 42458 42533 42544 42614 42626 42893 42975 43518 43601 43674 43863 43918 43974 44005 44220 44316 44320 44364
hershal 41949
hr 41954
heritage 41959 43508 44142 44375
humorously 41962
hsl 41963 42224 42545 42636 42725 42902 43047
89mm 41969 42052 42293
hence 41970 42272 42726 43367 43371 43373 43601 43772 43851 43867 44077 44145 44194 44375
href= 41970 43512
harbor 41971 41982 42337 42382 43314 43712 44096
himself 41972 42408 43220 43658 44082
hthe 41973
82 41974 41982 42125 42159 42273 42384 42421 42458 43260 43512 43518 43576 43721 43770 43974
highlighting 41977 43136
hooked 41977 42468 42919 43516 44019
herself 41977 42214 43015 43818
hamek 41982
herbert 41982 42097 42145 42246 43179 43821 44225 44320
haven 41982 42525 42626 43025
hyams 41982
horacek 41982
hymes+pauline 41982
hattie 41982 42421 43025 44221
hut 41982
hyman 41982 42145 43770 43805
havels 41982
harriet 41982 43025 43612 44320
henderson 41982 42337
hostetler 41982 44194
hena 41982 42125 42246 42292 42350 43874 44082
hammersmith 41982
hanit 41982
harshini 41986
hopkins 41988 42290 44027
hunting 41992 42046
hye 41995 43293
xhtml 41995 42372 43293
hibbard 41996
histograms 42001 43169 43214 43367
helper 42010 42334 42520 42906
hashmap 42010 42619 43708
hw 42017 42118 42217 42436 42512 42832 44000 44037 44076 44097 44223
86mm 42034 44314
haber 42038
828 42038 42457 42893 43518
henryka 42038 43561 43770
holzgrun 42038
holz 42044
hugo 42044 42246 42836 44236
hardest 42046
handy 42046 42639 42660 42770 44049 44212
hello 42046 42593 42595 42919 43536 44225 44230
harmless 42046
holes 42046 42381 43040 43541 43821 43894 43985 44330
hypotenuse 42046
hypotenuselength 42046
hypothesis 42046 42251 42281 42611 43214 43601 43901 44172 44268
8481 42046
hits 42046 42113 42604 43504 43956 44019 44225 44266
83458250 42051
honeycomb 42057
heads 42063 42125 42230 42336 42352 42525 42652 43836 43956 43959
handled 42064 42305 42931 43000 43110 43367 43601 43776 44115 44194 44230 44375
820kb 42065
xslt 42075 42093 42372 42947 43797 43818 43879
homogeneous 42077 42159 43601 43602
heteronormative 42079
heading 42080 42217 42627 42639 42809 42832 43220 44000 44076 44223 44358
xl 42082
xmlbeans 42093
xs 42093
xmlns 42093 44194
xs='http 42093
xmlschema 42093
xsd 42093
xsi 42093
xmlns='http 42093
html='http 42093
xsi='http 42093
hyphens 42093
hour 42093 42121 42170 42499 42637 43136 43193 43350 43504 43739 43886 43910 44091 44375
hexbinary 42093
xpath 42093
xpath= 42093
heptagonal 42096
heptagon 42096
hanni 42097
heinz 42097 42457
825kb 42100 44285
hiraki 42112 43647
hpcc 42112 42544 42773 43647
haleakala 42112
houzz 42113
hiring 42113 42223 43772 44265 44375
xiaofan 42113
hil 42113
hoefner 42113
hirszel 42115 42125
haintze 42115
herzig 42115 42125
hendla 42115 42125 43656
hypertrees 42118
87–96 42123
hearn 42123 43069 43725
hausdorff 42123
havvaei 42123 42560 44132
helsinki 42123 43608
hereditary 42123
hs 42125 43177
hirschel 42125 44320
hammerszlag 42125
hauser 42125
houseowner 42125
hillel 42125 42779 43770 43805
hirschsohn 42125
herzki 42125
hutter 42125
herszchel 42125
heilman 42125 42457
hochstim 42125 42292 43656 43698
hirschsprung 42125
hinted 42125
herzel 42125 42366
herz 42125 42228 42421
haubensztok 42125
hirzki 42125
hartuch 42125
holzer 42125 43805
hauzner 42125
herschl 42125 43561 43651 44320
honigbaum 42125 43025
88b 42125
hindele 42125
haskel 42125 42975
hers 42125
hendl 42125
hautmacher 42125
himmelblau 42125
hotz 42125
herzky 42125
herschke 42125
houseowners 42125
hotzner 42125 43651
hortner 42125
huttinger 42125 42668
hentsche 42125 42292 43025
hader 42125 42779
hilel 42125 42421
hirschfeld 42125 43770
horvitz 42125 42928
hunger 42125 42244
hirs 42125
hirz 42125
hanne 42125 43805
hersfan 42125
hodes 42125
hamburger 42125 42287 42893 44320
horwiz 42125
hirszfanger 42125
hene 42125 43025 43770
herzkowicz 42125
handl 42125
heiblum 42125
hutsman 42125
hutman 42125
herzl 42125
halberstadt 42125
heilpron 42125
horwitz 42125
hane 42125 42443
hindy 42125
herscher 42125
hirszenfeld 42125
hansik 42125
hirszang 42125
hochhaus 42125
hahn 42125 42285 42385 43025
handwerker 42125
hochberg 42125 43025
hensling 42125
hayman 42125
honig 42125 42246 43612
herszlowicz 42125
harfe 42125
8a 42125 42145
henigbaum 42125
heitner 42125 44220
himelblau 42125
hirsfeld 42125
haftelm 42125
hamerslag 42125
hirsberg 42125
heuman 42125
hamerling 42125
hammerling 42125
hypercubes 42134 43576
hadamard 42134
hilbert 42134
hughes 42134 42428 42649 43075 43307
haiman 42134
hoek 42142 42230 42352 42447 42483 42526 42593 42696 42753 42900 43000 43112 43248 43285 43591 43734 43792 44056 44164 44194 44234 44239
holder 42142 42281 43541 43557
helm 42142 44320
happel 42142
heimbigner 42142 43758
harrold 42142
hadley 42142
hammersclag 42145
ham 42145 43592 44076
hammersley 42145
humphreys 42145
hartlepool 42145
heywood 42145
havering 42145
heirarchy 42146 42251
hook 42150 42750 44264
883kb 42151 42914 43926
861kb 42155
hint 42159 42692 42784 42968 43195 43367 43380
hardly 42159 42483 43195
have—year 42159
h21assignments 42159
863 42161 42626 43518
hartman 42161
hirschprung 42161
817 42161 43518 43601
840 42161 43518
868 42161 42893 43518
832 42161 43260 43518
honigwachs 42161 44320
honey 42161
halina 42161 42228 42779 44320 44364
howell 42161 44334
humboldt 42164 43025 43285
humboldtians 42164
happiness 42170 42565
hara 42170
hillside 42173 42381 42621 43657 44214 44377
hashcode 42181 42711 42811 43951 44105
heterogeneous 42182 42428 42544 42726 42873 42973 43383 43678 44334 44343
heterogeneity 42182
hyperplane 42184 42222 43045 43096 43373 43821
hamming 42184
heim 42187
853 42187 43157 43518 43601 43821
808 42187 42773 43518 43612 43812 44353 44364
xi 42189 42784 43154 43608 43851
hipc 42197 42428
8g 42197
hawaiian 42200
hirth 42205
hosting 42205 43067 43809 44141
handleevent 42207
homer 42209 43307
827–835 42213
historically 42214 42512 42552 43275
x86 42219 42359 42590 43536 44225 44334
hpj 42219
hpp 42219
hxx 42219
hm 42219
hackuci 42220 42250 42840 43496
hacker 42220 42840
huge 42227 42464 42525 42840 43195 43248 43275 43289 43601 43739 43809 44107 44114
hudes 42228 42508 42626 42893 43025 43453 43863
hermann 42228 43260
hungary 42228 42246 42366 42893 43157 43355 44221
879 42228 43518 44320
hangouts 42230
892kb 42235 43784
80s 42241 43275
homelessness 42244
hudash 42244
hayes 42244 42626 43037 43043 43821 43835 43894 43910 43974 44198
headquarters 42244 44097
hacohen 42246
hamm 42246
hoenig 42246
hebrew 42246 42350 44079 44082 44297
hartstein 42246
henna 42246
hazedek 42246
helmec 42246
harnik 42246
hague 42246
holland 42246 42458 44082 44353 44364
hammond 42246 43974 44320
hid 42246
heidelberg 42247 42428 42566
hlf 42247
heartened 42247
hike 42265 42408 42971 43350 43532 43890
hiking 42265 42468 42525 44114
hayden 42267 42557 43017 43627 43650
hopfer 42268
healy 42278
hydrometeorology 42281 43214
hbm 42281
hcomp 42281
hutchins 42281 42824 43214 43275 44212
hyman+jennie 42285
hencze 42292
hampshire 42292 42779 43465 43612
harrow 42292
843kb 42293
hundertwasserhaus 42296
hamideh 42299
heck 42307 42512 44230
xmin 42327
xmax 42327
handles 42327 42619 42895 43380 43538 43601 43708 43739 44049 44115 44119 44194 44370
hacks 42334 42639 42840 43496
href 42337 43512 44194
xxx 42337
hitt 42337
hopmann 42337 44194
humans 42340 42558 42660 43275 43601 43946 44212
hometown 42350 43658
hersh 42350 43964 44082
hoflich 42350
henya 42350 44082
hollander 42350 42779 43355 43770 44194
hochberger 42350 43651
henny 42350
hanoi 42356
heckbert's 42358
hexar 42358
heckbert 42358
80x86 42359 42850 43138 44212
8313 42366
823 42366 43518 43601
hohfeld 42372
xsl 42372
homemodule 42374
halts 42374
hervé 42378
hangar 42380
hany 42380 43698
haroun 42380
harms 42382
hakimi 42385
hunt 42385 43214 43257 43307 44334
healthempowering 42401
hue 42404 43156 44168
halden 42406
hempstead 42406
headphones 42408
hilfiger 42408
hobbies 42408 42525 44072 44079
hangout 42408
87005202 42421
heyman 42421
hartenstein 42421
hawa 42421 42893 43025 43612 43863 44320
handlerichardepattis 42426
hao 42426
hoang 42426 43974
hong 42426 42428 43045 43373 43614 44236
huy 42426 43735 44236
habits 42426 42753 43004 44198 44224
harmon 42428 44141
xian 42428
xrmi 42428
hojjat 42428
hettich 42428
h21 42428
80a 42428
80j 42428
harvey 42428 43770 43805 44199 44320
hui 42428 43601 43608 44234
haitao 42428
haito 42428
xiangen 42430
houman 42432 43383
homayoun 42432 43383
xikui 42436
xikuiw 42436
x2 42436 42784 43851
x1 42436 42784 43818 43851
honestly 42436 42677 43658
housewarming 42442 43540
859 42443 43518 43601 43918 44221
hefty 42447
handful 42447 42677 44019 44230
henrik 42447 42931 43333 44164 44194
hyperware 42447 43678 43946
hafen 42447
856kb 42449
8x8 42454 43341 43576
hanoch 42457
831 42457 43518
hochdorf 42457
874 42457 43518 43651 43918
heilmann 42457
871 42457 42779 43518 43612 43874
895 42457 43260 43453 43518 43656 43918
helmut 42457 43821
hypertree 42458 43661
hyper 42458 43576
89a 42458
heckerman 42458 42566 42928 43214
hagenberg 42458
horn 42458 44172
hoists 42459
hurdles 42468
harvard 42468 42953 43003 43169 43275 43512 44005 44049
homecoming 42483 44265
halftime 42483 42877 43452 43627
hectic 42483 42677
hey 42483
heroes 42483
healthy 42483 43880 44097 44225 44265
858kb 42487
huddles 42489
8553 42508
8257 42508
hemp 42512
hardwood 42512
headaches 42512
hearst 42512
hemporium 42512
hempbc 42512
herer 42512
honest 42512 43193 44141 44225 44375
hempworld 42512
hemporiumgopher 42512
hempworldgopher 42512
822kb 42513 43163
hashable 42520
harbour 42524
hernia 42525
halfway 42525 44239
hal9000 42525
horizon 42525 43601 43776 43821 43851
humbled 42526
hindlowicz 42533
hune 42533 43805
hostmonitor 42543
xiao 42544 43542 43821
xresolution 42552
historic 42552
xxxx0000 42552
hex 42553
hexagonal 42553 42646 43251 43541
hnefatafl 42553
huds 42558
humbly 42565
hearts 42565 43325 43946
humble 42565 43195
hath 42565
hashtable 42565 42619 43345 43708
ht 42565 43345
hmw95 42566
896 42566 43518
handing 42567 43195
huttelnocher 42585
huttenlocher 42585
x64 42590
hupa 42591
h23 42596
86–98 42611
halls 42619 43708
hosub 42624
heinschein 42626
hirschthal 42626
hackney 42626 43592 43612
halcyon 42626
hartford 42626
810 42626 43518
hobart 42626
hausen 42626
heather 42626 43307 43601 43805 43918
855 42626 43518 43601 43615
haufel 42626
headings 42627 42809 43066 44079
hyperbole 42627 42756 42809
hotlist 42627 42809 43512
horstmann 42639
headset 42639
handout 42639 42881 43136 43423 43864
hardcopy 42639
harsher 42639 43739
hamantaschen 42646
hazed 42652
898kb 42652 43633
80–89 42655
halfspace 42655 43373
henzinger 42655 43821
hennigan 42660
823kb 42661
806 42668 42893 43236 43518
hochwalder 42668
826kb 42673 43028
hindsight 42677 43771 44117
harsh 42677
harding 42691 43003 43453 43790
heaps 42692 42904 43601
882kb 42695
haniwa 42697
horseback 42699
869kb 42716
hla 42726
hypertexts 42726
x12 42726
heterogenous 42726
hypotheses 42726 43169 43601
hurley 42726
homotopy 42734 44186
hundred 42745 42912 43035 43154 43214 43275 43501 43601 44147
headquartered 42745
hitec 42753 44369
heartfelt 42753
hamed 42753
healthier 42753
hallways 42756
hrad 42758 42985 43172 43299
87–98 42759
805–824 42759
hasmoreelements 42762
hood 42770 43385 44207
xp 42770 43385 43755 43779
hotspot 42770
hunny 42771
hironori 42773 43647 44353
hoyland 42779
867 42779 43518
henriette 42779 43025 43770
hertfordshire 42779
heller 42779 43918 44320
884 42779 43518
873 42779 43518 44320
holon 42779
hampstead 42779 43612 43918
honem 42779
hauswirth 42779
889 42779 43518
hendler 42779
x3 42784 43851
xn 42784 43818
859kb 42788
hostmaster 42792
hubs 42810 44141 44265
hotels 42822 43279 43291
holbrook 42823 43460
hemorrhagic 42823
hooks 42828 44076 44239
hastings 42832
haveaccessto 42832
hundread 42835
homescu 42836
hack 42840 43000 43496
hotmail 42847
hereld2017 42849
hereld 42849 43538
h's 42850
hz 42850
hmwk 42864
henryetta 42893 42975 43355
houston 42893 42919 43805
hennepin 42893
helaine 42893
hewca 42893
haubenstock 42893 43260
hunter 42893 43214 43257
haifa 42893 43608
hayley 42893 43805
hirschhorn 42893
hypermail 42900
878kb 42907
x11 42911
heartbreaker 42915 44165
heat 42919 43195
hovel 42928
hadi 42928
hugin 42928
hinder 42931
888kb 42939
x=matrix 42943
82mm 42952 43931 44069
hrinkwrap 42953
hoofnagle 42953
hippie 42954
hiro 42960
x=1 42965 43668
x=3 42965 43668
x=4 42965 43668 44059
x=7 42965
x=0 42965 43668 44059
x=5 42965 43668
x=2 42965 43289 43668 43818
xeon 42973
hersztein 42975
809 42975 43518 43805 43918
xadl 42976 43407
8b2o4b2o3 42990
hyatt 42992 43279
humanities 43000 44076 44177
humanity 43000
household 43000
honorees 43000
xinru 43002
hbs 43003
hymes 43025
hugel 43025
harrison 43025 43112 43805
8816 43025
hilda 43025 43770 43805
824 43025 43518
haringey 43025
hitindra 43025
hirsz+hendel 43025
hallo 43025
8041 43025
haag 43025
hoboken 43025
856 43025 43518 43601 43612 44221
herszla+perla 43025
8693 43025
8723 43025
8213 43025
hersh+bessie 43025
harriett 43025
helly 43027
hexagon 43027 43541
hubert 43045 43373 43608 43821
hyperplanes 43045 43373 43851
haskell 43053
hawk 43053 43805
hazards 43061 44194
hazard 43061
xscale 43061
hudson 43061 43704
hired 43067 43771 43990 44117 44298
hulu 43067
8b2o4b4o3b4ob5o2b4o3b4o4b2o 43103
8b2o4b4o3b4o 43103
8b2o4b4o3b4ob5o14b4o3b4o4b2o 43103
xeroxed 43110
herrsching 43112
hildenbrand 43112 43696
xx 43125
haswell 43134
han 43135 43601 43705 43983
xkcd 43135
hoping 43136 43692 44298
horizontally 43136 44109 44343
huang 43138 43169 43542 43601 43608 44212
h22 43149
hg 43149
hmac 43149
818kb 43154
herskovech 43157
housewife 43157
historians 43161 43275
haselhorst 43169
hallman 43169
hendriks 43169
henreiquez 43169
henriquez 43169
hamann 43169
hajjar 43169
herren 43169
heraldry 43172
81+ 43177
hij 43177
hymie 43179
hymowitz 43193
headline 43193 43515
hottest 43193 44265
homily 43195
hertzfeld 43195
humility 43195
halves 43195 44145
headlines 43195
hospitals 43195 43275 44343
881 43208 43518 43601
887 43208 43518 44327
hipp 43214
holsclaw 43214
haffke 43214
henke 43214
hyperparameters 43214
hallgren 43214
hollerer 43214
holloway 43214
hagedorn 43214
hatfield 43214
hurricanes 43214 44091
hemisphere 43214
hmms 43214 43601
hitachi 43220 43974
hanratty 43225 43974
hoslclaw 43230
hampton 43236
hexagons 43251 43541
herrick 43257
humour 43257
hani 43260 43601
819 43260 43518
825 43260 43518
handers 43275
herculean 43275
henceforth 43275
historiography 43275
haul 43275
historiographical 43275
hiatus 43275
hacking 43275
heterogeneously 43275 44234
hiv 43275
hospital 43275 43285 44265
humorous 43275
hickory 43275
hive 43275
hospital's 43275
heralded 43275
holt 43275
hawthorne 43275
hillsdale 43275
heedful 43275
harmony 43275
hudgings 43275
hilton 43279
830 43279 43518
hindzia 43297
hopscotch 43302
hertzog 43307
8855 43307
hensley 43307
hagerman 43307
hassett 43307
hollister 43307
hanak 43307
hables 43307
hungry 43310
81e83d0086f16ff67e909f9b62ebdd0cd8c5f5 43313
hüseynov 43315
hutchings 43336 43821
hung 43341 43601
hoey 43341 43608
hoodoos 43350
holdfasts 43352 44348
hots 43354 44267
hertzka 43355
hedvig 43355
hofmannsthal 43355
harer 43355
hamid 43363 43608 44236
h=10 43367
histogrm 43367
8k 43371
halfspaces 43373
hug 43378
hajkazemi 43383
hmc+ddrx 43383
hides 43385 44054
hild 43391 43601
hotmobile 43405
hazel 43407
hasuncio 43407
handheld 43407 44002
xianghua 43407
866kb 43418
hammerhead 43426
horses 43437
849kb 43441
870 43453 43518 43612
878 43453 43518
hardy 43453
835300 43453
885632 43456
897097 43456
829125 43456
homeresearchpublicationteachingactivitiescodesbabak 43460
holan 43460
hobel 43460
hippocampus 43460
histological 43460
hep 43469
hancock 43488 43601
htcpcp 43491
hyperloop 43496
875638 43497
870741 43497
877685 43497
889970 43497
891436 43497
884652 43497
885711 43497
877967 43497
xit 43503
857kb 43507
holcombs 43508 44142
hotlists 43512
hinton 43512
harper 43512
hsrm 43515 44155
852 43518 43601
846 43518
835 43518 43821 43918
865 43518 43601 43863
858 43518 43601
822 43518 44147 44364
897 43518
844 43518 43770
807 43518 43601 43805 43918
815 43518 43612 43863
893 43518 43918
886 43518 44320
845 43518 43805 44221
829 43518
804 43518 43918
812 43518 43612 43770 44364
814 43518 43918 44220
818 43518 43918
821 43518 43601
826 43518
834 43518 43601
836 43518
837 43518
843 43518
850 43518 43612
851 43518 43601
854 43518
857 43518
861 43518 43821 44320 44364
862 43518 43601
866 43518 44353
869 43518
872 43518
876 43518 44364
877 43518 43601 43612 44320
880 43518
882 43518 43601
883 43518
885 43518 43601
890 43518
892 43518 43601 43615
894 43518
898 43518
850kb 43523
xv6 43536
hw1 43536 44037
hw2 43536 44037
hw3 43536 44037
hw4 43536 44037
hw5 43536 44037
homrworks 43536
hereld2 43538
heesch 43541
hei 43542
hoshino 43542
hongde 43542
hang 43542 43617 44236
837kb 43546
herszkowicz 43547
herszkowiczowna 43547
herszkowicza 43547
herskowicze 43547
herskowiczowcy 43547
herszkowiczow 43547
heszkowicz 43547
herskowicz 43547
herszkowiczach 43547
hagneus 43561
hew 43576
heierman 43576
harley 43576
hilltop 43576 44219
haratiel 43592
haubenstok 43592
xstd 43597
xstar 43597
hndp 43601
hassin 43601
87b 43601
hops 43601
hungarian 43601
hilbrand 43601
hartvigsen 43601
horst 43601
hamacher 43601
haff 43601
81h 43601
85i 43601
89j 43601
xue 43601 43821
hmm 43601
halfwave 43601
hypothesization 43601
hingorani 43601
88h 43601
highways 43601
hiroshi 43601 43647
86m 43601
83907 43601 43821
heapsort 43601 44300
8256 43601
x\sb 43601
hua 43601
hadjiconstantinou 43601
80f 43601
85b 43601
x\ne 43601
89b 43601
hansen 43601
hariharan 43601
hatzivassiloglou 43601
henig 43601
87e 43601
hengeller 43601
hero 43601
higginson 43601
hogan 43601
hisamitsu 43601
hjorring 43601
haynes 43601
holter 43601
hogskolen 43601
horne 43601
xiaoqiu 43601
hura 43601
hiroaka 43601
81a 43601
83f 43601
86g 43601
x+y 43601
80b 43601
x+x 43601
88k 43601
hisashi 43601
83g 43601
83m 43601
84i 43601
82k 43601
halang 43601
hk 43601
85j 43601
hiragana 43601
hafid 43601
87j 43601
homology 43601
xy 43601 43990
hongo 43601
80g 43601
highway 43601 43645 43984 44079
hirabayashi 43601
huiming 43601
89f 43601
84e 43601
84g 43601
87c 43601
hector 43608
hanks 43608
hassabis 43608
hanjun 43608
houthoofty 43608
haarnoja 43608
halpern 43612
hindla 43612
herfordshire 43612
haslach 43612
hilfstein 43612
hailfinder 43614
hupert 43615
hapkido 43617
hiel 43622 43805
helicopters 43639
htmt 43647
hideki 43647
hiroaki 43647
hg1800 43655
8233 43656
hoffenberg 43656
8095 43656
homemade 43658
hadn 43658
harpe 43667
x=6 43668
83–92 43671
hurting 43692
hundredth 43692
hurt 43702 43935 44375
hoursmonday 43732
haoming 43735
hassled 43739
heaven 43739 44147
homesickness 43739
hurts 43739
hendy 43740 44082
hoover 43740
headed 43757
xvalue 43768
xmaximum 43768
xminimum 43768
hermione 43770
hillsborough 43770
herschthal 43770
heitche 43770
hella 43770
henek 43770
hanka 43770
hania 43770
humaira 43772
hopeless 43772 43776 44375
hallmarks 43776
harming 43786 43834
∈ 43797
∈v 43797
hulls 43798 44027
8503 43805
hallandale 43805
hotzenplotz 43805
hananie 43805
8143 43805
hyde 43805 43821
hoffstein 43805
hortinu 43805
henkins 43805
hernandez 43805
89023 43805
hilde 43805
hornung 43805
xmen 43809
hib 43809
herrenalb 43812
x×y 43818
xry 43818
∈r 43818
x1× 43818
x∈e 43818
xrx 43818
x≠y 43818
x=y 43818
xrz 43818
x≤y 43818
x||y 43818
∈x×z 43818
∈r∧ 43818
xsy 43818
x= 43818
heels 43818
hochbaum 43821 44320 44364
hari 43821
h\sb 43821
halving 43821 43972
hartmann 43821
henrique 43821
87501 43821
hemachandra 43821
hn 43821
h\cap 43821
xianping 43821
homolog 43826
hanahaus 43836
hasso 43836
xora 43836
x^2 43851
x1^2 43851
x2^2 43851
x3^2 43851
x4^2 43851
x4 43851
xi^2+yi^2 43851
xba 43851
xca 43851
xda 43851
xcrosscd 43851
xcrossdb 43851
xcrossbc 43851
xcirca 43851
herr 43851
x130 43851
hackerspaces 43854 44135
htdp 43861
hochschuler 43863
hadessa 43863
hudessa 43863
headlight 43889
houdini 43894
hypothesized 43901
hugs 43906
horrifically 43910
8150 43911
haphazard 43915
hone 43915
horribly 43915
historyrequest 43917
historyresponse 43917
historyelementrequest 43917
historyelementresponse 43917
historyrecord 43917
hanke 43918
hoczner 43918
893kb 43931
hardcover 43944 44225
httpd 43946
hither 43946
ha 43957
hireright 43974
hsieh 43974
hansberger 43974
holmes 43974
hopwood 43974
hurd 43974
heideman 43974
horner 43974
hugh 43974
halim 43974
hankamolkit 43974
heffron 43974
henn 43974
humphrey 43974
highlife 43993
8bo3bo 43996
8bobbo 43996
8b3o9 43996
handsfree 44002
891kb 44006
833kb 44015
hw6 44037
hw7 44037
hw8 44037
hw9 44037
827kb 44060 44098
hosp 44082
heschel 44082
heshel 44082
heshvan 44082
hochhausen 44082
hendi 44082
holles 44082
hadassah 44082
hindi 44082
hashemite 44097
homeland 44097
hamas 44097
hasmoneans 44097
holy 44097
hammered 44097
himalayas 44114
hormonal 44114
helvetica 44115
hwfinal 44120
xit\tctrl+x 44122
xinyi 44133
h198 44136
h197 44136
h198s 44136
h199 44136
880kb 44138
hift 44141
hange 44141
handoffs 44147
hourglass 44147
839kb 44152
xetex 44155
xelatex 44155
haake 44164
hicks 44164
hallam 44164
hypertext'96 44164
header10 44194
8601 44194
herein 44194
hadrian 44194
xmlns= 44194
harvested 44194
href+ 44194
harald 44194
henning 44194
himelstein 44194
886kb 44195
hongxia 44199
heyyyjaydisqualified 44203
hajm 44220
holley 44221
henry+barbette 44221
henry+margaret 44221
henrich 44221
horvath 44221
hasselbeck 44225
xxxxxx 44225
honda's 44225
helicopter 44225
hitchbot 44225
hammamet 44234
hondori 44234
hackathons 44234
hammouda 44234
hissam 44234
hissan 44234
hershey 44234
humanistic 44234
hovland 44236
hien 44236
hazeline 44236
hassan 44236
huyentran 44236
x=k 44244
hamano 44264
hardcodes 44264
handicapped 44266
hypothesisesis 44268
hazy 44270
854kb 44270
xbox 44281
hessam 44298
hashtables 44300
hwk 44300
hyperwidth 44312
honeysuckle 44314
hawe 44320
hausman 44320
halterman 44320
8781 44320
8469 44320
8701 44320
harter 44320
hilary 44320
huebshman 44320
herschel+breindel 44320
heszl+breindel 44320
heublum 44320
har'el 44334
haodong 44334
xiaozhu 44334
huddar 44334
xianzheng 44334
hutchinson 44334
hsection 44342
865kb 44345
hapuna 44353
hajime 44353
hiroshima 44353
heinous 44358
hubler 44364
