null 5552 5576 5583 5614 5661 5784 5792 5816 5874 5981 6032 6210 6399 6444 6485 6529 6534 6547 6595 6632 6753 6924 6937 6970 6999 7004 7019 7027 7038 7073 7113 7135 7193 7207 7272 7276 7281 7313 7318 7364 7390 7483 7493 7499 7594 7613 7650 7730 7748 7790 7835 7910 7933 7978 7986 7991 7996 8001 8009 8010 8028 8035 8078 8080 8081 8083 8089 8097 8100 8102 8108 8113 8129 8134 8143 8152 8156 8166 8173 8175 8189 8192 8207 8208 8214 8215 8226 8251 8271 8274 8275 8291 8292 8293 8299 8300 8307
norelerr 5552 6534 6970 7038 7135 7790
> 5552 5559 5560 5562 5564 5567 5570 5576 5580 5584 5587 5599 5604 5611 5612 5614 5623 5639 5646 5649 5650 5658 5661 5666 5668 5674 5675 5679 5690 5696 5704 5713 5721 5736 5775 5779 5782 5789 5792 5796 5816 5819 5823 5826 5827 5829 5837 5850 5851 5857 5860 5868 5873 5874 5878 5880 5881 5884 5896 5907 5919 5929 5940 5949 5969 5972 5973 5981 6004 6021 6025 6032 6036 6051 6056 6066 6067 6070 6073 6083 6092 6094 6120 6126 6129 6153 6154 6165 6184 6190 6193 6210 6213 6225 6227 6229 6236 6243 6248 6253 6262 6276 6278 6282 6292 6296 6297 6301 6306 6308 6323 6325 6326 6332 6334 6343 6345 6346 6351 6355 6367 6375 6376 6383 6399 6415 6417 6421 6423 6424 6444 6469 6489 6490 6491 6500 6503 6523 6529 6531 6534 6535 6539 6542 6546 6547 6553 6554 6559 6566 6572 6573 6577 6586 6587 6591 6592 6593 6595 6597 6598 6605 6616 6632 6635 6639 6641 6643 6647 6649 6650 6651 6655 6657 6658 6679 6683 6715 6718 6720 6721 6726 6727 6730 6731 6742 6753 6756 6764 6765 6787 6795 6799 6808 6812 6820 6831 6855 6858 6860 6868 6875 6881 6887 6903 6910 6918 6922 6923 6924 6930 6935 6937 6940 6950 6955 6958 6962 6970 6974 6994 6999 7000 7008 7013 7015 7019 7022 7027 7038 7048 7054 7055 7058 7065 7066 7073 7081 7092 7101 7105 7107 7110 7112 7113 7133 7135 7168 7169 7170 7198 7204 7207 7210 7215 7220 7222 7228 7241 7252 7262 7267 7272 7276 7277 7281 7282 7286 7293 7294 7296 7299 7313 7318 7321 7331 7333 7341 7346 7348 7349 7364 7384 7390 7393 7395 7398 7400 7402 7411 7414 7420 7429 7431 7432 7445 7448 7452 7461 7464 7468 7469 7483 7485 7486 7493 7499 7506 7519 7522 7526 7545 7552 7556 7560 7561 7577 7583 7585 7588 7592 7606 7612 7613 7616 7617 7620 7625 7637 7648 7650 7662 7676 7683 7690 7692 7710 7711 7713 7714 7728 7736 7741 7742 7748 7749 7750 7753 7765 7776 7785 7790 7793 7796 7809 7823 7828 7829 7833 7835 7844 7850 7852 7854 7892 7896 7909 7912 7917 7920 7925 7927 7931 7932 7936 7952 7957 7958 7971 7973 7974 7978 7979 7991 7996 7998 8001 8002 8004 8006 8007 8009 8010 8011 8013 8017 8025 8034 8040 8041 8043 8045 8053 8056 8060 8062 8064 8066 8083 8087 8089 8092 8099 8109 8113 8115 8118 8120 8125 8129 8134 8152 8153 8156 8165 8166 8168 8169 8173 8175 8182 8183 8189 8190 8192 8195 8198 8199 8200 8204 8208 8214 8215 8217 8219 8221 8226 8232 8234 8236 8239 8244 8250 8251 8252 8253 8266 8270 8274 8275 8286 8290 8291 8293 8300 8301
norelerr++ 5552 6534 6970 7038 7135 7790
namespace 5559 5564 5570 5580 5590 5599 5646 5650 5658 5675 5690 5779 5782 5784 5789 5793 5816 5860 5874 5876 5880 5884 5907 5919 5923 5927 5929 5940 5960 5969 5975 6004 6032 6036 6072 6083 6094 6120 6129 6230 6241 6253 6278 6292 6300 6306 6308 6323 6326 6332 6343 6346 6367 6375 6376 6383 6423 6424 6444 6447 6469 6485 6489 6490 6491 6531 6547 6548 6592 6610 6624 6631 6635 6643 6647 6650 6658 6679 6715 6743 6756 6764 6795 6799 6808 6820 6831 6875 6878 6887 6903 6910 6922 6930 6935 6940 6950 6974 6994 7004 7013 7019 7057 7062 7107 7112 7113 7126 7128 7133 7168 7193 7198 7210 7220 7232 7240 7245 7252 7262 7267 7277 7313 7319 7360 7375 7384 7395 7398 7400 7402 7415 7432 7445 7448 7472 7493 7506 7509 7560 7561 7577 7578 7606 7616 7620 7625 7648 7658 7683 7684 7692 7714 7718 7727 7730 7741 7776 7780 7793 7796 7823 7828 7829 7831 7833 7836 7844 7854 7893 7971 8034 8219 8270 8301
numberoflists 5559 6036 6592
~~~~~~~~~~~~~~ 5559 6036 6592
newdata 5559 6036 6592 6950 7398 7692 7854
nodes 5559 5612 5652 5851 5928 6036 6325 6566 6572 6592 6639 6730 7728 8192
new 5559 5562 5564 5570 5576 5580 5583 5584 5587 5599 5611 5646 5649 5650 5658 5661 5666 5675 5690 5721 5736 5782 5784 5789 5792 5796 5816 5823 5826 5837 5850 5873 5880 5881 5884 5940 5949 5960 5969 5973 5981 6004 6036 6056 6066 6068 6073 6092 6120 6153 6210 6212 6213 6229 6248 6278 6292 6301 6306 6326 6343 6367 6375 6383 6399 6415 6424 6447 6474 6485 6490 6491 6500 6531 6542 6565 6573 6586 6591 6592 6595 6632 6635 6643 6647 6649 6650 6655 6679 6715 6727 6731 6753 6756 6808 6831 6860 6875 6887 6903 6910 6924 6940 6950 6999 7004 7009 7027 7113 7128 7168 7193 7198 7204 7207 7220 7228 7252 7262 7267 7277 7281 7286 7296 7299 7318 7331 7333 7346 7348 7384 7393 7395 7398 7402 7420 7429 7431 7432 7448 7464 7468 7472 7483 7485 7486 7493 7499 7552 7556 7560 7561 7594 7606 7613 7617 7620 7637 7652 7692 7710 7711 7730 7741 7742 7765 7793 7829 7836 7844 7852 7854 7873 7892 7909 7910 7912 7918 7933 7934 7939 7941 7942 7944 7945 7960 7961 7969 7971 7976 7978 7979 7983 7985 7986 7987 7988 7991 7996 7998 8000 8001 8002 8004 8006 8007 8009 8010 8011 8021 8022 8028 8030 8032 8034 8035 8036 8037 8039 8047 8052 8053 8056 8061 8062 8064 8066 8067 8068 8072 8076 8078 8080 8081 8083 8088 8089 8090 8092 8095 8101 8102 8105 8107 8108 8109 8110 8111 8113 8118 8120 8122 8123 8127 8129 8130 8132 8134 8135 8136 8137 8138 8139 8141 8143 8145 8146 8149 8152 8153 8156 8164 8165 8166 8168 8169 8170 8171 8173 8175 8176 8178 8182 8183 8187 8188 8189 8190 8192 8195 8198 8199 8202 8204 8206 8207 8208 8209 8212 8213 8214 8215 8217 8219 8221 8222 8226 8227 8228 8229 8230 8232 8234 8236 8237 8238 8239 8241 8244 8246 8248 8250 8251 8252 8253 8257 8258 8260 8266 8269 8270 8274 8275 8277 8278 8282 8283 8286 8290 8291 8293 8294 8297 8300 8301 8304 8305 8307 8316 8320
~0 5559 5880 6036 6592 6643 6903
numberofinvertedlist 5559 6036 6592
no 5559 5580 5652 5690 5782 5796 5816 5874 5928 6032 6036 6066 6068 6120 6129 6172 6190 6212 6223 6332 6355 6399 6423 6444 6455 6474 6523 6525 6547 6592 6605 6708 6726 6858 7019 7065 7088 7113 7168 7220 7266 7313 7384 7452 7468 7493 7508 7561 7648 7828 7850 7873 7908 7911 7919 7927 7933 7942 7947 7951 7969 7975 7976 7977 7978 7982 7983 7985 7986 7987 7988 7991 7996 7998 8000 8001 8002 8005 8006 8009 8010 8011 8012 8014 8020 8021 8027 8028 8029 8030 8032 8035 8036 8037 8039 8041 8047 8049 8050 8052 8061 8064 8067 8068 8071 8072 8075 8076 8077 8078 8080 8081 8087 8088 8089 8092 8093 8094 8095 8097 8098 8101 8102 8105 8107 8108 8109 8110 8111 8113 8114 8115 8118 8120 8121 8122 8123 8124 8126 8127 8129 8130 8132 8134 8135 8136 8137 8138 8140 8141 8143 8145 8146 8149 8151 8152 8155 8156 8158 8159 8160 8164 8165 8166 8168 8170 8171 8172 8173 8175 8176 8178 8182 8183 8184 8186 8187 8188 8189 8190 8191 8192 8198 8201 8202 8203 8204 8206 8207 8208 8209 8210 8212 8213 8214 8221 8222 8225 8226 8227 8228 8230 8231 8232 8237 8238 8239 8246 8248 8250 8251 8252 8253 8257 8258 8262 8266 8269 8272 8274 8275 8276 8277 8278 8282 8283 8286 8287 8291 8293 8294 8297 8300 8304 8305 8307 8311 8316 8320
node 5559 5612 5674 5819 5851 5857 6036 6325 6415 6566 6572 6592 6639 6730 6940 6950 7008 7398 7617 7692 7728 7829 7854 8028 8081 8089 8134 8143 8156 8192 8207 8226 8275 8293
newarrays 5559 6036 6592
newweights 5559 6036 6592
need 5559 5612 5652 5674 5721 5736 5796 5819 5857 5868 5928 5981 6036 6066 6073 6153 6213 6223 6332 6423 6500 6542 6566 6591 6592 6650 6708 7008 7027 7464 7468 7499 7552 7728 7905 7909 7918 7934 7942 7944 7945 7969 7973 7975 7976 7977 7978 7979 7982 7983 7985 7986 7987 7988 7991 7996 8000 8001 8002 8006 8009 8010 8011 8012 8014 8020 8021 8022 8027 8028 8030 8032 8036 8037 8038 8039 8041 8043 8047 8050 8052 8053 8061 8062 8064 8066 8067 8068 8071 8072 8075 8077 8080 8081 8083 8087 8088 8092 8093 8095 8098 8101 8102 8105 8107 8108 8109 8110 8111 8112 8113 8114 8115 8118 8120 8122 8123 8124 8125 8126 8127 8128 8129 8130 8132 8133 8134 8135 8136 8137 8138 8140 8141 8143 8145 8146 8147 8149 8151 8152 8155 8158 8164 8165 8166 8168 8169 8170 8171 8172 8173 8175 8176 8178 8182 8183 8186 8187 8188 8189 8190 8191 8192 8196 8198 8199 8201 8204 8206 8207 8208 8209 8210 8212 8213 8214 8215 8217 8221 8222 8223 8225 8227 8230 8237 8238 8239 8246 8248 8251 8252 8253 8254 8257 8258 8260 8266 8269 8270 8274 8275 8276 8277 8278 8282 8283 8286 8287 8290 8291 8293 8294 8297 8298 8300 8304 8305 8307 8309 8311 8316 8320
not 5559 5560 5564 5604 5614 5623 5649 5650 5652 5666 5675 5704 5713 5721 5736 5792 5796 5816 5823 5826 5837 5851 5868 5873 5874 5881 5928 5949 6032 6036 6066 6068 6070 6073 6153 6213 6225 6236 6243 6276 6301 6325 6399 6444 6455 6469 6500 6503 6523 6529 6531 6542 6547 6572 6573 6591 6592 6632 6639 6655 6726 6730 6753 6756 6765 6787 6855 6937 6940 6950 7015 7019 7022 7048 7065 7073 7088 7113 7198 7204 7207 7266 7281 7282 7296 7299 7313 7318 7332 7333 7398 7400 7429 7461 7464 7468 7469 7486 7493 7508 7552 7556 7612 7613 7637 7692 7742 7753 7829 7835 7854 7873 7905 7909 7910 7911 7912 7915 7916 7917 7918 7919 7920 7922 7924 7925 7926 7927 7928 7929 7930 7931 7932 7933 7934 7937 7942 7959 7969 7973 7975 7976 7977 7978 7979 7983 7985 7986 7987 7988 7991 7996 7998 8000 8001 8002 8006 8007 8009 8010 8011 8012 8014 8017 8020 8021 8022 8027 8028 8030 8032 8035 8036 8037 8038 8039 8041 8047 8049 8050 8052 8053 8057 8061 8062 8064 8067 8068 8071 8072 8075 8076 8077 8078 8080 8081 8083 8087 8088 8089 8092 8095 8097 8098 8101 8102 8105 8107 8108 8109 8110 8111 8113 8114 8115 8118 8120 8122 8123 8126 8127 8129 8130 8132 8133 8134 8135 8136 8137 8138 8139 8141 8143 8145 8146 8149 8151 8152 8153 8155 8156 8158 8164 8165 8166 8167 8168 8169 8170 8171 8172 8173 8175 8176 8178 8182 8183 8186 8187 8188 8189 8190 8191 8192 8196 8198 8199 8201 8202 8204 8206 8207 8208 8209 8210 8212 8213 8214 8215 8217 8221 8222 8223 8225 8226 8227 8228 8230 8232 8236 8237 8238 8239 8240 8241 8244 8246 8248 8250 8251 8252 8253 8254 8257 8258 8260 8266 8269 8270 8274 8275 8276 8277 8278 8282 8283 8286 8287 8290 8291 8292 8293 8294 8297 8299 8300 8304 8305 8307 8309 8311 8316 8320
non 5564 5573 5590 5592 5603 5606 5650 5652 5672 5675 5683 5723 5730 5740 5773 5776 5783 5800 5822 5831 5840 5843 5876 5877 5895 5900 5913 5920 5921 5928 5933 5956 5971 5975 5992 6000 6053 6059 6064 6072 6082 6096 6107 6192 6200 6212 6230 6261 6275 6314 6337 6354 6369 6387 6390 6426 6451 6467 6470 6474 6487 6496 6499 6513 6531 6536 6567 6571 6581 6615 6619 6623 6625 6644 6645 6654 6677 6695 6704 6722 6743 6756 6785 6826 6839 6840 6850 6852 6878 6879 6882 6883 6899 6915 6943 6949 6959 6968 6972 6981 6990 6993 7010 7032 7057 7088 7097 7102 7122 7160 7187 7198 7202 7211 7232 7245 7251 7266 7287 7306 7320 7322 7323 7342 7369 7370 7436 7444 7508 7509 7542 7547 7551 7578 7597 7629 7693 7695 7704 7732 7767 7771 7775 7782 7784 7798 7799 7812 7830 7882
n1 5564 5599 5650 5675 5868 6070 6230 6278 6292 6375 6424 6531 6647 6756 6878 7198 7232 7245 7262 7341 7402 7448 7461 7509 7578 7612 7620
n2 5564 5599 5650 5675 5868 6070 6230 6278 6292 6375 6424 6531 6647 6756 6878 7198 7232 7245 7262 7341 7402 7448 7461 7509 7578 7612 7620
n't 5564 5570 5580 5599 5614 5646 5650 5652 5666 5675 5679 5690 5782 5789 5823 5826 5827 5837 5873 5874 5881 5928 5949 5969 6004 6032 6184 6190 6207 6210 6276 6292 6301 6331 6355 6375 6424 6444 6490 6529 6531 6547 6559 6565 6573 6587 6598 6605 6655 6679 6756 6812 6845 6858 6868 6887 6937 6958 7009 7019 7048 7073 7198 7277 7280 7296 7313 7333 7395 7402 7429 7432 7452 7637 7652 7690 7724 7741 7742 7749 7835 7840 7850 7886 7909 7910 7926 7933 7973 7975 7976 7977 7978 7983 7985 7986 7987 7988 7991 7996 8000 8001 8009 8010 8012 8014 8021 8025 8027 8028 8030 8032 8035 8036 8037 8038 8039 8040 8041 8043 8045 8047 8049 8050 8052 8053 8057 8061 8062 8063 8064 8066 8067 8068 8071 8072 8075 8076 8077 8078 8080 8081 8084 8087 8088 8089 8092 8095 8098 8101 8102 8105 8107 8108 8110 8111 8113 8114 8115 8122 8123 8126 8127 8129 8130 8132 8133 8134 8135 8136 8137 8138 8141 8143 8145 8146 8147 8149 8151 8152 8156 8164 8166 8169 8170 8171 8172 8173 8175 8176 8178 8182 8187 8188 8189 8190 8191 8192 8198 8199 8201 8204 8206 8207 8208 8209 8210 8212 8214 8215 8217 8221 8222 8223 8225 8226 8227 8228 8229 8230 8236 8237 8238 8246 8248 8251 8254 8257 8258 8269 8271 8274 8275 8276 8277 8278 8282 8283 8286 8287 8291 8293 8294 8297 8298 8300 8304 8305 8307 8311 8316 8320
nodata 5570 5880 6490 6643 6679 6903 7168 7277 7384 7432 7561 7741
nograms 5570 6490 7168 7384 7561 7741
newobjectid 5576 5661 6595 6924 7483
nogramsmin 5580 5646 5690 5782 5816 5969 6469 7113 7395 7400 7493
nlist 5580 5690 5782
newdist 5584 5973 7331 7346 7710 7852
nk 5584 5973 7331 7346 7710 7852
np 5584 5973 7331 7346 7710 7852
n 5599 5614 5639 5666 5668 5679 5793 5796 5816 5823 5827 5837 5850 5860 5873 5881 5907 5929 6066 6067 6068 6083 6165 6229 6248 6253 6276 6292 6323 6346 6367 6375 6376 6415 6424 6469 6489 6491 6529 6539 6553 6559 6658 6683 6727 6795 6808 6812 6820 6875 6930 6937 6962 6994 7013 7048 7054 7073 7081 7092 7112 7113 7126 7133 7169 7210 7222 7294 7296 7321 7341 7393 7400 7402 7420 7429 7445 7468 7493 7519 7592 7616 7617 7625 7637 7662 7683 7742 7749 7776 7835 7873 7893 7896 7933 7973 7991 7996 8010 8087 8092 8129 8133 8192 8198 8214 8221 8223 8254 8300
n11 5599 6292 6375 6424 7402
n22 5599 6292 6375 6424 7402
normalizeded 5599 6292 6375 6424 7054 7081 7321 7402 7662 7896
number 5599 5611 5612 5652 5721 5736 5795 5816 5850 5919 5928 6056 6153 6213 6223 6229 6248 6292 6375 6424 6474 6500 6542 6566 6591 6708 6727 7113 7266 7299 7393 7402 7420 7464 7486 7492 7493 7552 7556 7728 7908 7909 7912 7917 7933 7942 7969 7971 7973 7975 7978 7991 7996 8001 8009 8010 8012 8027 8034 8038 8062 8064 8071 8077 8083 8087 8092 8112 8113 8114 8129 8133 8138 8141 8145 8146 8152 8166 8169 8173 8175 8189 8190 8192 8198 8199 8201 8204 8208 8210 8214 8215 8217 8219 8221 8223 8251 8254 8258 8270 8274 8276 8291 8300 8301 8311
now 5599 5652 5874 5928 6032 6068 6073 6094 6223 6292 6332 6375 6423 6424 6444 6474 6547 6708 6764 7019 7107 7266 7313 7402 7577 7873 7909 7914 7918 7934 7941 7942 7960 7969 7971 7973 7978 7983 7991 7996 8000 8001 8004 8007 8009 8010 8020 8021 8028 8030 8032 8034 8036 8047 8053 8056 8062 8067 8068 8081 8084 8087 8089 8090 8093 8105 8113 8122 8123 8124 8127 8129 8132 8134 8138 8141 8143 8145 8146 8149 8153 8155 8156 8158 8169 8171 8173 8176 8178 8186 8195 8199 8207 8209 8212 8214 8217 8219 8226 8230 8234 8237 8257 8258 8270 8274 8275 8278 8282 8293 8294 8298 8300 8301 8304 8305 8316 8320
name= 5604 6225 6243 6765 7015 7022
nmake 5604 6225 6243 6765 7015 7022
ndebug 5604 6225 6243 6292 6424 6765 7015 7022 7402
name 5604 5652 5928 6068 6092 6172 6212 6223 6225 6243 6415 6474 6708 6765 7015 7022 7101 7168 7228 7266 7348 7384 7561 7617 7873 7905 7909 7925 7933 7936 7952 7953 7955 7957 7958 7973 7978 7979 7984 7985 7986 7987 7988 8001 8002 8006 8007 8009 8010 8011 8021 8028 8030 8034 8035 8037 8038 8053 8062 8064 8066 8067 8076 8078 8080 8081 8087 8089 8092 8097 8102 8105 8107 8108 8109 8110 8113 8118 8120 8127 8128 8129 8133 8134 8135 8136 8137 8143 8149 8152 8153 8156 8165 8166 8168 8169 8170 8171 8173 8175 8182 8183 8188 8189 8190 8192 8198 8199 8204 8207 8208 8213 8214 8217 8219 8221 8223 8226 8228 8238 8239 8251 8252 8253 8254 8260 8266 8269 8274 8275 8286 8290 8291 8293 8294 8297 8298 8300 8301 8307 8316
numbers 5611 5612 5833 6056 6466 6566 7299 7486 7556 7728 7777 7908 7933 7996 8010 8028 8081 8089 8129 8134 8143 8156 8207 8214 8224 8226 8252 8275 8293 8300
newstring 5614 6529 6937 7073 7835
newchar 5614 6529 6937 7073 7835
nm 5639 5668 6683 6962 7092
numinvlists 5649 7204
numeric 5652 5674 5819 5857 5928 6212 6474 7008 7266 7978 8001 8113 8173 8274
nick 5652 5674 5819 5857 5928 6068 6212 6223 6474 6708 7008 7266 7873
norway 5652 5928 6212 6223 6474 6708 7266
nsf 5652 5928 6172 6212 6223 6474 6525 6708 7101 7266 7905
nonprofit 5652 5928 7266
notice 5652 5928 6455 7088 7266 7508 7973 7976 7983 7985 7986 7987 7988 8000 8002 8006 8009 8011 8017 8021 8030 8032 8035 8036 8037 8038 8039 8047 8051 8052 8061 8063 8067 8068 8072 8076 8078 8080 8087 8088 8092 8095 8101 8102 8105 8107 8108 8109 8110 8111 8118 8120 8122 8123 8127 8130 8132 8133 8135 8136 8137 8138 8139 8141 8145 8146 8149 8152 8164 8165 8166 8168 8169 8170 8171 8175 8176 8178 8182 8183 8187 8188 8189 8198 8199 8206 8208 8209 8212 8213 8221 8222 8223 8227 8228 8230 8237 8238 8239 8246 8248 8251 8252 8253 8257 8258 8266 8269 8277 8278 8282 8283 8286 8291 8294 8297 8304 8305 8307 8316 8320
neither 5652 5928 7266
nor 5652 5928 7266 8083 8215
names 5652 5868 5928 6068 6070 6092 7228 7266 7348 7461 7612 7873 7973 7976 7978 7983 7985 7987 7988 8000 8001 8002 8021 8030 8032 8035 8036 8037 8039 8047 8052 8053 8061 8062 8067 8068 8072 8076 8078 8087 8088 8095 8101 8105 8107 8110 8111 8113 8120 8123 8127 8128 8130 8135 8136 8137 8138 8139 8141 8145 8146 8149 8164 8168 8169 8170 8171 8173 8176 8178 8182 8183 8187 8188 8199 8206 8209 8212 8213 8217 8222 8227 8228 8230 8237 8238 8246 8248 8254 8257 8258 8269 8274 8277 8278 8282 8283 8286 8294 8297 8304 8305 8316
noninfringement 5652 5928 7266
negligence 5652 5928 7266
next 5666 5713 5792 5796 5837 5868 5873 5881 6066 6068 6070 6073 6399 6503 6753 6855 6940 7004 7207 7281 7282 7429 7461 7468 7612 7613 7730 7829 7873 7909 7933 7939 7944 7945 7961 7973 7978 7979 7983 7996 8000 8001 8002 8009 8010 8021 8028 8030 8032 8036 8038 8047 8053 8062 8067 8068 8087 8092 8105 8113 8120 8122 8123 8127 8129 8132 8133 8138 8139 8141 8145 8146 8149 8152 8166 8168 8169 8171 8173 8175 8176 8178 8182 8183 8189 8192 8198 8199 8205 8207 8208 8209 8212 8213 8217 8221 8223 8230 8237 8251 8254 8257 8258 8274 8278 8282 8290 8291 8294 8304 8305 8316 8320
no\t 5666 5837 5873 5881 7429
note 5671 6120 6332 6383 6423 6523 6726 7004 7065 7220 7486 7556 7716 7730 7909 7912 7922 7925 7933 7973 7975 7977 7978 7979 7983 7986 7991 7996 7998 8000 8001 8006 8009 8010 8011 8012 8014 8020 8021 8027 8028 8030 8032 8035 8036 8041 8047 8049 8050 8053 8062 8066 8067 8068 8071 8075 8076 8077 8078 8080 8081 8082 8084 8087 8089 8092 8093 8097 8098 8102 8105 8108 8109 8113 8114 8115 8118 8123 8124 8126 8127 8129 8132 8133 8134 8138 8139 8141 8143 8145 8146 8147 8148 8149 8151 8152 8155 8156 8158 8165 8166 8171 8172 8173 8176 8178 8182 8186 8191 8192 8196 8198 8201 8207 8209 8210 8212 8213 8214 8221 8223 8225 8226 8228 8230 8232 8237 8239 8244 8250 8252 8253 8254 8257 8258 8260 8266 8270 8274 8275 8276 8278 8282 8287 8290 8291 8293 8294 8298 8300 8304 8305 8307 8311 8316 8320
nfa 5674 5819 5857 7008
numdelta 5674 5819 5857 7008
numquery 5674 5819 5857 7008
namedataset 5679 5827 6278 6559 6647 6812 7262 7448 7620 7749
~ 5691 5731 5869 5921 6034 6058 6110 6147 6173 6221 6293 6451 6519 6660 6723 6848 6895 6911 6953 6990 7017 7077 7172 7274 7302 7308 7316 7328 7336 7376 7440 7442 7466 7496 7544 7550 7581 7756 7812 7825 7871
needs 5713 5868 6068 6070 6073 6332 6423 6503 6855 7101 7282 7461 7612 7873 7905 7909 7933 7937 7942 7953 7955 7959 7969 7971 7973 7978 8001 8004 8006 8009 8028 8034 8038 8039 8052 8053 8056 8061 8062 8064 8081 8083 8084 8087 8089 8092 8095 8113 8134 8143 8152 8156 8165 8166 8169 8173 8175 8189 8190 8198 8199 8204 8207 8208 8215 8217 8219 8221 8222 8226 8251 8252 8266 8270 8274 8275 8291 8293 8298 8301 8307
normalized 5721 6591
necessary 5736 6153 6213 6332 6423 6500 6542 6650 7464 7909 7933 7991 7996 8000 8006 8010 8011 8021 8028 8030 8047 8066 8067 8081 8089 8105 8109 8118 8122 8127 8129 8132 8134 8138 8141 8143 8145 8146 8147 8149 8156 8165 8171 8178 8192 8207 8209 8213 8226 8239 8252 8253 8258 8259 8266 8275 8278 8282 8293 8294 8304 8316 8320
nesselhauf 5766 5865 6267 6319 6501 6856 6921 7186 7247 7423 7455 7841
nospace 5784 6485 7004 7193 7730
~buffermanagerrm 5792 6753 7613
numdictslots 5792 6753 7613
numfreespaceslots 5792 6753 7613
nextblockoffset 5792 6753 7613
~stringrm 5792 6753 7613
normeditdistance 5795 7492
numberlists 5796 6066 7468
numgrams 5816 6469 7113 7400 7493
numberholes 5816 6282 6308 6935 7113 7493
numberholes++ 5816 7113 7493
nogramsquery 5816 6469 7113 7400 7493
nogramsdata 5816 6469 7113 7400 7493
nogramscommon 5816 6469 7113 7400 7493
nogramquery 5816 6469 7113 7400 7493
~0123456789abcdefghijklmnopqrstuvwxyz 5823 7048 7296 7637 7742
nancy 5833 6068 6466 7777 7873
nicole 5833 6466 7777
norma 5833 6466 7777
natalie 5833 6068 6466 7777 7873
nellie 5833 6466 7777
nora 5833 6466 7777
nina 5833 6466 7777
naomi 5833 6466 7777
natasha 5833 6466 7777
nichole 5833 6466 7777
nadine 5833 6466 7777
nettie 5833 6466 7777
nikki 5833 6068 6466 7777 7873
nell 5833 6068 6466 7777 7873
nola 5833 6466 7777
nelda 5833 6466 7777
neva 5833 6466 7777
nannie 5833 6466 7777
noreen 5833 6466 7777
noemi 5833 6466 7777
nita 5833 6466 7777
nanette 5833 6466 7777
nadia 5833 6466 7777
nona 5833 6466 7777
natalia 5833 6466 7777
noelle 5833 6466 7777
nelly 5833 6466 7777
nan 5833 6466 7777
nilda 5833 6466 7777
noel 5833 6466 7777
nakia 5833 6466 7777
nikita 5833 6466 7777
nicki 5833 6466 7777
nereida 5833 6466 7777
nathalie 5833 6466 7777
nedra 5833 6466 7777
niki 5833 6466 7777
natividad 5833 6466 7777
nicola 5833 6466 7777
nanci 5833 6466 7777
novella 5833 6466 7777
nila 5833 6466 7777
nova 5833 6466 7777
nena 5833 6466 7777
nannette 5833 6466 7777
nydia 5833 6466 7777
nidia 5833 6466 7777
norene 5833 6466 7777
nelle 5833 6466 7777
noelia 5833 6466 7777
nicolette 5833 6466 7777
nada 5833 6466 7777
norine 5833 6466 7777
nella 5833 6466 7777
nilsa 5833 6466 7777
ninfa 5833 6466 7777
nelida 5833 6466 7777
nichelle 5833 6466 7777
nicolasa 5833 6466 7777
nichol 5833 6466 7777
nia 5833 6466 7777
nakisha 5833 6466 7777
nikole 5833 6466 7777
neoma 5833 6466 7777
noella 5833 6466 7777
nickie 5833 6466 7777
nicolle 5833 6466 7777
nga 5833 6466 7777
ngoc 5833 6466 7777
nelia 5833 6466 7777
neta 5833 6466 7777
norman 5833 6466 7777
nikia 5833 6466 7777
naoma 5833 6466 7777
nicky 5833 6466 7777
nieves 5833 6466 7777
natosha 5833 6466 7777
nakita 5833 6466 7777
nickole 5833 6466 7777
nana 5833 6068 6466 7777 7873
nicol 5833 6466 7777
nancie 5833 6466 7777
nyla 5833 6466 7777
nerissa 5833 6466 7777
narcisa 5833 6466 7777
norah 5833 6466 7777
noma 5833 6466 7777
noriko 5833 6466 7777
natashia 5833 6466 7777
neda 5833 6466 7777
na 5833 6466 7777
nohemi 5833 6466 7777
nery 5833 6466 7777
nenita 5833 6466 7777
natisha 5833 6466 7777
nisha 5833 6466 7777
niesha 5833 6466 7777
nida 5833 6466 7777
nevada 5833 6466 7777
nam 5833 6466 7777
nadene 5833 6466 7777
natacha 5833 6466 7777
nancey 5833 6466 7777
nu 5833 6466 7777
ngan 5833 6466 7777
nakesha 5833 6466 7777
nobuko 5833 6466 7777
nguyet 5833 6466 7777
neomi 5833 6466 7777
nubia 5833 6466 7777
natalya 5833 6466 7777
nancee 5833 6466 7777
nicholle 5833 6466 7777
necole 5833 6466 7777
naida 5833 6466 7777
neida 5833 6466 7777
neely 5833 6466 7777
newpivot 5850 6229 6248 6727 7393 7420
n1=2 5868 6070 7461 7612
n2=8 5868 6070 7461 7612
n1=3 5868 6070 7461 7612
n2=7 5868 6070 7461 7612
nochanges 5874 6032 6444 6547 7019 7313
nr 5874 6032 6444 6547 7019 7313
nodup 5874 6032 6444 6547 7019 7313
nodatastart 5880 6643 6679 6903 7277 7432
nodatastop 5880 6643 6679 6903 7277 7432
nodatastep 5880 6643 6679 6903 7277 7432
nogroupkwd 5880 6643 6903
nogrouped 5880 6643 6903
noque 5880 6643 6679 6903 7277 7432
noans 5880 6643 6679 6903 7277 7432
n==0 5907 5929 6658 6795 6820 6930
numchars 5981 7027 7499
numcandichars 5981 7027 7499
numberpanics 6067 7592
northeaton 6068 7873
northwest 6068 7873
nautical 6068 7873
nazarene 6068 7873
national 6068 7873 7914 7942 7953 7955 7969 7975 7977 8012 8014 8027 8041 8050 8071 8075 8077 8098 8114 8115 8126 8172 8196 8201 8202 8210 8225 8276 8287 8311
native 6068 7873 8064
north 6068 7873
nathan 6068 7873
norquest 6068 7873
news 6068 6223 6708 7101 7873 7936 7937 7938 7939 7940 7941 7942 7944 7945 7946 7947 7949 7951 7952 7953 7954 7955 7957 7958 7959 7960 7961 7962 7964 7965 7966 7967 7969
northern 6068 7873
noble 6068 7873
nicks 6068 7873
nails 6068 7873
night 6068 7873 7996 8009 8038 8152 8166 8175 8189 8208 8251 8291
newspapers 6068 7873
neon 6068 7873
northland 6068 7873
net 6068 7873
neck 6068 7873
nail 6068 7873
niner 6068 7873
novakovichs 6068 7873
nordic 6068 7873
natura 6068 7873
naturl 6068 7873
naf 6068 7873
naturalists 6068 7873
neil 6068 7873
nine 6068 7873
naval 6068 7873
natural 6068 7873 7937 7940 7942 7959 7964 7969
nurse 6068 7873
natal 6068 7873
navigators 6068 7873
normandy 6068 7873
nezlan 6068 7873
nash 6068 7873
norcon 6068 7873
newall 6068 7873
nets 6068 7873
northstate 6068 7873
norton 6068 7873
nass 6068 7873
network 6068 7873 7936 7942 7957 7969 8002 8053 8062 8120 8168 8169 8182 8183 8199 8217
nutrition 6068 7873 7940 7964
nose 6068 7873
nima 6068 7873
nunivak 6068 7873
nuniwarmiut 6068 7873
natives 6068 7873
nuvuk 6068 7873
ncp 6068 7873
nursery 6068 7873
nugget 6068 7873
nethercot 6068 7873
nw 6068 7168 7384 7561 7873
nordine 6068 7873
northwind 6068 7873
northstar 6068 7873
nenana 6068 7873
newcomb 6068 7873
norcoast 6068 7873
nowka 6068 7873
none 6068 7873 7991 7996 8007 8010 8129 8153
nikkinne 6068 7873
ness 6068 7873
napakiak 6068 7873
nunapitchuk 6068 7873
newspaper 6068 7873
nacho 6068 7873
nakek 6068 7873
naknek 6068 7873
napaskiak 6068 7873
nc 6068 7873
newtok 6068 7873
nthrn 6068 7873
nightmute 6068 7873
nornak 6068 7873
norris 6068 7873
nelson 6068 7873
nanuq 6068 7873
natures 6068 7873
nuchek 6068 7873
nrsy 6068 7873
nyman 6068 7873
naniquah 6068 7873
npo 6068 7873
nest 6068 7873
northweb 6068 7873
nursing 6068 7873 7952 7958
newton 6068 7873
napa 6068 7873
networking 6068 7873 7939 7961
nase 6068 7873
nechesta 6068 7873
neighbor 6068 7873
napimute 6068 7873
nels 6068 7873
nicholson 6068 7873
nili 6068 7873
nunaniq 6068 7873
newmans 6068 7873
nils 6068 7873
nimmo 6068 7873
nite 6068 7873
nobody 6068 7873
nordland 6068 7873
notes 6068 7873 7975 7976 7977 7978 7982 7983 7985 7986 7987 7988 8000 8001 8006 8009 8011 8012 8014 8020 8021 8027 8030 8032 8035 8036 8037 8039 8041 8044 8047 8049 8050 8052 8061 8067 8068 8071 8075 8076 8077 8078 8080 8093 8095 8098 8102 8105 8107 8108 8109 8110 8111 8113 8114 8115 8122 8123 8126 8127 8130 8132 8135 8136 8137 8138 8140 8141 8145 8146 8149 8151 8152 8155 8160 8165 8166 8170 8171 8172 8173 8175 8176 8177 8178 8184 8187 8188 8189 8191 8201 8208 8209 8210 8212 8222 8225 8227 8228 8230 8233 8237 8238 8239 8246 8248 8251 8252 8253 8255 8257 8258 8266 8269 8274 8276 8277 8278 8282 8285 8286 8287 8291 8294 8297 8304 8305 8307 8311 8316 8320
northrim 6068 7873
noya 6068 7873
npi 6068 7873
nuisance 6068 7873
nye 6068 7873
nazareno 6068 7873
ni 6068 7873
n'that 6068 7873
nip 6068 7873
nicholas 6068 7873
nord 6068 7873
neighborhood 6068 7873
needham 6068 7873
nikolski 6068 7873
narl 6068 7873
nsb 6068 7873
nikiski 6068 7873
nikolaevsk 6068 7873
ninilchik 6068 7873
neumann 6068 7873
narcotic 6068 7873
nondalton 6068 7873
northway 6068 7873
nunam 6068 7873
nikolai 6068 7873
northwoods 6068 7873
nulato 6068 7873
naturalization 6068 7873
nanuuq 6068 7873
nome 6068 6678 7435 7873
noorvik 6068 7873
nissan 6068 7873
naterkaq 6068 7873
nanuaq 6068 7873
napaaqtugmiut 6068 7873
noatak 6068 7873
noet 6068 6678 7435 7873 8017
nook 6068 7873
needed 6073 6332 6423 6940 7829 7973 7979 8001 8009 8020 8028 8039 8052 8061 8064 8081 8087 8089 8093 8095 8113 8124 8134 8143 8152 8155 8156 8158 8173 8186 8190 8192 8204 8207 8222 8226 8252 8274 8275 8277 8290 8293
needing 6073
nested 6092 7228 7348 7975 7977 7978 8001 8012 8014 8027 8035 8041 8050 8071 8075 8077 8078 8098 8113 8114 8115 8126 8151 8172 8173 8191 8201 8210 8225 8274 8276 8287 8311
noralized 6164 7853
nclust 6165 6539 6553 7222 7294 7519
november 6223 6708
northeastern 6223 6708
nnh 6223 6708
nih 6223 6708 7101
newvect 6227 7066 7105 7545
numofqueries 6236 7753
numberseeks 6282
~statscollector 6399 7207 7281
newstrattribs 6399
newattribcount 6399
newattribcount++ 6399
numkwds 6415 7617
numchildren 6415 6940 7617 7829
nodepriority 6415 7617
nodeimportance 6415 7617
node2 6415 6940 7617 7829
nodeimportance2 6415 7617
numkeywords 6415 7286 7431 7617
~ios 6565 7009 7280 7652
numberqueries 6632 6649 6999 7318 7765
numberruns 6632 6649 6999 7318 7765
newsizeofstringids 6650
newstringids 6650
newsizeofpositions 6650
newpositions 6650
newsizeofgroups 6650
newgroups 6650
newgrops 6650
nokwd 6679 7168 7277 7384 7432 7561
nothing 6718 7588 7991 7996 8010 8129 8152 8175 8189 8202 8208 8251 8279
nodesize 6940 7829
nodenum 6940 7829
nodemindist2 6940 7829
nroot 6940 7829
nnode 6940 7829
numchildren++ 6940 7829
nodeindex 6950 7398 7692 7854
newitem 6950 7398 7692 7854
newindex 6950 7398 7692 7854
news1size 7054 7081 7321 7662 7896
news2size 7054 7081 7321 7662 7896
news1size+news2size 7054 7081 7321 7662 7896
ngrams 7101
narges 7101
noed 7168 7384 7561
newfile 7286 7431
nowhere 7909
navigate 7909 7941 7960 8002 8053 8062 8120 8168 8169 8182 8183 8199 8213 8217
nifty 7909
named 7909 7926 7933 7973 7986 7991 7998 8002 8010 8053 8062 8080 8087 8089 8097 8102 8108 8120 8129 8156 8159 8168 8169 8182 8183 8199 8205 8213 8217 8226 8232 8244 8250 8307
normal 7911 8035 8053 8062 8078 8092 8199 8214 8221 8300
numballsdisplayed 7912
num 7912 7923
numerous 7914 7918 7934
negative 7917 7933
normally 7926 7933 7996 8009 8038 8062 8152 8166 8169 8175 8189 8192 8199 8208 8217 8251 8291
^ 7927 7978
nextx 7933
nexty 7933
numcols 7933
numrows 7933
nearest 7933
newly 7933 8214 8300
numbered 7933
namestring 7933
navigation 7936 7937 7940 7941 7944 7945 7957 7959 7960 7964 7971 7972 7973 7974 7975 7976 7977 7978 7980 7981 7982 7983 7984 7985 7987 7988 7989 7990 7991 7992 7993 7994 7998 8001 8003 8004 8005 8008 8009 8011 8013 8017 8018 8020 8022 8024 8025 8026 8027 8029 8031 8034 8036 8037 8038 8039 8040 8042 8043 8044 8047 8051 8052 8053 8054 8055 8056 8057 8061 8062 8063 8065 8066 8067 8069 8070 8073 8076 8078 8079 8080 8082 8084 8085 8087 8089 8091 8092 8093 8094 8095 8096 8097 8098 8099 8100 8103 8105 8106 8107 8109 8110 8111 8112 8113 8114 8116 8117 8118 8120 8121 8123 8125 8128 8129 8130 8131 8132 8133 8134 8135 8136 8137 8139 8140 8144 8145 8146 8147 8148 8153 8154 8155 8156 8160 8161 8163 8168 8169 8170 8171 8173 8174 8176 8177 8179 8180 8187 8188 8191 8193 8194 8195 8196 8197 8198 8199 8200 8203 8205 8209 8212 8213 8216 8217 8218 8220 8221 8222 8223 8224 8227 8228 8229 8230 8231 8232 8233 8235 8236 8238 8239 8240 8241 8242 8244 8245 8246 8248 8253 8254 8255 8257 8259 8260 8262 8264 8267 8269 8271 8272 8274 8277 8278 8279 8280 8281 8282 8284 8285 8286 8287 8292 8293 8295 8297 8298 8300 8301 8302 8303 8304 8305 8306 8309 8310 8312 8313 8314 8316 8318 8319 8322
navigator 7936 7937 7939 7953 7955 7957 7959 7961
novel 7937 7941 7942 7959 7960 7969
noisy 7937 7959
navigations 7937 7959
neutral 7939 7961
neurology 7939 7942 7961 7969
noted 7939 7961
nationally 7939 7961
nguyen 7939 7961 7975 8012 8027 8041 8071 8077 8114 8126 8201 8210 8225 8276 8311
neurological 7939 7940 7961 7964
neurobiology 7939 7961
nitish 7939 7940 7941 7960 7961 7964
nag 7939 7940 7941 7960 7961 7964
nikil 7940 7964
neuroscience 7940 7964
nyamathi 7940 7964
navigational 7941 7960
networks 7941 7960
northwestern 7942 7969
nearly 7942 7969
nlp 7942 7969 8067
nuggets 7942 7969
nation 7942 7969
nist 7942 7969
nationwide 7942 7969
nexus 7944 7945 8002 8053 8062 8120 8168 8169 8182 8183 8199 8217
nanjing 7953 7955
nianyin 7953 7955
notes07 7972 7993
newitem=dvd 7973 8087 8092 8198 8221
never 7973 8083 8087 8092 8198 8202 8215 8221
nulls 7975 7977 8012 8014 8027 8041 8050 8071 8075 8077 8098 8114 8115 8126 8151 8172 8191 8192 8201 8210 8225 8276 8287 8311
nosql 7975 7976 7977 7982 8005 8012 8014 8020 8027 8041 8050 8071 8075 8077 8093 8098 8114 8115 8124 8126 8130 8140 8151 8155 8158 8160 8163 8172 8186 8187 8191 8201 8210 8225 8248 8272 8276 8287 8311
namely 7975 7977 8003 8012 8014 8027 8035 8041 8049 8050 8071 8075 8076 8077 8078 8098 8114 8115 8126 8151 8172 8191 8192 8201 8210 8225 8228 8276 8287 8311
nastiness 7975 7977 8012 8014 8027 8041 8050 8071 8075 8077 8098 8114 8115 8126 8172 8196 8201 8210 8225 8276 8287 8311
nailah 7976 8072 8087 8120 8121 8130 8187 8205 8213 8246 8248 8260
nailahat 7976 8072 8248
nov 7978 7981 8026 8070 8192 8280
~iterator 7978 8001 8113 8173 8274
~filter 7978 8001 8113 8173 8274
~project 7978 8001 8113 8173 8274
numpages 7978 8001 8113 8173 8274
~bnljoin 7978 8001 8113 8173 8274
~inljoin 7978 8001 8113 8173 8274
numpartitions 7978 8001 8113 8173 8274
~ghjoin 7978 8001 8113 8173 8274
~aggregate 7978 8001 8113 8173 8274
naming 7978 7986 8001 8034 8064 8080 8097 8102 8108 8113 8173 8190 8204 8219 8274 8301 8307
numpy 7982 8020 8093 8124 8155 8158 8186
notebooks 7982 8020 8093 8124 8140 8155 8158 8186
nutshell 7982 8020 8093 8140 8155
notebook 7982 8020 8093 8140 8155
noon 7983 7985 8000 8020 8021 8036 8047 8067 8105 8158 8164 8171 8209 8257 8269 8283 8305 8316
nievergelt 7983 8000 8021 8030 8032 8036 8047 8067 8068 8105 8122 8123 8127 8132 8138 8141 8145 8146 8149 8171 8176 8178 8209 8212 8230 8237 8257 8258 8278 8282 8294 8304 8305 8316 8320
niranjan 7984 8035 8076 8078 8228
naresh 7984 8035 8076 8078 8228
neatly 7986 8080 8102 8108
ninth 7991 7996 8010 8129 8214 8300
notes08 7993
notes09 7993 8111 8227
notify 8000 8021 8030 8047 8067 8105 8122 8127 8132 8138 8141 8145 8146 8149 8171 8178 8209 8258 8278 8282 8294 8304 8316 8320
~tablescan 8001 8113 8173 8274
~indexscan 8001 8113 8173 8274
netflix 8002 8053 8062 8120 8168 8169 8182 8183 8199 8213 8217
navigating 8002 8053 8062 8120 8168 8169 8182 8183 8199 8213 8217
nanosecond 8006 8011 8109 8118 8165 8239 8252 8253 8266
nano 8006 8011 8109 8118 8165 8239 8252 8253 8266
numvotes 8009 8152 8166 8175 8189 8208 8251 8291
notes01 8018 8076 8078 8111 8227 8228
notes02 8018 8096 8111 8227
notes03 8018 8054 8096 8111 8227
notes04 8018 8054 8096 8111 8227
naive 8028 8081 8089 8134 8143 8156 8207 8226 8275 8293
notes13 8044 8177
notes14 8044 8177 8179 8220
notes15 8044 8177 8179 8220 8313
normalization 8052 8054 8061 8095 8096 8216 8222
ned 8052 8054 8061 8095 8096 8222
nevedha 8052 8177 8313
nowadays 8053 8062 8169 8199
nukesslcerts 8053 8062
networkmanager 8053 8062
normalize 8053
nbeigipa 8054 8095 8096
notes05 8054 8111 8227
newline 8064 8190 8204
nlj 8067
nice 8092 8152 8221
newer 8092 8198 8221
notes06 8106 8111 8227
notes10 8111 8227
notes11 8111 8227
notes16 8179 8220 8313
nonzero 8192 8214 8300
~indexmanager 8192
~ixfilehandle 8192
nicely 8192 8214 8300
notion 8192
notting 8202
noise 8202
neverland 8202
necklace 8202
nightmare 8202
~pagedfilemanager 8214 8300
~filehandle 8214 8300
~recordbasedfilemanager 8214 8300
necessarily 8214 8300
nth 8214 8300
null44 8292
null59 8292
notes17 8313
