kahn 1 2 3 689
kumar 1 2 3 37 211 334 546 824 1099 1332 1342 1346 1363 1409 1436 1439 1446 1447 1560 1577 1601 1608 1619 1623 1648 1703 1773 1813 1865 1887 1890 1893 1951 1963 1983 2017 2051 2083 2087 2181 2253 2254 2260 2277 2281 2317 2318 2321 2454 2460 2554 2693 2720 2722
kash 1 2 3 2323 2616
know 1 2 3 19 26 99 154 193 203 261 420 428 466 524 668 883 997 1142 1147 1214 1285 1544 1640 2106 2452 2763
karsai 6
key 7 10 153 194 256 265 385 469 546 607 831 885 1098 1107 1162 1172 1198 1260 1342 1346 1365 1371 1439 1446 1457 1541 1558 1560 1576 1577 1601 1608 1619 1623 1648 1687 1696 1703 1813 1879 1887 1893 1961 2023 2028 2063 2117 2181 2253 2281 2292 2408 2435 2460 2463 2485 2520 2544 2548 2704
kept 13 153 187 551 891 1174 1280 1289 1298
kohm 13 89
[ 13 14 19 22 23 24 26 27 30 32 33 35 38 40 43 46 48 49 51 54 57 58 59 60 63 65 67 68 70 74 79 80 81 84 86 87 88 89 96 97 98 106 111 113 114 116 117 119 121 122 124 127 128 130 131 135 142 145 151 154 165 166 170 171 173 178 185 187 188 190 193 194 197 200 201 203 204 206 207 211 216 217 222 224 231 233 234 238 240 241 245 247 249 253 256 261 265 268 269 270 274 284 289 291 295 300 305 306 308 309 310 314 316 320 322 323 327 328 330 332 334 342 351 353 355 360 367 370 380 387 390 393 395 398 402 405 406 410 420 422 424 427 428 432 439 442 444 445 447 449 453 455 461 465 469 471 473 478 481 483 484 496 497 501 503 505 507 508 511 513 515 522 524 526 529 536 538 541 544 546 551 553 559 564 565 566 569 570 583 587 588 592 596 604 607 608 614 616 624 628 629 631 632 633 634 645 646 647 657 658 664 665 667 668 669 679 682 688 689 694 696 702 704 708 714 715 717 718 719 723 725 739 741 745 747 749 757 758 762 764 765 767 768 770 776 777 778 782 784 790 792 796 808 809 811 812 814 824 827 829 831 833 836 837 849 852 853 855 859 862 866 867 883 884 885 887 889 895 898 901 905 906 907 908 909 914 915 917 918 924 929 932 933 938 975 978 979 981 987 990 997 1001 1007 1015 1030 1034 1035 1036 1044 1048 1049 1052 1053 1059 1060 1063 1065 1067 1072 1075 1077 1079 1080 1083 1084 1086 1088 1089 1093 1098 1099 1102 1103 1104 1107 1109 1110 1112 1118 1126 1128 1129 1134 1140 1142 1146 1147 1151 1152 1157 1160 1162 1163 1168 1169 1170 1173 1180 1181 1187 1193 1194 1198 1200 1201 1204 1205 1206 1214 1222 1226 1231 1234 1241 1247 1253 1255 1260 1266 1267 1271 1272 1273 1275 1278 1279 1280 1282 1283 1285 1286 1287 1289 1291 1373 1521 1544 1558 1640 1687 1696 1782 1815 1879 1960 1972 1976 2032 2063 2091 2106 2117 2159 2173 2181 2208 2292 2319 2431 2438 2452 2463 2544 2548 2567 2572 2704 2763
knowledge 14 19 32 35 40 57 60 74 80 87 96 106 113 138 149 166 173 204 249 261 272 295 309 322 327 334 355 395 420 432 447 473 481 484 503 524 546 547 565 569 578 587 607 614 628 649 664 665 682 689 708 718 723 745 757 777 778 784 790 833 883 887 901 906 918 925 938 1034 1049 1063 1067 1075 1080 1083 1084 1099 1112 1152 1170 1193 1199 1200 1201 1231 1234 1247 1255 1302
kurtosis 15 370 427 496 559 702 1035
karlsruhe 15 63 473 1083 1280
kit 15 1357 1556
karlsruher 15
known 16 26 54 90 130 171 194 324 370 447 473 496 546 570 594 607 665 704 859 898 918 933 938 1035 1063 1075 1079 1088 1108 1128 1146 1163 1222 1266 1299 1300 1321 1341 1414 1517 1529 1570 1650 1668 1704 1718 1751 1755 1802 1803 1850 1916 1949 2015 2070 2078 2082 2103 2139 2275 2280 2282 2345 2370 2371 2395 2436 2574 2583 2599 2636 2652 2657 2755 2765
ke 19 483
knowl 19 60 80 106 114 124 128 166 306 308 309 355 420 473 483 484 513 515 536 604 608 616 633 682 689 745 790 859 895 909 990 1049 1056 1060 1075 1079 1083 1084 1093 1126 1200 1231 1247 1278 1282 1291
kjærgaard 22
korea 22 1363 1436 1447 1773 1865 1890 1951 1963 2017 2051 2083 2087 2254 2260 2277 2317 2318 2454 2554 2693
klein 24
kind 26 88 247 324 410 465 564 586 719 749 762 883 891 1063 1103 1179 1259 1303 1304 2176 2323 2616
kids 26 324 975 1063
+90 27 51 276 330 827 884
kinds 27 247 253 324 776 1063 1181
keep 27 758 1259 1972
kursun 27 276
{ 32 33 37 42 48 49 57 60 90 114 130 165 187 197 203 216 217 222 241 249 284 305 310 320 327 361 387 403 410 447 478 500 547 564 567 578 581 590 620 649 664 665 698 719 727 741 746 758 770 777 790 809 814 831 841 887 900 904 906 918 970 976 979 1015 1017 1032 1048 1063 1083 1086 1099 1103 1107 1118 1128 1129 1172 1194 1198 1199 1204 1239 1284 1291 1373 1521 1909 2091 2319 2431 2438 2567 2571 2745
keong 33
kanishka 33
kyoto 33 758
+0200 33
kriengkrai 35
kaushik 35
keogh 40 188 961
kdex 40
kyle 42
kaufmann 43 57 58 166 245 295 309 320 355 447 481 503 507 508 524 565 570 596 665 669 906 914 981 990 1034 1036 1049 1083 1089 1231 1278
kin 43 58 430 473 596 914 981 1267
keung 43 58 430 473 596 914 981 1267
kong 43 58 60 124 430 473 596 790 859 914 981 1060 1079 1267 1282
kadous 43 58 117 131 224 269 306 511 513 596 604 914 1107 1132 1157 1260 1262 1284 1286 1291
kohavi 43 57 58 60 67 75 106 117 131 238 245 269 295 308 370 420 434 447 471 473 481 503 513 546 565 596 604 608 665 745 778 790 914 932 1034 1035 1036 1075 1080 1083 1093 1231 1247 1286
kurdish 46
kurdistan 46
kdc 46
kelly 48 57 124 205 261 322 510 544 628 633 679 723 778 781 859 981 1060 1079 1160 1204 1231 1282
khoshgoftaar 48 57 171 679 938 1231
+ 49 60 106 124 126 193 214 216 256 284 410 469 471 500 501 508 551 559 594 609 647 664 783 790 798 827 895 937 978 990 1052 1059 1060 1129 1142 1194 1278 1280 1282 1321 1341 1354 1373 1407 1414 1415 1451 1489 1517 1521 1529 1566 1570 1591 1614 1625 1650 1667 1669 1672 1704 1709 1718 1731 1735 1742 1751 1752 1755 1802 1803 1807 1850 1883 1916 1919 1939 1944 1949 1966 1990 2015 2034 2050 2055 2058 2065 2070 2075 2078 2082 2091 2092 2103 2131 2132 2139 2156 2223 2224 2236 2238 2256 2262 2267 2270 2272 2275 2280 2282 2301 2319 2345 2362 2370 2371 2391 2394 2395 2431 2436 2440 2446 2462 2470 2497 2499 2557 2567 2583 2599 2601 2636 2652 2655 2657 2680 2701 2755 2757 2765 2774
k 49 57 114 124 166 173 191 201 216 236 253 261 284 300 309 322 355 360 362 420 427 430 444 455 473 478 484 506 508 628 633 682 717 723 757 776 778 859 883 895 932 990 1049 1060 1071 1075 1079 1083 1084 1118 1128 1146 1181 1194 1201 1231 1278 1282 1342 1346 1439 1446 1457 1541 1560 1576 1577 1601 1608 1619 1623 1648 1672 1703 1752 1813 1857 1887 1893 1961 2028 2159 2181 2224 2253 2256 2281 2340 2435 2460 2462
ketamine 54
kernel 57 80 106 114 117 131 166 269 284 309 355 420 447 453 473 484 522 564 628 665 682 745 837 841 895 932 976 990 1049 1075 1083 1084 1194 1200 1278 1286 1303 1304
kotagiri 57 117 131 171 269 322 370 420 447 473 665 723 745 981 1035 1075 1231 1286
kbann 60 447 665 790
k=3 60 790
+7 60 790
ken 60 96 114 790 909 1035 1126 1173 1198 1247 2616
kai 60 114 128 370 515 616 790 909 1035 1126 1173 1247
kao 60 790 932
kim 60 68 106 289 295 473 481 508 565 567 682 689 790 895 909 932 938 990 1034 1083 1093 1126 1169 1231 1278 1301 1302 1306 1342 1346 1363 1406 1436 1439 1446 1447 1482 1494 1560 1573 1577 1601 1608 1619 1623 1648 1654 1703 1773 1813 1865 1887 1890 1893 1951 1963 2008 2017 2051 2083 2087 2147 2177 2181 2253 2254 2260 2277 2281 2308 2317 2318 2454 2460 2554 2559 2693
karypis 60 65 261 327 447 546 665 784 790 1098 1128 1146 1168 1201
koller 60 153 322 689 723 790 808 1272
kdd 60 64 68 80 84 94 96 113 117 127 128 130 131 166 185 269 270 289 295 300 306 308 309 332 353 355 370 395 420 428 473 481 484 513 515 524 565 570 604 608 616 628 633 657 682 689 696 745 778 790 808 820 824 826 862 880 932 938 1034 1035 1049 1056 1067 1075 1083 1084 1088 1108 1144 1200 1231 1247 1285 1286 1291
kwok 60 124 173 393 689 778 790 859 1060 1079 1146 1282
kernels 60 145 284 402 564 633 682 745 758 790 932 976 1194 1287
klaschka 63
kotrc 63
kibler 64 127 185 428 696 745 820 862 1067 1088 1108 1180 1267 1285
knn 67 173 261 295 327 473 481 503 565 633 778 782 1034
kuzilek 74
keynes 74
karl 75 106 238 434 473 507 546 932 1080 1093 1247
kubica 80 261 473 718 1170 1200
kristin 80 166 261 309 355 473 484 546 633 682 689 745 778 1049 1083 1084 1173 1200
kollios 80 473 633 778 1200
koudas 80 473 633 778 1200
kuncheva 80 682 689 1200
karol 80 238 245 434 471 473 682 745 895 932 990 1036 1200 1278
kent 80 330 370 473 682 689 718 827 1035 1128 1170 1200 1201 1272
korczak 80 128 515 616 1200
katholieke 81 166 284 309 355 484 628 669 895 990 1049 1083 1084 1089 1194 1241 1278
+44 82 932
kushmerick 84
kawato 84 332
kallumadi 86 274
kansas 86 274 395 762
kpca 88
kononenko 90 111 119 190 245 295 320 473 481 546 565 628 745 932 1034 1036 1275
kotzias 94 526
khowes 96
kilinã‡ 97
kä±lä±nã§ 97
kogan 106 166 309 351 355 439 484 689 745 895 932 990 1049 1083 1084 1093 1278
+1 113 200 268 362 466
khan 114 466 667 689
keerthi 117 131 269 447 665 1286
kaibo 117 131 269 447 665 1286
krishnaj 117 131 269 447 665 1286
krk1 119
kovacic 119
koczkodaj 121
kakiashvili 121
knees 126 469 764
knee 126 330 982 1740
kne 126
kalman 127 249 689 909 1108 1126
krk 130 1098
kinney 135
kan 135 833
kooler 135
kahraman 138 925
karadeniz 138 925
khozeimeh 139 558 587 614
khosravi 139 558 587 614
kî© 151
kun 163 1255
kégl 166 309 355 484 1049 1083 1084
kärkkäinen 166 309 355 484 1049 1083 1084
kaski 166 236 300 309 353 355 484 570 657 757 824 909 1049 1083 1084 1126 1273
krzysztof 166 245 309 355 471 473 484 513 604 745 747 762 1036 1049 1083 1084 1112 1151 1193 1231 1247
kirc 178
kay 187
+8 187
kearns 190
kaufman 190 245 1036
kluwer 190 211 829 970
+100 193
kamel 201
keith 203 496 682
keith2017hybrid 203
korean 206 975 1205
korn 206 405 420 1075 1205
kamatch 211
kidney 214 320 1740 2159 2366
karaikudi 214
+48 216 1118
kavita 217 1050
keywords 217 233 321 360 510 781 1110 1226
keys 219
kinematic 220 457
kudo 222
kawala 233 497
kanno 234 1253
knuckles 234 1253
kevin 236 295 473 481 565 689 757 771 880 1034
kegelmeyer 236 757
kiseok 236 473 757
kenta 236 757 1128 1201
km 238 393 796 1162
khalifa 241
kulaib 241
keller 245 1036
kreuziger 245 1036
knowledgeable 245 1036
klahr 249
kegg 253 776 954
kuhn 261 682 689 784 1247
kontkanen 261 395 633 745 778 1083 1247
klagenfurt 261
kruse 261 628
kikui 261 295 473 481 565 784 1034
kenji 261 295 473 481 565 784 1034
kita 261 295 473 481 565 784 1034
krisztian 272
kullanä±mä± 276
kishnah 282
ketembilla28 282
kadie 289
ksikes 295 481 565 1034
kirkby 295 308 420 473 481 565 608 1034 1056 1075 1083
kohler 295 481 565 1034
k1 300
+61 320 628 634
konenenko 320 1083
kelwin 321 609 729
kafc 321 609 729
kelwinfc 321
keyword 321 781 918 1128 1226 2489 2534
kohkiloye 323
kiwi 327
koivisto 327
kismat 327
kramer 327 496
koebner 330
kaestner 330 370 827 1035 1272
+19402200157 334
ksd 344 1150
kasandr 349
kelkoo 349
klinikum 350
kok 351 439 473 682 689 745 895 932 990 1278
kosters 351 439 473 682 689 745 895 932 990 1278
kempen 353 1273
kohlus 353 1273
kontijevskis 362
komorowski 362
karyadi 367
kawamura 367
kk49 367
kunz 370 513 604 1035
kayaoglu 385
keeling 393
ks 395 1063
kw 398 626 1342 1346 1439 1446 1560 1577 1601 1608 1619 1623 1648 1703 1813 1887 1893 2181 2253 2281 2460
kinect 403
k1s5b6 410 649
king 410 424 663 745 918 932 1083 1128
+351 427
+31 428 1273 1285
kaiser 438
+39 444 1160
+30 447 665
kristiaan 455 1071
kitchen 465 796 1038
knifes 465
kurz 465
kassel 465
kittler 471
kotsiantis 473
kelso 473
kriz 473
kouropteva 473
kargupta 473
kwedlo 473 689
kretowski 473 689
kasten 473 1231
kekul 473 1083
klaus 473 569 1083
knoxville 489
kä±ymet 489
kararlarä±na 489
kingdom 496 905 931 1030 1099
knowles 496
kline 503
kg 504 787
kohane 512
kachuee 531
kiani 531
keeping 538 823 970 1259
kwg 564
kwi 564
kafieh 566
krebsregister 569
krebsregisters 569
kilometers 578
kodali 587 614
kemal 588 883 1030
kaya 588
krakow 590 1061
khz 600 1048
+test 606
+91 617
kindly 617
kwh 626
ka 627
kb 627 933
kc 627
klassifikation 627
kommission 627
katya 628
kristof 631 715
kerem 650
klami 657 824 909 1126
keywords= 664 1017 1199
kaul 668 1301
km^2 668
kilowatts 682
kernelized 682 1231
kamiyamaguchi 688 819
kimmel 689
krawiec 689 778
kallin 689
kam 694
khamidieh 694
kirell 702
+alfa 717
koch 727
kew 732
kingston 732
kottus 745
kpa 745
kheng 745
katheleen 747
kcios 747 762
kj 747 1342 1608 1619 1623 1887 2181 2253 2460
kanehisa 757 1201
karra 771
kuramochi 784
knecht 808
katowice 809
kabiesz 809
kastro 812
katircioglu 812
kos 823
kure 824
kilograms 827
krista 827 1272
katerine 831
kdiaz 831
kic 841
kelvin 852
kharazmi 855
knots 862 1086
karami 864
kharrazi 864
kemaladem 883
kılıçarslan 883
kannao 885
kohms 891
kriegel 898
kang 901
korba 905
kensington 909 1126
karen 909 1126
karhunen 909 1126
karwath 918 1128
king~et 918
ksem 924
kkalyanims 955
karanthai 955
kosher 975
konstantynã³w 976
kulczycki 976
kowalski 976
kama 976
kodak 976
kawa 976
kr 978 1059 2176 2323
knobbe 978
kiranyaz 978
kenichi 1008
kbits 1017
kojo 1025
karlik 1030
kausar 1030
kaluza 1032
krivec 1032
kilowatt 1038
kganes2 1050
ky 1063
kidsbornnevrmarr 1063
+3e 1071
+e 1071
kwartowitz 1083
kmc 1086
kmt 1086
kn 1086
k1a 1093
k1n 1093
kamaljot 1099
kamaljotsingh2009 1099
kaur 1099
keywords='neural 1099
+4 1107
khouas 1109
kurgan 1112 1151 1193 1247
kybernetes 1112 1193
kacprzyk 1112 1193
konrad 1118
kolodziej 1118
khani 1130
kinship 1134
knitted 1136
krilova 1138
kastalskiy 1138
kazantsev 1138
krishnan 1147
keystroke 1150
klingspor 1157
katharina 1157
khobar 1171
kaynak 1173
kybernetika 1173 1273
kamath 1173
kilobytes 1180
kenmonta 1198
kamal 1199 1342 1346 1439 1446 1560 1577 1601 1608 1619 1623 1648 1703 1813 1887 1893 2181 2253 2281 2460
karim 1206
knopf 1231
knobbed=k 1231
kalantar 1239
ki 1255
keycode 1260
kinase 1266 2159 2366
+3 1267
kadian 1271
klemens 1280
ksa 1283
katyperry 1289
kq6zr6kcpj8 1289
kohala 1302
kirkpatrick 1302
keynote 1302
khurram 1306
kd 1342 1346 1446 1560 1608 1619 1623 1648 1813 1887 2181 2253 2281 2460
kingman 1342 1346 1439 1446 1560 1577 1601 1608 1619 1623 1648 1703 1813 1887 1893 2181 2253 2281 2460
kinetic 1342 1346 1439 1446 1560 1577 1601 1602 1608 1619 1623 1648 1703 1765 1813 1887 1893 2116 2181 2253 2281 2460 2524
kistler 1342 1346 1439 1446 1560 1577 1601 1608 1619 1623 1648 1703 1813 1887 1893 2181 2253 2281 2460
ku 1342 1346 1439 1446 1560 1577 1601 1608 1619 1623 1648 1703 1813 1887 1893 2176 2181 2253 2281 2323 2460
koche 1342 1346 1439 1446 1560 1577 1601 1608 1619 1623 1648 1703 1813 1887 1893 2181 2253 2281 2460
kasif 1342 1346 1439 1446 1560 1577 1601 1608 1619 1623 1648 1703 1813 1887 1893 2181 2253 2281 2460
koseki 1342 1346 1439 1446 1560 1577 1601 1608 1619 1623 1648 1703 1813 1887 1893 2181 2253 2281 2460
kellis 1342 1346 1439 1446 1560 1577 1601 1608 1619 1623 1648 1703 1813 1887 1893 2181 2253 2281 2460
kulbokas 1342 1346 1439 1446 1560 1577 1601 1608 1619 1623 1648 1703 1813 1887 1893 2181 2253 2281 2460
klf2 1357 2239
khsrp 1357 1763 1847 2118 2176 2237 2239 2323 2440 2528 2616 2743
kars 1357 1402 1464 1523 1642 2118 2323 2391 2528 2616 2743
klf13 1357 2118 2176 2528 2616
klhl6 1357
klhdc2 1357 1847 2118 2528
kif23 1357 1642 1892 2684 2743
klf4 1357 1402 2118 2176 2323 2366 2528 2616
kremen1 1357 1763
klf6 1357 2118 2176 2239 2528 2616
klhl24 1357 1847 2118 2176 2323 2528 2616
kif4 1357 2743
kpna2 1357 1402 1464 2118 2176 2323 2366 2528 2616 2743
kif22 1357 1572 1847 2118 2176 2237 2323 2440 2528 2616
kif15 1357 2118 2176 2323 2528 2616
kctd2 1357 1763 2239 2743
kntc1 1357 2323 2528 2537
klrd1 1357
kdm5a 1357 1847 2118 2176 2323 2391 2528 2616 2743
kif20a 1357 1572 1847 2118 2176 2323 2366 2528 2616
kat5 1357 1402 1642 2118 2123 2176 2237 2323 2366 2391 2440 2528 2543 2576 2616 2743
kpnb1 1357 1402 1404 1556 1847 2118 2176 2323 2366 2528 2616
klc1 1357 1402 1404 1572 1763 1847 2118 2176 2239 2366 2391 2528 2616 2743
kdelr2 1357 1402 1464 2323 2528 2537 2616
kif18b 1357 1572 1847 2118 2176 2239 2323 2528 2616
kbtbd4 1357 1847 2118 2176 2323 2528 2616
kif5b 1357 1402 2118 2176 2323 2366 2528 2616 2683 2743
kctd3 1357 2118 2176 2323 2528 2616 2743
krtcap3 1357
klc2 1357 2440 2743
kif11 1357 1453 1572 1847 2118 2176 2323 2528 2616
kif2c 1357 1556 1572 1642 1847 2118 2176 2239 2323 2366 2528 2616 2743
kif21b 1357 1763 2239 2391 2683 2743
kctd12 1357
kcnj10 1357
kdm5b 1357 2391 2743
kctd6 1357
kcnk5 1357 1402 2323 2528 2537
klf11 1357 2118 2176 2323 2528 2616
kpna1 1357 2743
kdm4c 1357 1847
khnyn 1357 1763 2323 2528
kifc2 1357 1763 2037 2683
klf9 1357 2537
kdm3a 1357 2176 2323 2366 2528 2616 2743
klhl28 1357 1847 2118 2176 2323 2528 2616
kcna2 1357
kpna3 1357 1740 2118 2176 2323 2528 2616 2743
kdm6a 1357 1402 1404 1847 2118 2176 2323 2528 2616
kcnab2 1357
kras 1357 1404 1464 1556 1847 2159 2743
kif24 1357 1572 1847
kpna6 1357
kcnip1 1357
kdm1a 1357 1556 1847 2118 2323 2366 2391 2528 2616 2743
kcnmb4 1357 2743
klf3 1357 2537 2589 2683
kif13b 1357 2118 2176 2323 2366 2528 2537 2616
klhl3 1357 2239
kcnmb1 1357
kat2a 1357 1402 1613 1642 2118 2123 2176 2239 2323 2366 2528 2616 2743
kctd10 1357 2391 2743
kcnj16 1357 2537
kcnj1 1357
klhl21 1357 1847
klf7 1357
klhl17 1357 1642 2037 2071 2237 2683 2752
kifc1 1357 1572 1847 2118 2176 2323 2528 2616 2743
kcnq1 1357 2537
kif3a 1357 1740 2118 2176 2323 2366 2528 2616 2743
klre1 1357
kif20b 1357 1556 1572 1847 2118 2176 2323 2528 2616
klhl23 1357 1763 2118 2176 2323 2528 2616
kctd9 1357
klk8 1357
kbtbd11 1357
kynu 1357 1402 1404 1556 1847 2118 2159 2323 2528 2537
klf10 1357 2118 2176 2528 2537 2616
klf16 1357 1763 1847 2118 2176 2239 2323 2528 2616
kif14 1357 1572 1847
kif3b 1357 2743
kptn 1357
kcnc1 1357
kat2b 1357
kbtbd2 1357 1453 2118 2176 2323 2528 2616
katnal1 1357 2118 2176 2323 2528 2537 2616 2743
klhl22 1357 1763 2118 2176 2323 2528 2537 2616 2743
krcc1 1357 2239 2528 2743
khk 1357 1402 2118 2323 2528
krt10 1357 1763 2683
klra2 1357
kcnj2 1357 1402 2118 2323 2528
klhl11 1357 2118 2176 2323 2528 2616
klhl36 1357
krba1 1357 2176 2323 2528 2616
kctd13 1357 2176 2323 2391 2440 2528 2616 2743
kctd17 1357 2391 2743
klrg2 1357 1763 2118 2176 2239 2323 2528 2616 2683
kctd1 1357 1740 2176 2239 2323 2528 2743
kcnj3 1357 1763 2239
+= 1373 1521 2431 2567
ko03010 1402 1404
ko04141 1402 1404
ko04110 1402 1404
ko03040 1402 1404
ko04120 1402 1404
ko03018 1402 1404
ko00240 1402 1404
ko04932 1402 1404
ko05016 1402 1404
ko03050 1402 1404
ko00190 1402 1404
kdsr 1402 2323 2528 2616
ko05010 1402 1404
ko03013 1402 1404
ko03460 1402 1404
ko04115 1402 1404
ko05169 1402 1404
ko04114 1402 1404
ko00230 1402 1404
ko05203 1402 1404
ko03008 1402 1404
ko04910 1402 1404
ko04146 1402 1404
ko05211 1402 1404
ko03410 1402 1404
ko04520 1402 1404
ko05220 1402 1404
ko05223 1402 1404
ko05166 1402 1404
ko03420 1402 1404
ko03015 1402 1404
ko04144 1402 1404
kiaa1033 1402 2323 2528
ko01200 1402 1404
ko05221 1402 1404
ko05212 1402 1404
ko00051 1402 1404
ko00630 1402 1404
ko04142 1402 1404
ko00520 1402 1404
ko01212 1402 1404
ko03020 1402 1404
ko04012 1402 1404
ko04914 1402 1404
ko05100 1402 1404
ko04666 1402 1404
ko04150 1402 1404
ko04390 1402 1404
ko03030 1402 1404
ko05205 1402 1404
ko03022 1402 1404
kmt2e 1402 1464 2118 2176 2323 2528 2616
kmt5b 1402 2176 2323 2366 2528 2616
kmt5c 1402 1404 2176 2323 2528 2616
kmt5a 1402 1404 2176 2323 2366 2528 2616
kmt2b 1402 1404 1847 2118 2176 2323 2528 2616
kmt2a 1402 1404 1556 1847 2118 2176 2323 2528 2616
ko00310 1402 1404
ko04722 1402 1404
kidins220 1402 1740 2118 2176 2323 2391 2528 2616 2743
ko01230 1402 1404
ko04330 1402 1404
ko05110 1402 1404
ko00450 1402 1404
kitlg 1402 1740 2118 2323 2366 2528
ko05130 1402 1404
krt18 1402 1404 1556 1572 1763 2323 2366 2528 2537 2616
ko05230 1402 1404
ko04350 1402 1404
ko00900 1402 1404
ko04152 1402 1404
ko00563 1402 1404
ko00062 1402 1404
ko05134 1402 1404
ko03430 1402 1404
ko03060 1402 1404
ko01040 1402 1404
ko00020 1402 1404
ko04920 1402 1404
ko05202 1402 1404
ko00785 1402 1404
ko01210 1402 1404
ko00510 1402 1404
ko00280 1402 1404
ko05210 1402 1404
ko05215 1402 1404
ko05216 1402 1404
ko00670 1402 1404
ko04930 1402 1404
kcnj11 1402 1740 2118 2323 2366 2528
ko04130 1402 1404
ko00511 1402 1404
ko00564 1402 1404
ko00480 1402 1404
ko00970 1402 1404
ko05222 1402 1404
ko05231 1402 1404
ko00052 1402 1404
ko04010 1402 1404
ko05213 1402 1404
ko04917 1402 1404
ko04668 1402 1404
ko05034 1402 1404
ko00920 1402 1404
ko04122 1402 1404
ko05120 1402 1404
ko05219 1402 1404
ko04922 1402 1404
ko00750 1402 1404
ko03440 1402 1404
ko04360 1402 1404
ko00730 1402 1404
ko00071 1402 1404
ko00532 1402 1404
ko03450 1402 1404
ko00270 1402 1404
ko05132 1402 1404
klc4 1402 1763 2118 2176 2239 2528 2616 2743
ko00250 1402 1404
ko00620 1402 1404
ko04720 1402 1404
ko04662 1402 1404
ko04962 1402 1404
ko00030 1402 1404
ko04621 1402 1404
ko04810 1402 1404
ko05214 1402 1404
ko04310 1402 1404
ko04966 1402 1404
ko00524 1402 1404
ko05168 1402 1404
ko04260 1402 1404
ko00100 1402 1404
ko00533 1402 1404
keratan 1402 1404
ko00604 1402 1404
ko04210 1402 1404
ko01220 1402 1404
ko00561 1402 1404
ko00640 1402 1404
ko04071 1402 1404
ko00770 1402 1404
ko04664 1402 1404
ko04915 1402 1404
ko00061 1402 1404
ko00514 1402 1404
ko04710 1402 1404
kat6a 1402 2118 2176 2323 2528 2616
ko04550 1402 1404
ko04022 1402 1404
ko04921 1402 1404
ko04370 1402 1404
ko03320 1402 1404
ko00531 1402 1404
ko04320 1402 1404
ko05164 1402 1404
ko00010 1402 1404
ko04916 1402 1404
ko00330 1402 1404
ko00290 1402 1404
ko04960 1402 1404
ko00260 1402 1404
ko05145 1402 1404
ketone 1402 1404 1556 2159
ko00072 1402 1404
ko05020 1402 1404
ko00534 1402 1404
ko04721 1402 1404
ko05217 1402 1404
ko00600 1402 1404
ko04145 1402 1404
ko00300 1402 1404
ko00790 1402 1404
ko05014 1402 1404
ko00380 1402 1404
ko04964 1402 1404
ko05412 1402 1404
ko00760 1402 1404
ko04961 1402 1404
ko00650 1402 1404
ko04660 1402 1404
ko04530 1402 1404
ko04912 1402 1404
ko00780 1402 1404
ko04510 1402 1404
ko05162 1402 1404
ko04730 1402 1404
ko00410 1402 1404
ko05133 1402 1404
ko05160 1402 1404
ksr2 1402 1740 1763 2176 2239 2323 2528 2616
ko00220 1402 1404
ko00120 1402 1404
ko00562 1402 1404
ko00603 1402 1404
ko04140 1402 1404
ko04670 1402 1404
ko04340 1402 1404
ko00130 1402 1404
ko00430 1402 1404
ko00740 1402 1404
ko00471 1402 1404
ko04261 1402 1404
ko04622 1402 1404
ko04540 1402 1404
ko05410 1402 1404
ko04380 1402 1404
ko04623 1402 1404
ko04973 1402 1404
ko00232 1402 1404
ko00400 1402 1404
ko04728 1402 1404
ko04924 1402 1404
ko04620 1402 1404
ko05152 1402 1404
ko00983 1402 1404
ko04070 1402 1404
ko05218 1402 1404
ko04024 1402 1404
ko04925 1402 1404
ko00512 1402 1404
ko00592 1402 1404
ko05031 1402 1404
ko05142 1402 1404
ko04918 1402 1404
ko04270 1402 1404
ko05030 1402 1404
ko00040 1402 1404
ko00601 1402 1404
ko00460 1402 1404
ko04062 1402 1404
krit1 1402 1404 1556 1847 2118 2176 2323 2391 2528 2616 2743
ko04015 1402 1404
ko05322 1402 1404
ko05414 1402 1404
ko04971 1402 1404
ko00565 1402 1404
ko00860 1402 1404
ko00360 1402 1404
ko00910 1402 1404
ko00500 1402 1404
ko04750 1402 1404
ko05340 1402 1404
ko04630 1402 1404
ko04978 1402 1404
ko04975 1402 1404
ko00340 1402 1404
ko04977 1402 1404
ko04724 1402 1404
ko04972 1402 1404
ko04612 1402 1404
ko05032 1402 1404
killer 1402 1404
ko04650 1402 1404
ko00350 1402 1404
ko04614 1402 1404
ko02010 1402 1404
ko04727 1402 1404
ko04713 1402 1404
ko05140 1402 1404
ko04913 1402 1404
ko04151 1402 1404
ko04723 1402 1404
ko00053 1402 1404
ko04976 1402 1404
ko05146 1402 1404
ko05144 1402 1404
ko00590 1402 1404
ko00591 1402 1404
ko00980 1402 1404
kcnn3 1402 1740 2176 2323 2528
ko04742 1402 1404
ko05143 1402 1404
ko04672 1402 1404
ko04950 1402 1404
ko05204 1402 1404
ko04512 1402 1404
ko04744 1402 1404
ko04940 1402 1404
ko05321 1402 1404
ko00830 1402 1404
ko04970 1402 1404
ko05323 1402 1404
ko05330 1402 1404
ko05206 1402 1404
ko00982 1402 1404
ko04974 1402 1404
ko04020 1402 1404
ko05310 1402 1404
ko05332 1402 1404
ko04640 1402 1404
ko05033 1402 1404
ko05150 1402 1404
ko04610 1402 1404
ko05320 1402 1404
ko04514 1402 1404
ko04740 1402 1404
ko04060 1402 1404
ko04080 1402 1404
ko00140 1402 1404
ko00472 1402 1404
kircher 1406 1972 2177 2308
kgcgtma 1429 1987
kdm3b 1453 2239 2743
kdm5c 1453 1892 2118 2176 2239 2323 2391 2528 2616 2743
krtcap2 1464 2323 2440 2528
kdelr1 1464 2743
krt19 1464 2239 2683
krt8 1464 1763 2323 2366 2528 2537 2616
klf5 1464
krt23 1464
kxd1 1464 2239
kolmogorov 1544 1640 2106 2452 2763
kif4a 1556 1572 1847
kpna4 1556 1847 2118 2176 2323 2528 2616 2743
kat7 1556 1847
katnb1 1572 1847 2118 2176 2323 2528 2616
kinesinheavy 1572
kif2a 1572 1847 2118 2176 2323 2366 2391 2528 2537 2616 2743
kif27 1572 1847 2118 2176 2323 2528 2616
kif1b 1572 1740 1847 2118 2176 2323 2391 2528 2537 2616 2743
kcltrnsport 1572
kcnk1 1572 2159 2323 2528
kank3 1572 1847 2037
kinesinlight 1572
krt80 1572 2323 2528
kcnechannel 1572
kimptpase 1572
kcnabchannel 1572
kcnab1chanel 1572
kir62channel 1572
kv8channel 1572
kv31channel 1572
kir34channel 1572
kir21channel 1572
kv43channel 1572
kir23channel 1572
kir5channel 1572
kv13channel 1572
kv12channel 1572
kir12channel 1572
kv41channel 1572
kv16channel 1572
kcnq2channel 1572
kv11channel 1572
kv21channel 1572
kir13channel 1572
kv34channel 1572
kir31channel 1572
kv33channel 1572
kir11channel 1572
kcnab3chanel 1572
kcne3channel 1572
kv42channel 1572
kir33channel 1572
kcltrnsport1 1572
kcnq1channel 1572
kcnab2chanel 1572
kcne1channel 1572
kir61channel 1572
kv15channel 1572
kappaopioidr 1572
kir32channel 1572
kininogen 1572
kv14channel 1572
kcne2channel 1572
kv22channel 1572
kir7channel 1572
kcnq3channel 1572
kiss1receptr 1572
kv6channel 1572
kazalinhbtr 1572
kir22channel 1572
kcnqchannel 1572
kv9channel 1572
kirchannel 1572
kvchannel 1572
kchannel 1572
kcgta 1605 2691
kgtagt 1605
klc3 1642 2237 2239 2440 2683
kiaa0101 1642 2123 2135 2323 2347 2528
kctd15 1642 2176 2237 2323 2528
keto 1672 1752 2224 2256 2462
kif16b 1740 2118 2176 2323 2528 2537 2616
kctd7 1740 2176 2323 2528 2537
kiaa0391 1740 2323 2528
kansl1 1740 2323 2528
kat6b 1740 1847 2118 2176 2323 2528 2616
kawasaki 1740
kiaa0355 1740 2323 2528
kank1 1740 1847 2118 2176 2323 2440 2528 2537 2616
klf12 1740 1847 2118 2176 2323 2528 2616
klhdc8b 1740 1847 2118 2176 2323 2528
keloid 1740
kiaa1143 1763 2683
kcnq2 1763 2037 2239 2743
kif26a 1763 2239 2537
kcng3 1763 2118 2176 2239 2323 2528
kiaa0319l 1763 2239
kcnt2 1763 2239 2537
kiaa0195 1763 2239
kiaa1279 1763 2683
kmt2d 1763 2239
kdm2a 1763 2118 2176 2323 2528 2616 2743
kiaa0556 1763 2239
krt8p3 1763
kdm4a 1763 1847 2743
kctd19 1763 2037 2239 2683
krt8p12 1763 2239
kcng1 1763 2118 2176 2239 2323 2528
kdelc1 1763 2440 2683 2743
kremen2 1763 2037 2118 2176 2239 2323 2366 2528 2616 2683
klhl26 1763 2118 2176 2323 2528 2616
kiaa0825 1763
kiaa1217 1763 2239
kiaa0100 1763 2239 2323 2528
kiaa0040 1763
kif5a 1763 2037 2239 2683
kif1a 1763 2037 2391 2683 2743
kif5c 1763 2239 2743
krt18p15 1763
kcns3 1763 2239
ksr1 1763 2239 2537
krt8p33 1763
kif9 1763 2118 2176 2239 2323 2528 2616
kiaa1324 1763
klrg1 1763
kti12 1847 2118 2323 2528
kpna5 1847 2118 2176 2323 2528 2616
kif1bp 1847 2118 2323 2528
kiaa0141 1847 2118 2176 2323 2528
kdm4b 1847 2118 2176 2323 2391 2528 2616 2743
krba2 1847 2118 2176 2323 2528 2616
krr1 1847 2118 2176 2323 2528 2537 2743
kiaa0907 1847
kiaa2026 1847 2118 2176 2528
kat8 1847 2118 2176 2323 2366 2440 2528 2616
kbtbd7 1847 2118 2176 2323 2528 2616
klhdc4 1847 2118 2237 2323 2391 2528 2743
klhl12 1847
klhdc10 1847 2118 2176 2323 2528 2743
klhdc3 1847 2118 2323 2528 2743
klhl20 1847 2118 2176 2323 2366 2528 2616 2743
klhl18 1847
kansl3 1847 2118 2323 2528
kiaa0319 1847 2239
kazald1 1847 2118 2176 2323 2528 2616 2683
kcnh3 2037 2239
kiaa1875 2037 2239
kiaa0895l 2037 2323 2528
kcp 2037 2239
kcnc3 2037 2683
kcnk6 2037 2239 2323 2528
kcnn1 2037 2683
kcnd1 2037 2118 2176 2239 2323 2528 2683
kcnq4 2037
+html 2091 2319
keyframes 2091 2319
kif21a 2118 2176 2323 2391 2528 2537 2616 2743
kiaa1468 2118 2176 2528 2616
kiaa1161 2118 2323 2528
kifc3 2118 2176 2323 2366 2528 2616
kif18a 2118 2176 2323 2528 2616
kbtbd6 2118 2176 2239 2323 2528 2616
kbtbd3 2118 2176 2323 2528 2616
klhl32 2118 2176 2323 2528 2616
klhdc1 2118 2528
kank2 2118 2176 2323 2528 2537 2616
klhl35 2118 2176 2239 2323 2528 2616
klhl5 2118 2176 2323 2391 2528 2616 2743
klhl8 2118 2176 2323 2528 2616
kdelc2 2118 2176 2323 2528 2616
ketotic 2159
krabbe 2159
ketobemidone 2159
ketorolac 2159
ketoprofen 2159
kcmf1 2176 2323 2528 2537 2616
krab 2176 2323 2616
krbox4 2176 2323 2528 2616
kh 2176
kow 2176 2323
kdm8 2176 2239 2440 2528 2616
kisc 2176
kctd5 2176 2323 2528 2743
kctd21 2176 2323 2528 2616
kctd20 2176 2528 2743
kctd18 2176 2323 2528
ku78 2176
kelch 2176
kiaa1683 2176 2323 2528 2616
kazal 2176
klhl7 2237 2239 2743
ktn1 2237 2391 2440 2743
kcnk2 2239 2683
kal1 2239 2683
kdelr3 2239 2440 2683
khdc1 2239 2323 2528 2683
klhdc9 2239 2683
kcnd2 2239 2683
kiaa0226 2239
kiaa1644 2239
kiaa1524 2239
katnbl1 2239 2323 2528
kcnh4 2239
kirrel 2239
kcnip3 2239
kiaa2013 2239 2323 2528
kbtbd8 2239
klf8 2239
kiaa1715 2239
klf15 2239 2537
kdm7a 2239
krt18p1 2239
kiaa1324l 2239 2683
kcna7 2239 2537
kcnk9 2239 2683
khdrbs3 2239 2743
knop1 2323 2528
kansl1l 2323 2528
kiaa1958 2323 2528
kiaa0922 2323 2528
kix 2323 2616
kinesin 2323
kiaa1191 2323 2528
k167r 2323
kklcag1 2323
kri1 2323 2528
klraq 2323
kiaa1429 2323 2528
kiaa0753 2323 2528
kiaa0930 2323 2528
kiaa1551 2323 2528
kelk 2323
kansl2 2323 2528
kctd11 2323 2528
kringle 2323
kv2channel 2323
kiaa1430 2323
ka1 2323 2616
krtap 2323
krtap7 2323
kinocilin 2323
kxdl 2323
kha 2323 2616
kog2701 2323
kdo 2323
kisspeptin 2323
krtdap 2323
k1377 2323
kaag1 2323
kitpathway 2366
keratinocytes 2366
kinases 2366
kifap3 2391 2743
kalrn 2391 2743
kcnab3 2440
kiaa1967 2440
kdm2b 2440 2743
krt15 2440
kcaagcg 2462
kiaa1328 2528
klln 2528
kiaa1586 2528
kiaa0513 2528
khdc1a 2537
klhdc8a 2537
kmo 2537
kitl 2537 2743
kcnf1 2537
kcnv1 2537
kng2 2537
kcnn2 2537
kcnab1 2537
kif12 2537
klhdc7a 2537
kcnip4 2537
klb 2537
klrb1a 2537
klrb1c 2537
kctd14 2537
klkb1 2537
kid 2616
kbd 2616
klhl42 2683
kiaa1522 2683
kcnh2 2683
kcnq5 2683
kcnh5 2683
kdm6b 2683
katna1 2743
kif3c 2743
kazn 2743
kifc5b 2743
