+ 2776 2778 2793 2802 2842 2845 2848 2866 2867 2887 2891 2913 2914 2937 2938 2962 2998 3000 3019 3028 3038 3043 3073 3086 3113 3114 3121 3127 3175 3194 3200 3205 3207 3229 3242 3243 3244 3260 3278 3317 3336 3337 3338 3341 3352 3366 3386 3394 3396 3399 3408 3444 3449 3458 3470 3482 3489 3504 3512 3514 3518 3523 3530 3554 3556 3596 3661 3665 3673 3674 3677 3697 3715 3732 3745 3749 3750 3753 3755 3761 3781 3783 3803 3820 3841 3857 3864 3878 3902 3952 3957 3959 3967 3971 3975 4006 4014 4020 4022 4038 4052 4079 4086 4106 4118 4128 4135 4158 4162 4190 4195 4208 4213 4229 4232 4239 4260 4276 4296 4307 4591 4603 4604 4606 4619 4627 4637 4725 4742 4745 5286 5305 5318 5371 5408 5412 5419 5427 5431 5434 5437 5445 5446 5471 5482 5502 5512 5515 5525 5530
known 2776 2778 2848 2862 2866 2938 2962 2989 3019 3028 3038 3116 3121 3194 3205 3216 3229 3260 3265 3336 3352 3444 3449 3500 3504 3512 3523 3556 3596 3674 3713 3715 3726 3732 3745 3750 3753 3783 3841 3857 3929 3949 3971 3982 4006 4020 4056 4086 4118 4128 4132 4190 4195 4232 4239 4254 4305 4307 4522 4591 4599 4603 4606 4619 4627 4641 4678 4680 4688 4703 4728 4742 4745 4769 4797 4817 4831 4854 4877 4915 4937 4946 4970 5287 5294 5305 5318
kbtbd2 2795 3676 4267 4334
kbtbd8 2795 3828
kctd20 2795 3676 3828
kdelr2 2795 3134 3734 4267
kdm2a 2795 3118 3676
kdm3b 2795 3175 3207 3676
kdm4c 2795 2805 2942 3042 3220 3321 3776 3828 4161 4267
kdm5b 2795 3676 4267
kdm5c 2795 3118 3175 3207 3515 3544 3676 3678 3942
kif11 2795 2805 2942 3118 3220 3321 3734 3776 4267
kif14 2795 2805 2942 3220 3321 3776 3828 4267
kif3a 2795 3118 3576 3676 3734 3828 4334
kifc1 2795 2805 2942 3118 3220 3321 3676 3734 3776 4267
klf3 2795 3828 4267 4334
klhdc1 2795
klhdc10 2795 3220 3321 3676 3776 4267
klhdc5 2795 4267
kpna3 2795 3118 3576 3676 3828 4267 4334
kpna4 2795 2805 2942 3118 3220 3321 3576 3676 3776 4334
kpnb1 2795 2805 2942 3118 3220 3321 3576 3776 4161 4267
kri1 2795 3175 3207 3220 3776 3828
ktn1 2795 2805 3118 3134 3207 3248 3676 3828
kynu 2795 2805 3118 3220 3576 3602 3776 3786 3895
[ 2801 2811 2832 2862 2951 2952 3073 3108 3116 3216 3234 3279 3315 3362 3364 3368 3427 3472 3537 3602 3676 3713 3727 3786 3895 3929 3964 3982 3991 4009 4021 4056 4105 4132 4156 4181 4251 4254 4273 4290 4379 4380 4403 4415 4420 4421 4429 4435 4478 4522 4599 4661 4680 4703 4704 4728 4731 4752 4755 4756 4766 4780 4781 4791 4795 4806 4808 4836 4848 4852 4861 4867 4880 4891 4907 4918 4920 4926 4952 4959 4978 5011 5028 5044 5045 5048 5050 5053 5063 5066 5102 5107 5108 5130 5133 5153 5163 5168 5175 5182 5191 5192 5193 5194 5197 5200 5204 5205 5208 5209 5215 5218 5220 5221 5222 5228 5231 5233 5234 5235 5236 5239 5242 5243 5244 5246 5250 5251 5254 5257 5266 5269 5270 5272 5273 5274 5276 5277 5278 5280 5285 5286 5287 5290 5291 5294 5295 5298 5299 5300 5303 5305 5306 5309 5311 5314 5316 5317 5318 5319 5321 5322 5323 5324 5325 5326 5327 5331 5332 5340 5341 5344 5345 5347 5348 5351 5354 5356 5357 5358 5359 5361 5366 5370 5371 5373 5378 5379 5380 5382 5383 5388 5390 5412 5424 5427 5431 5434 5435 5437 5438 5445 5471 5484 5498 5501 5502 5509 5512 5515 5525 5526 5530 5541 5545
khsrp 2805 2942 3118 3175 3207 3220 3248 3321 3676 3776 4267
kif20a 2805 2942 3118 3175 3207 3220 3321 3734 3776 4161 4267
kif2a 2805 2942 3118 3220 3321 3676 3734 3776 3828 4161 4334
kif2c 2805 2942 3118 3220 3321 3576 3582 3676 3734 3776 3782 3942 4161 4267
kntc1 2805 3118 3175 3207 3220 3776 3828 4267
kmt5a 2805 2942 3118 3220 3321 3776 4161
kpna5 2805 2942 3118 3220 3321 3776 4334
kif24 2805 2942 3220 3321 3776 4267
klhdc3 2805 3118 3220 3676 3776
kras 2805 2942 3134 3220 3321 3676 3776 3828 4267
kdm4a 2805 2942 3042 3175 3220 3321 3676 3776
kiaa0101 2805 3118 3175 3220 3776
kdm4b 2805 2942 3118 3220 3321 3676 3776 4267
klhl21 2805 2942 3207 3220 3321 3776 4267
klhl20 2805 2942 3118 3220 3321 3676 3776 3828 4161
kdm1a 2805 2942 3118 3175 3220 3576 3676 3776 4161 4267
klc1 2805 2942 3118 3175 3220 3321 3676 3734 4161 4267
kat8 2805 2942 3118 3207 3220 3321 3776 4161
kat7 2805 2942 3220 3321 3776 4161
kansl2 2805 3118 3175 3207 3220 3776
kansl3 2805 3118 3220 3776
kat6b 2805 2942 3042 3118 3207 3220 3321 3776 3828
kdm6a 2805 2942 3118 3220 3321 3676 3776 3828 4267
kmt2a 2805 2942 3118 3220 3321 3576 3776 3828
kdm5a 2805 2942 3118 3220 3321 3676 3776 3828 4267
kdm3a 2805 2942 3118 3207 3220 3321 3676 3776 3828 4161 4267
kmt2b 2805 2942 3118 3220 3321 3776
klhl12 2805 2942 3220 3321 3676 3776 3828 4161
kbtbd7 2805 2942 3118 3220 3321 3776 3828
kinase 2805 3118 3602 3786 3895 4161 4791 4808 5197 5233
kinases 2805 3118 4161
kif22 2805 2942 3118 3175 3207 3220 3321 3734 3776 3828 4267 4301
kif4a 2805 2942 3220 3321 3776
ksrp 2805 3118
kinetochores 2805 3118
klk2 2805 3118 3207
klk3 2805 3118 3207
kinesins 2805 3118
ketone 2805 3118 3576 3895
k63 2805 3118
key 2805 2811 2872 2999 3087 3118 3155 3161 3225 3250 3255 3261 3404 3437 3448 3565 3601 3629 3702 3723 3748 3778 3850 3965 4046 4105 4148 4176 4251 4273 4311 4360 4367 4372 4374 4450 4453 4456 4458 4472 4492 4502 4513 4515 4518 4521 4522 4528 4529 4532 4541 4555 4559 4563 4565 4575 4596 4599 4603 4604 4606 4608 4609 4619 4621 4628 4637 4638 4641 4659 4678 4680 4688 4699 4703 4719 4725 4728 4734 4742 4848 4861 4866 4870 4872 4891 4918 4919 4930 4938 4949 4959 4963 4978 5028 5044 5045 5048 5050 5053 5063 5066 5102 5108 5122 5130 5131 5133 5153 5161 5173 5175 5177 5179 5277 5286 5287 5294 5309 5311 5347 5348 5351 5371
k+ 2805 3118
kcnk1 2805 3118 3220 3734 3776 3895
kainate 2805 3118
kiaa1919 2805 3220 3776
keratan 2805 3118
kit 2805 3118 3576 3828
klotho 2805 3118
kir 2805 3118
kd 2805 2872 2999 3087 3118 3155 3161 3225 3261 3437 3448 3565 3601 3778 3850 3965 4046 4176 4251 4311
kinetic 2807 2872 2999 3087 3155 3161 3225 3250 3255 3261 3437 3448 3565 3601 3635 3702 3723 3778 3850 3907 3965 4046 4176 4193 4251 4284 4298 4311 4808 5193 5194 5197 5221 5233 5250
kcgcyata 2837 3044
kaaagsct 2837 3044
kumar 2863 2872 2928 2999 3077 3087 3155 3161 3193 3225 3250 3255 3261 3312 3365 3437 3448 3467 3565 3601 3638 3702 3723 3778 3785 3817 3850 3965 4024 4046 4067 4071 4176 4199 4212 4251 4311 4386 4603 4619 4623 4691 4695 4791 4797 4808 5110 5197 5233 5266 5269 5270 5272 5273 5274 5276 5277 5278 5280 5286 5287 5290 5291 5294 5295 5298 5299 5300 5303 5305 5306 5309 5311 5314 5316 5317 5318 5319 5321 5322 5323 5324 5325 5326 5327 5332 5340 5341 5344 5345 5347 5348 5351 5354 5356 5357 5358 5359 5361 5366 5371 5373 5378 5379 5380 5382
kim 2863 2872 2928 2932 2953 2984 2999 3077 3079 3087 3155 3161 3225 3250 3255 3261 3312 3340 3344 3365 3437 3448 3467 3499 3565 3575 3601 3638 3702 3723 3778 3785 3801 3802 3817 3826 3850 3886 3965 4044 4046 4067 4071 4176 4199 4212 4251 4311 4379 4386 4402 4406 4415 4447 4468 4484 4507 4512 4520 4530 4537 4550 4561 4588 4609 4644 4712 4730 4734 4740 5021 5035 5045 5062 5088 5118 5128 5133 5135 5153
korea 2863 2928 3077 3312 3365 3467 3638 3785 3817 4067 4071 4199 4212 4379 4386 5021 5032 5035 5043 5045 5048 5062 5063 5074 5088 5102 5108 5118 5133 5135 5153
kj 2872 3225 3261 3778 3850 4251
kw 2872 2999 3087 3155 3161 3225 3250 3255 3261 3437 3448 3565 3601 3702 3723 3778 3850 3965 4046 4176 4251 4311
k 2872 2914 2999 3000 3087 3155 3161 3225 3250 3255 3261 3404 3437 3448 3470 3565 3570 3601 3629 3702 3723 3748 3759 3769 3778 3850 3874 3895 3965 3990 4038 4046 4148 4176 4251 4265 4311 4603 4610 4619 4635 4684 5028 5035 5045 5050 5053 5062 5066 5074 5088 5107 5110 5128 5133 5153 5161 5388 5393 5403 5406 5412 5437 5440 5450 5451 5468 5471 5501 5512 5514 5522 5548
kingman 2872 2999 3087 3155 3161 3225 3250 3255 3261 3437 3448 3565 3601 3702 3723 3778 3850 3965 4046 4176 4251 4311 4522 4599 4680 4703 4728
kistler 2872 2999 3087 3155 3161 3225 3250 3255 3261 3437 3448 3565 3601 3702 3723 3778 3850 3965 4046 4176 4251 4311
ku 2872 2999 3087 3155 3161 3225 3250 3255 3261 3321 3437 3448 3565 3601 3702 3723 3776 3778 3850 3965 4046 4176 4251 4311 4528 4529 4603 4619 4638
koche 2872 2999 3087 3155 3161 3225 3250 3255 3261 3437 3448 3565 3601 3702 3723 3778 3850 3965 4046 4176 4251 4311
kasif 2872 2999 3087 3155 3161 3225 3250 3255 3261 3437 3448 3565 3601 3702 3723 3778 3850 3965 4046 4176 4251 4311
koseki 2872 2999 3087 3155 3161 3225 3250 3255 3261 3437 3448 3565 3601 3702 3723 3778 3850 3965 4046 4176 4251 4311
kamal 2872 2999 3087 3155 3161 3225 3250 3255 3261 3437 3448 3565 3601 3702 3723 3778 3850 3965 4046 4176 4251 4311 5035 5062 5074 5088
kellis 2872 2999 3087 3155 3161 3225 3250 3255 3261 3437 3448 3565 3601 3702 3723 3778 3850 3965 4046 4176 4251 4311 4486 4519 4523 4603 4619
kulbokas 2872 2999 3087 3155 3161 3225 3250 3255 3261 3437 3448 3565 3601 3702 3723 3778 3850 3965 4046 4176 4251 4311
kat2a 2897 2927 3118 3175 3576 3676 3678 3734 3828 4267 4301
keto 2914 3000 3470 4038
kircher 2932 3340 3575 3801 4044
katnb1 2942 3207 3220 3248 3321 3734 3776 3828
klf12 2942 3042 3220 3321 3776 3828
klf16 2942 3220 3321 3776 3828 4267
krab 2942 3321 3776
klhl24 2942 3220 3321 3776 3828 4267
klhl18 2942 3220 3321 3676 3776
klhl28 2942 3220 3321 3776 3828 4267
kbtbd4 2942 3220 3321 3776 3828 4267
kdm8 2942 3207 3220 3321 3828
kif1b 2942 3042 3220 3321 3676 3734 3776 3828
kif18b 2942 3207 3220 3321 3734 3776 4267
kif20b 2942 3220 3321 3576 3734 3776 3828
kif27 2942 3220 3321 3734 3776
krba2 2942 3220 3321 3776
kid 2942
kbd 2942
kmt5c 2942 3220 3321 3776
krit1 2942 3207 3220 3321 3576 3676 3776 3828
kazald1 2942 3220 3321 3776 3828
ka1 2942 3776
kind 2942 3321 3776 3964 4454 4565 4606 4608 4641 4647 4649 4650 4678 4688 4699 4742 4877 4879 4893 4915 5286 5371
kiaa0319 2942 3042 3220 3321 3776
kank3 2942 3220 3321 3776
kank1 2942 3042 3175 3207 3220 3321 3776
krt18 2942 3175 3207 3220 3576 3734 3776 3828 4161
kix 2942 3776
ken 2942 5107
kash 2942 3776
kha 2942 3776
kgtagt 2948
know 2951 2952 3315 3364 3427 3991 4374 4492 4518 4589 4603 4606 4610 4619 4621 4631 4635 4659 4684 4736 4742 4984 4993 5006 5287 5294 5305 5316 5318 5344 5370 5383
kolmogorov 2951 2952 3315 3364 3427 3991 4492 4518 4606 4621 4659 4742
klf5 3033 3035 3205 3229 3722 3828 3831
klf14 3033 3035 3205 3229 3722 3831
klf9 3033 3035 3722 3828 3831 4267
kcacgtgmcn 3033 3035 3596 3722 3831
klf4 3033 3035 3118 3207 3576 3722 3828 3831 4267
klf10 3033 3035 3676 3722 3828 3831 4267
kgttgccatggcaa 3033 3035 3722 3831
kccacgtgac 3033 3035 3722 3831
ktgaccttga 3033 3035 3722 3831
kiaa0391 3042 3220 3776
kiaa0825 3042 3220 3776
keloid 3042
knee 3042
kawasaki 3042
kidney 3042 3895 4161 4457 4522 4537 4728 4730
kiaa0355 3042 3207 3220 3776 3828
kctd7 3042 3220 3321 3776 3828 4334
klhdc8b 3042 3175 3220 3321 3776
kctd1 3042 3220 3321 3676 3776 4267
{ 3058 3073 4259 4383 4403 4464 4517 4548 4603 4615 4619 4926 4934 4982 5021 5028 5035 5044 5045 5048 5050 5053 5056 5062 5063 5066 5074 5081 5088 5094 5102 5107 5108 5110 5122 5128 5130 5131 5133 5150 5152 5153 5229 5277 5309 5337 5388 5390 5408 5410 5412 5415 5419 5420 5424 5427 5431 5434 5437 5438 5443 5445 5446 5471 5477 5478 5482 5484 5496 5498 5502 5503 5505 5509 5512 5515 5525 5530 5541 5545
kctd15 3069 3248 4089 4301
+= 3073 5427 5431 5434 5437 5445 5446 5482 5502 5515
krbox4 3118 3175 4334
krba1 3118 3207 3776 3828 4267
kars 3118 3175 3676 3734 4267 4301
kat5 3118 3175 3207 3248 3576 3676 4076 4267 4293 4301
kif18a 3118 3734 3828
kpna2 3118 3134 3576 3676 4267
kitlg 3118 3576 3828
kremen2 3118 3175
kmt2e 3118 3134 3828
kansl1 3118
kat6a 3118 3828 4334
klc4 3118 3676 3734 4267
kif5b 3118 3175 3576 3676 3734 3828 4267
kifc3 3118 3734 3828 3942
ksr2 3118
kidins220 3118 3576 3676 3734 3828
khk 3118 3175 3576 3786 3828 3895 4267
kdsr 3118 3576 3734 3786 3895
kcnj11 3118 3576 3734 3895
kif15 3118 3576 3734 3828 4267
kif9 3118 3734 3828 4267
kcnk6 3118 3734
kcnj2 3118 3734 3895 4267
kcnn3 3118 3734
kcng3 3118 3734 3828
kcnd1 3118 3734
kcng1 3118 3175 3676 3734
kdelr1 3134 3676 3828
krt19 3134 3207
klk6 3134
krt8 3134 3207 3576 3734 4267
krtcap2 3134 3175 3207 3676
krt10 3134 3828 4267
krt5 3134 3207
kif23 3146 3676 3828 3942 4267 4301
klk8 3175 4267
klhl42 3175 4334
krt222 3175 3828
kptn 3175 3220 3828 4267
kcnn4 3175 3207
kiaa0196 3175 3828
klrc2 3175
kiaa0100 3175 3207 3220 3776
kiaa0586 3175 3828
kif1c 3175 3828
kcnh3 3175 3828
kiaa1467 3175 3207
kiaa0922 3175
krtcap3 3175 4267
klhl17 3175 3207 3828 3866 3931 3942 4267 4301
kiaa0146 3175
katna1 3175 3676 4267
kiaa0020 3175
kbtbd3 3175
kdelr3 3175 3207
kiaa0895l 3175 3207 3220 3776
kiaa1551 3175 3220 3776 3828
khdrbs1 3175
kctd18 3175 3676 3828
krt15 3175 3207
kxd1 3175 3220 3776 3828
kiaa1143 3175 3220 3776 3828 4334
knstrn 3175 3207 3220
klrc3 3175
klrg1 3175
kdm5d 3175 3207
klhdc4 3175 3207 3220 3676 3776 3828
kansl1l 3175 3828
kctd13 3175 3207 3676 4267
kcnh6 3207
kazn 3207 3676 4334
krt121p 3207
klhl35 3207
krt13 3207
kir3dx1 3207
kcnab3 3207
klk15 3207
kiaa1967 3207
krt80 3207 3220 3734 3776
kiaa0141 3207 3220 3321 3776
kcnc4 3207
klhdc2 3207 3220 4267
klc2 3207 3676 3828 4267
kcnk4 3207
krt6a 3207
krt16p1 3207
krt16p3 3207
klk4 3207
klk12 3207
kiaa0319l 3207 3828
kdm2b 3207 3676
kiaa1217 3207
kdelc1 3207 3676
klf6 3207 3576 3828 4267
klrk1 3207
kcnh2 3207
kiaa1671 3207
klrd1 3207 4267
klk5 3207
krt72 3207
kctd19 3207
kiaa0195 3207 3828
kiaa1875 3207 3828
kifc2 3207 4267
katnbl1 3207 3828
kcnh8 3207
klk11 3207
kcp 3207
krt73 3207
klc3 3207 3248 3676 4301
klk1 3207
krr1 3207 3220 3321 3676 3776 3828
klf8 3207
kiaa0430 3207
kirrel2 3207
kcnt1 3207
khdc1 3207 3828
kcnq3 3207
krt42p 3207
kiaa1984 3207
kcnk7 3207
krt17 3207
klf17 3207
kif21b 3207 3676 4267
kif12 3207
kiaa1328 3220
kctd5 3220 3321 3676 3776
kiaa0907 3220
kiaa0895 3220 3776 3828
kiaa2026 3220 3321 3828
kiaa0556 3220 3776
kif1bp 3220 3776
kiaa1429 3220 3776 3828
kiaa1191 3220 3776
kiaa1958 3220 3776
kti12 3220 3776 3828
kiaa1715 3220 3776 3828
kh 3321
kow 3321 3776
ku78 3321
kisc 3321
kelch 3321
kazal 3321
kr 3321 3776 5074
+irvine 3484
+california+92617 3484
klf11 3576 3828 4267
kynurenine 3602 3786
ketogenesis 3602 3786
ketolysis 3602 3786
kctd10 3676 4267 4334
klhl5 3676 3828
kif21a 3676 3734 3828 4334
klf7 3676 3828 4267
kif1a 3676
kctd2 3676 3828 4267
khdrbs3 3676
kirrel3 3676
klhl13 3676 3828 3942
kifap3 3676
kdm1b 3676 3828
kif3c 3676
kctd3 3676 3828 4267
kcnab2 3676 4267
kcnip1 3676
kif3b 3676 4267
kitl 3676
kcnmb4 3676 3828 4267
kcnq2 3676 3828
kif5c 3676
kctd17 3676 3828 4267
kalrn 3676
kpna1 3676 3828 4267
klhl22 3676 3828 4267
kat2b 3676 3828 4267
katnal1 3676 4267
kifc5b 3676
kcne2 3676
krcc1 3676 3828 4267
klhl7 3676 3828 4267
kinesinheavy 3734
kif16b 3734 3828
kif13b 3734 4267
kir62channel 3734
kir21channel 3734
kv41channel 3734
kinesinlight 3734
kcltrnsport 3734
kv6channel 3734
kcnk5 3734 4267
kv9channel 3734
kirchannel 3734
kvchannel 3734
kchannel 3734
kazalinhbtr 3734
kir22channel 3734
kcnab1chanel 3734
kv8channel 3734
kv31channel 3734
kir34channel 3734
kv43channel 3734
kir23channel 3734
kir5channel 3734
kv13channel 3734
kv12channel 3734
kir12channel 3734
kv16channel 3734
kcnq2channel 3734
kv11channel 3734
kv21channel 3734
kir13channel 3734
kv34channel 3734
kir31channel 3734
kv33channel 3734
kir11channel 3734
kcnab3chanel 3734
kcne3channel 3734
kv42channel 3734
kir33channel 3734
kcltrnsport1 3734
kcnq1channel 3734
kcnab2chanel 3734
kcne1channel 3734
kir61channel 3734
kv15channel 3734
kappaopioidr 3734
kir32channel 3734
kininogen 3734
kv14channel 3734
kcne2channel 3734
kv22channel 3734
kir7channel 3734
kcnq3channel 3734
kiss1receptr 3734
kcnechannel 3734
kimptpase 3734
kcnabchannel 3734
kcnqchannel 3734
kinesin 3776
kxdl 3776
klraq 3776
kv2channel 3776
kelk 3776
kiaa1430 3776
krtap 3776
krtap7 3776
kinocilin 3776
k167r 3776
kog2701 3776
kklcag1 3776
kdo 3776
kisspeptin 3776
krtdap 3776
k1377 3776
kaag1 3776
kringle 3776
klhl23 3786 3828
klhl11 3828 4267
kiaa1109 3828
kiaa1468 3828 4334
kiaa1033 3828
klrap1 3828
kiaa1524 3828
kdm7a 3828
kiaa0930 3828
klhl15 3828
klhl9 3828
khnyn 3828 4267
kiaa2018 3828
kctd12 3828 4267
kcnip3 3828
kiaa1211 3828
kiaa1279 3828
kdelc2 3828
kmt2c 3828
kctd9 3828 4267
klhl8 3828
kantr 3828
ksr1 3828
kiaa1107 3828
krt18p11 3828
kcnma1 3828
keap1 3828
kiaa1024 3828
klhl25 3828
kcnq1ot1 3828
kcnt2 3828
kiaa1257 3828
kif13a 3828
klhl2 3828
kcnn1 3828
kiaa1586 3828
kcnq5 3828
kcnj4 3828
klhl41 3828
kcnj3 3828
kiaa1147 3828
kcna7 3828
kiaa1324l 3828
kcnj14 3828
krt8p12 3828
klhl14 3828
krt8p36 3828
kcnip4 3828
krt18p13 3828
kiaa1598 3828
kcnip2 3828
krabbe 3895
ketotic 3895
ketorolac 3895
ketoprofen 3895
ketobemidone 3895
kitpathway 4161
keratinocytes 4161
kos 4214
klf2 4267
klf13 4267
klhl6 4267
kremen1 4267
kif4 4267
kctd6 4267
klhl3 4267
kpna6 4267
kbtbd11 4267
kctd14 4267
klra2 4267
klhl36 4267 4334
klrg2 4267
kalashnikov 4351 4355 4367 4375
keyword 4352 4377 4379 4382 5501 5526
kambhatla 4352 4377
knowledge 4360 4372 4379 4456 4459 4464 4468 4472 4484 4485 4487 4492 4496 4497 4498 4510 4513 4514 4517 4518 4521 4522 4539 4541 4552 4553 4559 4566 4575 4580 4582 4588 4599 4603 4606 4609 4614 4615 4619 4621 4628 4632 4642 4645 4653 4659 4664 4666 4669 4673 4676 4677 4680 4683 4693 4694 4703 4711 4718 4719 4728 4734 4740 4742 4743 4744 4761 4769 4794 4798 4807 4817 4831 4834 4848 4854 4866 4867 4869 4870 4872 4877 4880 4882 4886 4910 4915 4918 4932 4933 4937 4944 4945 4958 4959 4963 4967 4978 4981 5000 5008 5014 5231 5236 5266 5269 5270 5272 5273 5274 5276 5277 5278 5280 5285 5286 5287 5290 5291 5294 5295 5298 5299 5300 5303 5305 5306 5309 5311 5314 5316 5317 5318 5319 5321 5322 5323 5324 5325 5326 5327 5331 5332 5340 5341 5344 5345 5347 5348 5351 5354 5356 5357 5358 5359 5361 5366 5370 5371 5373 5378 5379 5380 5382 5383
kickoff 4367 4852 4918 4920 4978 5013
kolluru 4367
kaminka 4367
keskinocak 4367
khan 4367
kantarcioglu 4367
kathleen 4367
keep 4370 4603 4610 4619 4635 4684 5004 5006 5009 5160 5166 5174 5287 5294 5305 5311 5318 5347 5370 5383
karen 4370 5316 5370 5383
kathy 4370
kishore 4379
khurram 4379
knowl 4379
khodaei 4379
katumalla 4379 4386
khatib 4379
keys 4379 4603 4610 4619 4635 4684 5526
koudas 4379 5493 5501
kyoto 4379 4481 4495 4521 4542 4559 4575 4660 4686 4719 4752 4835 5074 5493
kluwer 4379 4772 4791 4800 4808 5074 5182 5197 5233
kobe 4379 5316
kenny 4381
kangxiong 4381
kangkang 4381
kong 4385 4492 4510 4518 4606 4614 4621 4659 4683 4742 4744
kacst 4386
keynote 4415 4468 4469 4480 4484 4485 4487 4500 4527 4533 4545 4546 4549 4571 4587 4588 4632 4656 4664 4669 4681 4694 4702 4721 4729 4735 4740 4791 4806 4848 4851 4861 4863 4877 4891 4894 4915 4932 4942 4943 4948 4959 4962 4967 4972 4975 4977 4981 5000 5021
kevin 4447 4459 4468 4484 4498 4512 4520 4552 4553 4561 4586 4588 4639 4651 4655 4689 4707 4712 4714 4718 4740 4748 5277 5309
korattikara 4447 4468 4484 4512 4520 4561 4588 4651 4707 4712 4740
kongphd 4450 4453 4458 4606 4742
kinds 4454 4492 4496 4514 4518 4539 4565 4580 4606 4608 4621 4647 4649 4650 4659 4699 4742 4851 4877 4915 4972 5287 5294 5303 5359 5501
king 4457 4522 4532 4537 4555 4563 4603 4604 4606 4619 4637 4725 4728 4730 4742 5197 5233
kristina 4457 4522 4537 4728 4730
krichmar 4459 4498 4552 4553 4630 4668 4718 5021 5045 5062 5110 5122 5131 5133 5153
kobsa 4459 4498 4502 4515 4533 4545 4549 4552 4553 4616 4630 4653 4666 4668 4702 4718 4733 4735
kino 4461 4477 4497 4566 4673 4676 4743
kappen 4464 4517 4603 4615 4619
knijnenburggraduate 4472 4603 4609 4619 4734
knijnenburg 4472 4603 4609 4619 4734
karger 4472 4603 4609 4619 4734
korattikaragraduate 4472 4603 4609 4619 4734
katerina 4472 4603 4609 4619 4734
kinematic 4472 4603 4609 4619 4734
kamalika 4472 4603 4609 4619 4734
kanpur 4472 4582 4603 4606 4609 4619 4645 4677 4711 4734 4742
kansas 4472 4603 4609 4619 4734
kth 4472 4603 4609 4619 4734
koenderink 4481 4485 4487 4495 4501 4542 4554 4602 4632 4669 4686 4694
karakusgraduate 4486 4519 4523 4603 4619
keypoints 4486 4519 4523 4603 4619
keypoint 4486 4519 4523 4603 4619
kotziasgraduate 4486 4519 4523 4603 4619
kernel 4492 4496 4514 4518 4532 4539 4555 4563 4580 4591 4603 4604 4606 4619 4621 4627 4637 4641 4659 4678 4688 4725 4742 4745 5021 5110 5155 5156 5157 5158 5159 5160 5161 5162 5163 5164 5165 5166 5168 5169 5170 5171 5172 5173 5174 5175 5176 5177 5178 5179 5180 5181 5182 5183 5184 5185 5186
kitchens 4496 4514 4539 4580 4606 4742
kdd 4502 4515 4522 4596 4599 4603 4619 4680 4703 4728
kyle 4502 4515 4596 4603 4619
krishnan 4502 4515 4596 4603 4619
knowledgewe 4510 4606 4614 4683 4742 4744
kirshnerassistant 4522 4599 4680 4703 4728
kirshner 4522 4530 4599 4644 4680 4703 4728
kreucher 4522 4599 4680 4703 4728
karina 4522 4599 4680 4703 4728
keogh 4530 4644
kernels 4532 4555 4563 4591 4603 4619 4627 4745 5045 5056 5081 5133 5153
kristen 4532 4555 4563 4603 4619
kaist 4532 4555 4563 4603 4619
krishnamurthypostdoctoral 4565 4606 4608 4699 4742
kat 4572 4981 4995 4998 5000
kbs 4582 4606 4645 4677 4711 4742
kb 4582 4606 4645 4677 4711 4742 4759 4822
kenigpostdoctoral 4589 4606 4631 4736 4742
kontorovich 4591 4603 4619 4627 4745
kiss 4603 4610 4619 4635 4684
kattge 4606 4641 4678 4688 4742
knowing 4606 4641 4678 4688 4742 4848 4866 4872 4877 4915 4959 4964 4979 5287 5294
komarova 4630 4668
kegg 4752 4835
kmech 4755
kmechreaction 4755
kimberly 4756 5058 5114
kolchanov 4756 4760 4772 4791 4800 4808 5193 5194 5197 5233
+7 4760
kol 4760
+46 4760
knut 4760
krupins 4760
kiosk 4769 4817 5286 5371
kmech† 4774 4825 4836
kineteics 4774 4825 4836
kona 4780 4791
koumoutsakos 4781 4791 4792 4808 5193 5194 5197 5233 5242 5246
krupinski 4791 4808
kirouac 4791 4808
kogai 4791 4808
ks 4791 4808
kogay 4791 4808 5197 5233
khropova 4791 4808
kitano 4791 4808 4833 5197 5233
kasberger 4791 4808 5197 5233
kremling 4791 4808 5197 5233
kummer 4791 4808 5197 5233
ky 4795 4839
klipp 4833
kriete 4833
kinetics 4833 5197 5220 5221 5231 5233 5236 5242 5246 5250 5257
keener 4833
koehne 4848 4849 4850 4851 4852 4853 4856 4857 4859 4860 4861 4863 4864 4865 4866 4867 4869 4870 4872 4874 4875 4877 4878 4879 4880 4881 4882 4883 4884 4886 4887 4888 4891 4893 4894 4895 4897 4898 4899 4900 4901 4902 4903 4904 4906 4907 4910 4911 4912 4913 4914 4915 4918 4919 4920 4921 4922 4923 4924 4925 4927 4928 4929 4930 4931 4932 4933 4935 4936 4938 4939 4941 4942 4943 4944 4945 4946 4948 4949 4950 4952 4953 4954 4955 4956 4957 4958 4959 4961 4962 4963 4964 4967 4968 4969 4970 4971 4972 4973 4974 4975 4977 4978 4979
keywords 4848 4870 4877 4879 4893 4901 4915 4918 4921 4930 4931 4938 4953 4959 4963 4964 4978 4979 5021 5028 5035 5044 5045 5048 5050 5053 5056 5062 5063 5066 5074 5081 5088 5094 5102 5107 5108 5110 5122 5128 5130 5131 5133 5152 5153
km 4870 4886 4910 4918 4933 4958 4963 4978
krapp 4877 4915 4946 4970
khode 4878 4961
kuuti 4878 4961
kenneth 4918 4978 5118 5135
katie 4918 4978 4981 4995 4998 5000 5058 5114 5286 5295 5300 5341 5354 5358 5366 5370 5371 5383
kelly 4981 5000 5280 5323 5327 5380
kate 4981 5000 5266 5356
krieger 4981 5000
kmlo 4984 4993 4995 4998
keeping 4995 4998 5003 5005 5012 5287 5294
kick 5004 5013
« 5021 5035 5045 5062 5074 5088 5107 5110 5128 5133 5153 5493
» 5021 5028 5035 5045 5050 5053 5062 5066 5074 5088 5107 5110 5128 5133 5153
kurdahi 5021 5028 5045 5050 5053 5062 5066 5088 5107 5110 5128 5133 5153
koloa 5021
kazuyuki 5021 5118 5135
kyoungwoo 5021 5035 5062 5088 5118 5135
khajeh 5021 5062 5110
kang 5021 5045 5102 5108 5133 5153
kiyoung 5021 5062 5074 5088
kanduri 5028 5045 5050 5053 5066 5133 5153
kasra 5028 5045 5050 5053 5066 5118 5133 5135 5153
knobs 5028 5045 5050 5053 5066 5133 5153
kadeed 5028 5045 5050 5053 5066 5133 5153
kookmin 5032 5043 5118 5135
krishnamurthy 5035
kejariwal 5035 5074 5088
kahne 5035
khouri 5035 5062 5074 5088
kubilay 5035
kasaeyan 5045 5094 5118 5133 5135 5152 5153
kenshu 5045 5102 5108 5118 5133 5135 5153
kashyap 5045 5122 5131 5133 5153
kashyaprecurrent 5045 5122 5131 5133 5153
knob 5045 5133 5153 5311 5347
kolkata 5045 5133 5153
kehoe 5058 5114
kogel 5062
ko 5062
kannan 5062
kashai 5074
kiyoungconfigurable 5074
kforge 5074
kam 5074
kishinevsky 5074
kaustav 5088
kanishka 5088
kenergy 5088
kolson 5107 5128
kennedy 5107
kenoptimal 5107
kena 5107
kipps 5107
kristofor 5110 5122 5131
killarney 5110 5122 5131
kargo 5110
kontorinis 5110
khuong 5118 5135
kochi 5118 5135
karlsruhe 5118 5135
kulkarni 5128
koen 5128
khare 5128
kjeldsberg 5128
kozyrakis 5128
kelley 5128
kept 5160 5287 5294 5370 5383
kaufman 5191 5215 5222 5254
kazantsev 5193 5194 5197 5233
kochetov 5193 5194 5197 5233
k12 5197 5200 5233 5243
kintner 5197 5233
klein 5197 5233
kankanhalli 5261
knobel 5266 5272 5274 5277 5295 5298 5299 5300 5303 5309 5311 5319 5321 5324 5325 5341 5347 5354 5356 5357 5358 5359 5366 5370 5378 5383
keynotes 5269 5370 5373 5383
kucha 5269 5286 5371 5373
knows 5287 5294 5305 5318
knowledgewith 5287 5294
keer 5287 5294
kaise 5305 5318
kare 5305 5318
ke 5305 5318
kya 5305 5318
koepfler 5311 5347
katherine 5311 5347
kits 5331
kinects 5331
kurzweil 5331
kierkeguardians 5370 5383
k=0 5388 5412 5427 5445
kathrin 5390 5477
kathryn 5390 5477
kathein 5390
+1 5412 5437 5515
++size 5412
k++ 5412 5437 5512
++it 5415 5431 5434 5498 5512
k= 5427 5445
++ 5431 5437
++word 5431
++jt 5431 5512
++ids 5431
++id 5431
++cluster 5434
++index 5434
++localhist 5434
++contain 5434
kathrine 5477
katherin 5477
kaushik 5493
kensuke 5493
