june 36063 36077 36104 36107 36109 36117 36139 36143 36162 36169 36172 36184 36188 36198 36207 36241 36242 36260 36310 36325 36327 36328 36331 36342 36364 36375 36396 36458 36486 36487 36490 36498 36520 36521 36524 36553 36563 36567 36584 36585 36593 36605 36611 36625 36683 36686 36690 36695 36719 36720 36732 36735 36739 36748 36760 36769 36770 36834 36837 36861 36874 36879 36883 36885 36895 36901 36925 36927 36932 36938 36942 36945 36946 36963 36964 36965 36976 36982 37040 37048 37064 37066 37067 37072 37087 37101 37107 37118 37120 37122 37131 37139 37140 37189 37197 37208 37231 37239 37244 37248 37265 37294 37300 37325 37326 37337 37367 37370 37380 37388 37399 37421 37432 37435 37441 37459 37463 37494 37495 37497 37503 37513 37530 37553 37560 37576 37654 37667 37673 37686 37700 37726 37727 37728 37731 37755 37758 37760 37766 37771 37785 37796 37822 37824 37847 37877 37880 37904 37913 37930 37941 37950 37953 37971 38005 38019 38021 38033 38036 38038 38047 38048 38060 38076 38082 38102 38109 38111 38115 38124 38130 38132 38140 38142 38143 38145 38146 38176 38178 38181 38189 38192 38202 38217 38218 38219 38230 38238 38241 38254 38321 38337 38356 38379 38416 38418 38419 38448 38456 38472 38474 38478 38488 38490 38515 38519 38535 38549 38558 38565 38611 38616 38619 38626 38647 38654 38663 38714 38733 38735 38744 38760 38769 38770 38772 38778 38782 38792 38794 38819 38833
joel 36066 36189 36357 36403 36539 36548 36835 37201 37241 37265 37470 37558 37600 37662 37819 37866 37941 37955 38110 38289 38417 38620
zero 36068 36343 36495 36545 36719 36730 36732 36739 36783 36883 37154 37233 37286 37368 37380 37399 37423 37526 37538 37592 37629 37669 37688 37789 37813 37882 37953 37976 38005 38055 38084 38187 38193 38286 38350 38378 38419 38465 38533 38608 38718 38771
joint 36068 36143 36262 36336 36483 36527 36575 36626 36686 36701 36703 36719 36732 36735 36866 36883 36943 36945 36965 37066 37087 37139 37157 37159 37191 37412 37469 37623 37913 38005 38033 38044 38090 38113 38268 38272 38334 38419 38488 38544 38702 38718 38796
jobs 36070 36106 36143 36152 36200 36211 36213 36217 36227 36231 36235 36240 36268 36276 36320 36326 36338 36348 36350 36381 36390 36415 36430 36455 36467 36487 36517 36527 36529 36566 36605 36621 36623 36637 36674 36677 36730 36731 36743 36757 36760 36771 36790 36793 36813 36890 36894 36902 36906 36925 36937 36945 36987 36988 36993 37005 37023 37026 37065 37069 37087 37111 37134 37161 37182 37199 37243 37248 37269 37284 37292 37299 37333 37352 37360 37421 37428 37431 37464 37468 37486 37503 37505 37521 37564 37566 37582 37596 37602 37627 37644 37659 37715 37735 37736 37750 37758 37781 37818 37846 37852 37863 37877 37924 37929 37961 37969 37992 38022 38039 38074 38080 38090 38139 38159 38176 38193 38241 38253 38264 38287 38351 38360 38365 38376 38396 38429 38437 38456 38498 38511 38522 38530 38583 38618 38619 38631 38651 38673 38709 38711 38735 38737 38770 38780 38788 38803
jun 36079 36103 36141 36143 36186 36189 36259 36273 36297 36299 36310 36322 36341 36357 36403 36421 36468 36480 36505 36539 36542 36548 36563 36572 36739 36749 36773 36791 36801 36811 36831 36835 36898 36909 36917 36923 36927 36992 37061 37100 37188 37201 37241 37278 37325 37332 37349 37470 37516 37539 37588 37600 37662 37707 37741 37749 37819 37862 37866 37876 37920 37941 37943 37948 37955 38023 38052 38057 38085 38093 38110 38137 38184 38233 38289 38314 38398 38404 38417 38452 38483 38493 38526 38603 38612 38620 38638 38660 38670 38714 38732 38820
john 36086 36106 36116 36295 36298 36302 36310 36322 36337 36403 36425 36471 36505 36539 36563 36735 36739 36802 36847 36988 37139 37299 37316 37349 37357 37520 37566 37662 37707 37734 37741 37801 37813 37876 38023 38055 38057 38090 38110 38114 38125 38143 38268 38282 38415 38452 38564 38577 38670 38693 38696 38782 38806 38817
j 36087 36103 36200 36209 36235 36241 36242 36271 36295 36310 36322 36403 36480 36493 36539 36563 36627 36719 36732 36739 36802 36807 36813 36822 36883 36923 36933 36989 37041 37047 37061 37113 37116 37133 37253 37357 37525 37538 37609 37628 37662 37715 37741 37820 37876 37891 37941 37953 37990 38005 38023 38057 38084 38148 38187 38233 38277 38397 38419 38424 38452 38488 38702 38716 38754 38781 38820
joins 36087 37882 38090 38633
july 36100 36116 36150 36177 36241 36242 36249 36251 36276 36286 36302 36305 36310 36313 36330 36338 36374 36378 36436 36446 36447 36469 36476 36477 36508 36517 36563 36567 36571 36596 36602 36605 36615 36633 36647 36648 36649 36655 36663 36678 36681 36693 36719 36731 36732 36735 36790 36832 36855 36857 36882 36883 36912 36922 36927 36928 36941 36945 36952 36989 36991 37004 37008 37024 37026 37080 37120 37136 37139 37144 37147 37148 37151 37182 37200 37233 37248 37267 37291 37324 37348 37357 37383 37397 37435 37450 37478 37481 37490 37548 37555 37571 37621 37634 37690 37696 37716 37787 37821 37824 37840 37842 37865 37875 37884 37917 37928 37958 37961 37975 38005 38074 38083 38088 38090 38096 38110 38120 38132 38139 38208 38210 38227 38231 38235 38247 38287 38325 38359 38367 38423 38428 38431 38461 38467 38488 38520 38521 38529 38536 38538 38540 38552 38566 38569 38582 38607 38618 38634 38640 38650 38663 38690 38700 38701 38702 38711 38714 38723 38758 38765 38777 38786 38797 38798 38816 38817
jet 36100 36793
jack 36102 36189 36310 36322 36539 36596 36641 36748 37241 37439 37662 37688 37711 37832 38057 38769
joan 36102 36947 36965 37241 37741 38714
jan 36103 36141 36168 36186 36189 36232 36259 36273 36297 36299 36310 36322 36357 36403 36468 36471 36480 36505 36539 36548 36563 36636 36749 36756 36773 36791 36801 36802 36831 36898 36909 36913 36927 36992 37019 37100 37188 37201 37227 37241 37265 37278 37332 37349 37355 37365 37470 37501 37516 37539 37588 37600 37662 37707 37739 37741 37819 37862 37866 37876 37920 37928 37939 37941 37943 37948 37955 38023 38034 38052 38055 38057 38085 38093 38110 38137 38158 38184 38233 38289 38306 38314 38398 38404 38417 38452 38483 38544 38620 38670 38714 38732 38755 38758 38820
* 36103 36109 36131 36141 36176 36186 36189 36197 36201 36210 36232 36257 36259 36273 36290 36297 36298 36299 36322 36323 36341 36344 36357 36380 36403 36437 36460 36468 36471 36478 36480 36481 36493 36495 36503 36505 36537 36539 36548 36550 36569 36604 36608 36627 36644 36698 36715 36722 36730 36732 36735 36739 36749 36763 36773 36791 36801 36802 36811 36822 36825 36831 36847 36869 36898 36909 36927 36973 36992 37019 37020 37039 37099 37100 37133 37159 37183 37188 37201 37213 37241 37260 37263 37278 37296 37332 37349 37368 37384 37418 37422 37433 37457 37470 37516 37525 37538 37539 37551 37558 37565 37580 37581 37588 37590 37599 37600 37605 37609 37657 37658 37662 37669 37688 37707 37741 37757 37775 37789 37790 37805 37819 37852 37862 37866 37867 37876 37907 37914 37920 37921 37922 37931 37941 37943 37948 37953 37955 37979 38023 38032 38052 38055 38057 38059 38069 38084 38085 38093 38110 38135 38136 38137 38138 38148 38184 38187 38233 38248 38286 38288 38289 38300 38306 38314 38320 38334 38348 38354 38398 38404 38405 38410 38412 38413 38417 38437 38452 38462 38471 38472 38483 38488 38505 38533 38612 38620 38670 38680 38696 38714 38732 38754 38763 38771 38783 38789 38806 38820
jozef 36103 36141 36186 36189 36322 36357 36403 36468 36480 36505 36539 36548 36608 36749 36773 36791 36801 36831 36898 36909 36992 37100 37188 37201 37241 37278 37332 37349 37470 37516 37539 37588 37600 37662 37741 37866 37876 37941 37943 37955 38057 38085 38093 38110 38137 38184 38233 38289 38314 38398 38404 38417 38483 38612 38620 38670 38714 38820
jul 36103 36107 36141 36186 36189 36273 36297 36299 36310 36322 36357 36403 36468 36480 36505 36507 36539 36548 36563 36571 36749 36773 36791 36801 36811 36831 36898 36909 36992 37100 37188 37201 37241 37278 37332 37349 37470 37516 37539 37588 37600 37662 37707 37741 37819 37849 37862 37866 37876 37941 37943 37955 37960 38023 38052 38057 38085 38093 38110 38137 38184 38233 38289 38314 38354 38398 38404 38417 38452 38483 38526 38553 38560 38603 38612 38620 38638 38670 38714 38732 38820
jessie 36103 36539 36773 37662
jacobs 36103
joyce 36103 36295 36403 36539 36877 36927 37130 38488
jaime 36103
joshua 36103 36105 36113 36181 36590 36605 36675 36708 36712 36735 36773 36871 36907 36945 36949 36988 37058 37241 37398 37428 37448 37456 37477 37664 37706 37710 37906 37952 37970 38056 38081 38245 38291 38586 38598 38613 38727 38736 38807
jr 36103 36107 36517 36719 37796 38233
jackson 36103 36735 37520 38057
joseph 36103 36106 36211 36310 36403 36480 36505 36539 36548 36566 36749 36773 36802 36862 36886 37100 37134 37186 37201 37241 37278 37299 37349 37662 37876 37941 38023 38057 38093 38233 38452 38620 38633 38670 38714 38820
james 36103 36107 36316 36322 36403 36886 36945 37047 37130 37134 37139 37299 37332 37357 37543 37741 37796 37876 37953 38023 38057 38093 38132 38184 38360 38410 38781
joann 36103
jersey 36103 36310 36322 36455 37139 38268
jean 36103 36310 36322 36539 36739 36749 36753 36791 36802 36939 37039 37278 37320 37600 37758 37876 38023 38184
jerome 36103 38057 38452 38714
jacobson 36103 36567 37233 37356 37380 37469 37726 37999 38114 38143 38287 38419 38490 38718
zalel 36103 37201 37332
joachim 36103 36141 36189 36201 36273 36357 36403 36791 37201 37278 37662 37741 38093 38110 38137 38184 38670 38714
jachwet 36103 36273 37201 38233
jakob 36103 36141 36186 36189 36273 36297 36299 36322 36357 36403 36468 36480 36505 36539 36548 36608 36749 36773 36791 36801 36909 36992 37201 37241 37278 37313 37320 37332 37349 37470 37516 37539 37588 37600 37662 37707 37741 37819 37862 37866 37876 37941 37943 37955 38023 38052 38085 38093 38110 38137 38184 38233 38289 38314 38398 38404 38417 38452 38476 38483 38620 38670 38714 38794 38820
josephine 36103 38714
jake 36103 36322 37087
jachet 36103 36186 36357 36539 36898 37100 37201 37332 37470 37600 38023 38110 38184 38233 38417 38620 38820
zarnowca 36103
josef+rsie 36103
julia 36103 36403 36539 36603 36992 37098 37941 38057 38093 38438 38474 38732
jason 36103 36106 36107 36232 36302 36322 36459 36605 36674 37016 37139 37227 37241 37520 37579 37681 37796 38023 38132
jacqueline 36103 36320 36403 38023
jerry 36103 36116 36241 36310 37734 38213
jones 36103 36268 36471 36847 36905 36989 37813 38488
jonas 36103 36141 36259 36468 36480 37201 37332 37349 37662 37741 37819 37955 38093 38110 38233 38289 38417 38483 38620 38820
jaker 36103
jozua 36103 36357 36468 37241 37332 37588 37941 38085 38110 38820
zetkowicz 36103
zip 36104 36112 36223 36617 36652 36730 36858 36891 36905 36973 37233 37907 38055 38080 38490 38533 38718 38763
january 36106 36143 36205 36219 36242 36310 36319 36481 36517 36522 36529 36567 36674 36692 36699 36701 36730 36732 36735 36758 36849 36870 36927 36945 37018 37026 37047 37061 37139 37156 37211 37265 37279 37292 37313 37435 37522 37635 37653 37659 37863 37894 37939 38031 38034 38080 38107 38111 38114 38116 38132 38134 38306 38350 38410 38419 38462 38488 38535 38539 38541 38596 38602 38663 38674 38711 38741 38758 38769
judge 36106 36241 36760 36847 36989 37002 37087 38143
jordan 36106 36187 36412 36756 37239 37344 37399 37526 37558 37619 37734 37813 37955 38005 38022 38023 38767
junyszek 36106
jianlin 36106
jeffrey 36106 36310 36322 36403 36988 37796 37849 38137 38633
just 36106 36143 36211 36217 36223 36231 36232 36242 36289 36310 36336 36343 36348 36381 36412 36415 36424 36437 36455 36458 36471 36474 36475 36481 36485 36519 36522 36539 36545 36605 36617 36621 36623 36627 36719 36730 36732 36739 36743 36757 36768 36793 36802 36847 36862 36866 36877 36883 36905 36906 36927 36931 36945 36948 36950 36954 36963 36989 37016 37019 37039 37041 37047 37065 37067 37087 37111 37133 37134 37139 37146 37153 37154 37159 37160 37165 37183 37210 37213 37233 37260 37269 37313 37320 37325 37333 37356 37365 37368 37380 37384 37393 37413 37422 37433 37462 37464 37469 37502 37503 37520 37521 37525 37538 37543 37558 37566 37581 37592 37596 37605 37623 37635 37649 37658 37683 37684 37688 37705 37721 37723 37744 37789 37800 37813 37827 37832 37882 37886 37894 37907 37922 37926 37948 37953 37959 37990 37992 38080 38084 38105 38139 38143 38153 38160 38193 38250 38272 38278 38281 38286 38287 38288 38295 38297 38312 38334 38348 38349 38376 38396 38405 38408 38410 38412 38413 38419 38456 38465 38472 38476 38490 38511 38530 38533 38535 38539 38546 38583 38702 38718 38756 38763 38771 38783 38794 38808
juan 36106 36756 36883 37299 38113
jain 36106 36563 36835 36945 37026 38488
jonathan 36106 36130 36310 36337 36403 36539 36566 36835 36927 37118 37201 37241 37299 37455 37539 37741 37783 37955 38090 38110 38233 38714 38796 38799
zonglin 36106
zhang 36106 36563 36835 37602
z 36109 36310 36343 36617 36627 36672 36730 36755 36807 36923 36933 37099 37128 37183 37313 37469 37563 37609 37705 37737 37741 37882 38143 38271 38282 38397 38488 38739
zoom 36109 37832 38472 38597
java 36112 36172 36175 36223 36230 36342 36393 36402 36437 36460 36471 36481 36542 36567 36708 36719 36730 36735 36743 36758 36808 36847 36858 36884 36891 36954 36989 37017 37067 37165 37169 37174 37198 37213 37222 37233 37260 37277 37296 37357 37380 37413 37434 37469 37524 37538 37543 37581 37605 37657 37721 37784 37791 37813 37926 37999 38055 38069 38136 38193 38219 38272 38350 38405 38413 38419 38427 38441 38490 38533 38539 38718 38756 38771
jennifer 36115 36155 36236 36539 36637 36989 37127 37247 37352 37662 37758 37838 38110 38351 38577 38820 38829
jim 36116 36232 36268 36322 36430 36571 36649 36732 36768 36771 37016 37183 37357 37421 37422 37497 37796 37813 37953 38107 38354 38410 38544 38638 38812
janetosjohnj 36116
jaworski 36116
jayasinghe 36116
jensendcjensen 36116
jon 36116 36322 36521 36566 36735 36927 37039 38284 38633
judith 36116 36217 36273 36403 36539 36945 37188 37201 37349 37422 37539 37588 37602 37796 37876 38085 38093 38110 38410 38670 38714 38820
jiang 36117 36835 37520
zinc 36132
journal 36134 36188 36241 36257 36338 36372 36485 36563 36665 36735 36883 36943 36945 36989 37067 37134 37174 37325 37357 37399 37524 37526 37565 37574 37606 37619 37796 37801 37813 37815 37820 37960 37961 37976 38005 38090 38138 38284 38317 38615 38632 38633 38635 38708 38726 38758 38767 38817
journals 36134 36188 36241 36372 36563 36665 36989 38317 38817
juda 36141 36273 36322 36357 36403 36468 36480 36505 36539 36548 36608 36749 36909 37188 37201 37241 37349 37600 37866 37943 37955 38093 38110 38233 38404 38417 38526 38620 38670 38714 38732 38820
juliusz 36141 36403 36791 37332 38184 38233 38398 38670
journalism 36143 38701
job 36143 36176 36217 36223 36343 36402 36460 36471 36475 36605 36625 36719 36730 36793 36802 36847 36925 37041 37087 37111 37160 37165 37236 37313 37357 37380 37393 37401 37428 37471 37521 37538 37549 37582 37605 37619 37623 37723 37736 37744 37877 37921 37926 38090 38114 38193 38287 38288 38349 38376 38413 38419 38429 38583 38621 38631 38756 38763 38794
josh 36143 36173 36566 36760 37087 37644 37992 38085
junior 36143 36176 36217 36390 36517 36628 36743 36894 37479 37521 37992 38268 38287
janeiro 36169 36883 37040 37064 37399 37766 38337
johnson 36172 36381 36480 36563 36719 36756 36945 37139 37299 37360 37399 37511 38005 38113 38132 38272 38488
joshco 36173
zhong 36175 36230 36835 36858 37567 37609 38248 38309
justifying 36176 36475 36739 37159 37313 38354
zoo 36181 36260 36582 36610 36634 37287 37837 37940
zagan 36186 38059
jakubowitz 36186
jenta 36186
zator 36186 36189 36539 37241
judes 36186 36322 36468 37600 38184 38714
josef 36186 36310 36322 36357 36539 36548 36749 36791 36802 37188 37241 37278 37332 37349 37355 37539 37955 38093 38110 38137 38184 38233 38670 38714 38820
zgurze 36186
jontel 36186 38289
jaroslaw 36186 36403 36480 36791 37201 37600 37662 37941 37955 38110 38670
zilla 36186
japan 36188 36563 36883 37067 37635 38005 38114 38132 38268 38304 38488 38689
zelinger 36189
zygmunt 36189 36259 36273 36322 36403 36548 36749 36791 36992 37241 37600 37941 37943 37955 38093 38110 38184 38417 38620 38670
zlata 36189 36322 36480 37278 37955 38023 38093 38184 38233 38620 38670 38714
julian 36189 36263 36403 36960 36992 37349 38629 38732
zofia 36189 36322 36403 36468 36992 37707 37866 38057 38093 38110 38233 38404 38483 38620 38670 38820
zcomputer 36200 36235 36813 37715
johnbrock 36211
judy 36217 36227 36232 36310 36566 37016 37026 37602 38090 38107 38410 38770
joining 36217 36783 36933 36945 37019 37026 37134 37784 37894 37984 37986 38090 38193 38350
join 36217 36268 36276 36310 36674 36916 36945 37082 37357 37562 37582 37606 37644 37986 38241 38376 38735 38794
johnston 36217
jdk 36223 36708 37721 38069 38193
jre 36223 38193 38490
javac 36223 36730 38136
jpd 36240
jurisdiction 36241 36348 36989
zeidenberg 36241 36989
zubulake 36241 36989
jay 36241 36310 36480 36539 36906 36989 37289 37520 37741
jie 36242 36460 37139 37711
jeff 36242 36310 36566 36701 36735 36913 37813 38565 38577 38708 38796
ziegler 36245 38817
jana 36250 38567
justin 36251 36400 36556 37139 37210 37734 38062 38452 38679 38796
jit 36254 37666 38331 38420
jose 36257 36735 36883 37026 37574 37703 37735 37755 38005 38488 38758 38770
jurkow 36259
zoids 36263 36556 36960 36981 37887 37905 38260 38629
jea 36271 36883
jacob 36273 36306 36310 36322 36403 36504 36539 36773 36873 36988 37089 37149 37201 37241 37245 37328 37662 37741 37866 37911 38023 38052 38057 38137 38184 38233 38452 38646 38657 38714 38820
zlate 36273 37201 37241 37332 37955 38820
zlota 36273 36299 36357 37201 37332 38085 38137 38483 38612 38820
jetti 36273 36539 37941 38714 38820
jozefina 36273 38714
jacober 36273
zelig 36273 36297 36310 36322 36572 36608 37188 37201 37516 37866 38057 38093 38184 38398 38404 38417 38620
joined 36276 36527 36677 36731 36743 36945 36987 37026 37422 37428 37986 38284 38410 38711 38770
junkyard 36295 36877 36913 36926 37183 37601 37813 37849 38268
zare 36295
jos 36295 36310 36913
jachym+raycy 36297
josua 36297 37201 38820
jussi 36298 38806
zusman 36299 37201 38670
zanwel+sara 36299
jentel 36299 36505 36831 37201 37278 37470 38093
jewtown 36310
johann 36310
jonah 36310
zecil 36310
zeilig 36310
janeva 36310
jew 36310
jewish 36310 36802 36862 36873 36917 37265 37365 38059 38769
jump 36310 36380 36424 36760 36847 37422 37813 38160 38288
jerusalem 36310 36403 36485 36862 37161 37278 37332 37662 37813 37941 37955 38085 38110 38184
zelda 36310 37201
joe 36310 36460 36649 36657 36686 36988 37299 37635 37813 37953 38314 38419 38431 38533
jibe 36310
jgff 36310
jesse 36310 36539 36566 37884
jewishgen 36310
zivya 36310
jewishgensite 36310
zelickson 36310
jgoldmac 36310
julius 36310 36322 36403 36909 37349 37741 37789 37941 37955 38085
jenny 36310 36322 36539 37299 38125 38137
jill 36310 36539 37813 38577
zagreb 36310
johannesburg 36310 37941 38023
zallie 36310
jff 36310
jossel 36310
jacov 36310 36403
zion 36310 38260
jene 36310
jog 36310
judaism 36310
jumped 36310 36862
zsibo 36310
zipkin 36310
zvi 36310 36403 36802 37278 38023 38670 38820
zuckerbrod 36310
zabalotov 36310
johnstown 36310
joshrin 36310
judas 36322 38093
jaworzno 36322 36539 37600 38820
jukel 36322
jekiel 36322
jane 36322 36403 36480 36539 37662 37707 38233 38334 38714
janejlae 36322
zarwel 36322
zoe 36322 38318
jillian 36322
jared 36322 36566 36988
johannes 36322 37755 38110
jpg 36323 36869 38320
jpeg 36323 36545 36869 37894 38213 38320 38410
jpe 36323 36869 38320
jiminez 36329
jug 36333 36998 37764
justice 36336 37913 38111
jointly 36336 36743 37239 37320 37744 38281 38284 38701
josiah 36337 37299 37585 38488
jeremy 36337 36403 37299 37564
zender 36348
zambia 36348
jaguars 36348
zucker 36357 36403 37201 37241 37662
jeremijasz 36357
jechiel 36357 36480 37278 37866 38110
jodek 36357
zki 36357
zagoriška 36364 37048
zoomed 36381
jessica 36381 36403 36539 36945 37186 37397 37642 37734 37762 37799 37832 38053 38080 38195 38820
jara 36381
jung 36393 38093
junit 36393 36891 37169 37791 38465 38490 38771
zachariasz 36403 38233
jablonka 36403 38059 38110
zeev 36403 37241 37278
jass 36403 36749
zablocie 36403 37241
zew 36403 37241
jadwiga 36403 36992 37866 38057 38417 38670
julie 36403 37813 38023 38452
janet 36403 36539 36945 37662 37741 38184 38820
joanna 36403 36909 36988 38085
jules 36403 36791 37943 38184
zulina 36403
jacques 36403 37741 37832 37941 38023 38110
jumet 36403
jugnon 36403
julienne 36403
zbaraz 36403 36749 37278 37866 38110
zabno 36403 37278
jasmine 36403
zealand 36403 36923 36945 38488 38547
zuzka 36406 37358
jolla 36408
zeroes 36412 36437 36474 37520 37558 37581
joni 36415 38788
jodi 36415 37421 38233 38788
zeal 36424
jensen 36424 36732 36848 36926 37047 37422 37497 37815 37829 38296
justifiably 36424
justification 36424 36891 37723 37832 38354
jews 36457 38059 38769
jazayeri 36460 37165 38756
zot 36460 36467 37248
zahler 36468 37188
judka 36468 37943
zwetschkenstiel 36468
jonasz 36468 37943 38184 38417
jeopardy 36471 36847
judea 36471 36485 36847 37749 37815
justify 36475 36965 37313
janice 36480 36963 38085 38090 38735 38770
janina 36480 36749 37100 37349 37941 37943 38110 38184
jura 36480
jaryczow 36480
zara 36480
jachetta 36480 37600 37819 37955 38093 38110 38820
jutel 36480 36608 37201
jetty 36480 36749 37278 37332 37600 37662 38093 38233 38620
jurek 36480
jerzy 36480 36749 36791 36992 37941 38110 38417
josep 36482
jmlr 36485
j++ 36493 36627 37953 38754
jorgensen 36494 36756
zeldy 36505
zwije 36505
josek 36505
jolas 36505
javascript 36517 36793 37813
javid 36521 37709 38016
judging 36522 37087 37284
juancho 36527
judessa 36539 36791 36831 37201 37241 37955 38417
jochwet 36539 37332 37349 37539 37600 38184 38820
jeanne 36539 37600 37852 38437
jeannette 36539
joanne 36539
jennie 36539 37876
ziemba 36539
jankiel 36539 37876 38417 38714
jekel 36548 37201
zander 36548
jozef+feigel 36548
juniors 36550
jelly 36553
jabaiah 36563
jc 36563
zheng 36563 36835 37139 37179 37284 37299 38644
zeng 36563
jurnak 36563
zhu 36563 36841 37142 37399 38365 38633
jorde 36563
jai 36563 38179 38633
ziv 36566 36567 36902 38090 38488 38660
jd 36566
zack 36566 36949 37419 37664 37706 38698
jabber 36566
zen 36566
zseni 36572
zev 36572 38670 38820
johnny 36589 36862
zippy 36603
jury 36605 36847 37087
judged 36605 36945
zotbins 36605
zap 36616 36738 36878 36951 37050 37430 37717 37970 38046 38275
jayram 36621
jesus 36623
j=0 36627 37953
j+1 36627 36923
zobrist 36627
zebra 36634
zhanpeng 36641 36945
jeonju 36641 38005
jazz 36655 38564
jgk 36657
zvon 36670 38746
jewels 36693
jpms 36708
jumping 36719 37281 37835 38410 38512
jflex 36730
juxtaposing 36730
jhyl 36731
jabbarvand 36735 38264
jianghao 36735
jarod 36735
javier 36735 37570
jezequel 36735
jesper 36735 37561
jpf 36735
zurich 36735 36862 37662 37755 38085
joao 36735
jochen 36735
jayalakshmi 36735
zeynep 36735
zengin 36735
jens 36739
jn 36739
justified 36739 38354 38488
juicy 36739
zotwire 36743
zarki 36748 38059 38758
zelinda 36749
zweig 36749 38110 38233 38820
zuckerman 36749 36791 38110
janczalek 36749 38289 38417
jozefa 36749 37866 38289 38670
jozue 36749 37662
zelaznik 36749
javadoc 36758 36858 37213 37538 37605 37657 38055 38771
judges 36760 37087 37564
zimmerman 36773
zusla 36773
jargon 36783 37894
jonkel 36791
zygmundt 36791
zakopane 36791 37866 38417
justyna 36791 37201 38483
jetta 36791 37349 38093
zygfryd 36791 37241
zimmerspitz 36791
zgierz 36791 38059
jpl 36793
jakober 36801
jaegendorf 36801
journey 36802 36847 37134 37659 37990 37992 38472
jngphx 36802
jtsamplegrid 36825
junction 36825
jhajj 36835
zhou 36835 37832
zuzhi 36835
janus 36835
zhongwei 36835
zerui 36835
jiehui 36835
zhuojian 36835
zoi 36835
jatin 36835
joshi 36835
jithendra 36835
zhixuan 36835
jia 36835 36858 37711
zang 36835 38184
jiyang 36835
zoheb 36835
jaehwan 36835
zhichun 36835
zhibin 36835
zhenhao 36835
jiao 36835
ji 36835 36988 37625 38350
zhuomeng 36835
jinwei 36835
zhangfan 36835
jagannatha 36835
jwala 36835
jeopardize 36847
jmb 36847
janken 36847
zipped 36847 38718
jiali 36858
תמצא 36862
jehoshua 36873
ja 36883
jgaa 36883
zonohedra 36883 38232
zonotopes 36883
jeju 36883 37918 38000 38005
√n 36883 37399
july–august 36883
jcdcg3 36883
zuber 36886 38820
zipper 36892
jeruchem 36898 37201
zaber 36906
zucca 36913 37813
zyda 36920
j=n 36923
junk 36927 36965 38139 38280
jm94 36933
jadhav 36933
z84 36933
zemel 36933
jame 36942 38047
jessicautts 36945
jonaitis 36945
zuckerberg 36945
johns 36945
jarecki 36945
juditholson 36945
zeller 36945
jovel 36988
jourabchi 36988
jenifer 36988
judel 36992 37201 37819
zawojski 36992
zarnecki 36992
judicial 37024 38111
jam 37087 37380 37428 37992 38456 38522 38747
jammers 37087 37428
jammer 37087
jams 37087 37380
zeros 37099
zlabel 37099
josliska 37100
jogathon 37109 37740
jumps 37111 37281 37789
zocdoc 37139
jeweled 37144
jawornik 37149
joking 37159
jazzcatsai 37166
zu 37183
jeannine 37183
j9 37183
junyu 37185
joesph 37186
joystick 37187
zylberband 37188
zanwel 37188 37201 37241 37332 38417 38714
zarah 37188
jayden 37188
judenstadt 37201
jerucham 37201
judit 37201
zoloszgie 37201
jonkler 37201
jutte 37201
jusia 37201
zelik 37201
jg 37201
zarek 37201
zalle 37201
jente 37201 37955
jakobsohn 37201
zamost 37201
juttel 37201 38820
zwetli 37201 38820
zalimer 37201
jacobin 37201
jokel 37201 37866
zanvel 37201
josel 37201 37866 38137
jacobus 37201
jesaiah 37201
jeruchum 37201
jutele 37201
zadek 37201
jochner 37201
zaduk 37201
zodiak 37201
zelki 37201
ziwie 37201
jonasan 37201
jenthel 37201
jochnen 37201
junger 37201
zaboszic 37201
jermias 37201
jakel 37201
zacharia 37201
zadok 37201
joles 37201
jakier 37201
janker 37201
zeligman 37201
zaloszicz 37201
jude 37201 37278
zeynwel 37201
jochne 37201
zelde 37201
zinger 37201 38057
jar 37233 37296 37418 37477
zalman 37241 37279 38110
janette 37241 38085
zalsman 37241
zipora 37241 37279 38820
judyt 37241
jaroslau 37241
zehnwirth 37241
jacobowitz 37241 38110
jakobowitz 37241
javabayes 37242 37815
jives 37265
jentli 37278
janett 37278
zeitler 37278
zilberschatz 37278
zacharyasz 37278
zussla 37278
zipi 37279
jar= 37296
zhaoqi 37325
zysser 37332
jekisiel 37332
zacharya 37332
zave 37332
zachary 37332 37559 37625 37662
jodlowka 37332
zysskind 37332
joachym 37332 38137 38233
jona 37332 37349
jasist 37355
jörg 37355 37357 37565
japanese 37357 37813 38114 38160 38268 38547
jürgen 37357
jayson 37358 38768
jazette 37360
zl 37365
zain 37365
jail 37365 37809
zugzwang 37368
jamboree 37380
junctions 37399
jcenter 37418
ziptree 37418
joy 37421 37662 37741
jailhouse 37432
jozsef 37439
janelle 37459
jfk 37462
jalali 37469
joskowicz 37470
juha 37476
zoology 37476 37813
zdravko 37476
jeremic 37476
jafarpour 37498
zhengli 37503
zhao 37503 37627 37788 38274 38803
jedi 37517
jingkaihui 37520
jdesrosi 37520
joaquin 37522 38025 38674
jiayueg 37530
jeansonne 37530
zone 37534
javarpn 37538
jehaskel 37539
jechuskiel 37539
josef+bayli 37539
jslein 37541
jamesal1 37543
jacket 37548
jossher 37558
jo 37564 38130
johannadel 37564
jounal 37565
jantsch 37565 38488
janmartin 37565
jahn 37565
jukiel 37588
jarasmegyetown 37598
zederbaum 37600
jalas 37600
zdania 37600
jecheskiel 37600
jola 37602
japplet 37609
jian 37625
jing 37644
zach 37644
johanson 37662
jade 37662 38488
zygmund 37662 38184 38483
juliet 37662 38619
zak 37662
jago 37662
justi 37662
judkiewicz 37662 37819
zuzana 37681 38214 38729
z' 37705
zelman 37707
zhuoqing 37711 38835
jimmy 37717 38567
zuri 37734
jekele 37741
jughandle 37764
zylinski 37765
zhanhang 37788
jiaotong 37788
zhanhanl 37788
jlist 37791
json 37791
zope 37801
jute 37813
jigsaw 37813
zef 37813
jointrees 37815
zeling 37819
justine 37832
jkoa 37832
zeroing 37832
jumprope 37835
janardan 37849
jayanth 37849
zigzag 37849
zwirn 37862 38314
janowska 37866
zakrzweski 37866
zakrzewski 37866
zangen 37866
zahn 37866 38306
zaslawice 37866
zied 37866
zhe 37870
joseph+sarah 37876
zimmer 37882
zahra 37894
zmontaze 37894
zybook 37894
jmp 37907
jl 37907
zakon 37913
zvop 37913
zindel 37920
zisel 37920
jefferson 37941 38488
jomi66 37941
jehuda 37941 38184
joseph+stella 37941
jamestown 37941
zywiec 37941
zaleszczyki 37943 38184
zborowski 37943
zborowksi 37943
z8000 37953
jaw 37953
zcat 37953
jochebed 37955
jordanow 37955 38110 38184
jakub 37955 38110
zollschan 37955
zosia 37955
zimet 37955
zenger 37955
zabawer 37955
zuzanna 37955
jeanette 37955 38057
jvc 37959
judgement 37959 38049 38334
jasper 37965
zürich 38005
jános 38016
janine 38023
jorge 38023
jlomn 38023
johanna 38023 38093 38577 38670 38714
jamming 38046
jentla 38052
zabinski 38057
zabin 38057
zi 38059
zielona 38059
janow 38059
janowiec 38059
jarczow 38059
jarocin 38059
jaroslawiec 38059
jastrowie 38059
jawor 38059
jedrzejow 38059
jelenia 38059
jezow 38059
jozefow 38059
jozcfow 38059
jutrosin 38059
zdroj 38059 38110
zabkowice 38059
zabrze 38059
zagorow 38059
zaklikow 38059
zakroczym 38059
zambrow 38059
zamosc 38059
zaniemysl 38059
zareby 38059
zarnow 38059
zamow 38059
zarnowiec 38059
zawichost 38059
zdunska 38059
zduny 38059
zgorzelec 38059
zloczew 38059
zlotoryja 38059
zlotow 38059
zmigrod 38059 38093 38670
zolkiewka 38059
zory 38059
zuromin 38059
zwolen 38059
zychlin 38059
jvm 38069
javacmd= 38069
javacmd 38069
zerubavel 38078
zones 38078
journalist 38080
joshua+sarah 38085
zehngut 38093
zolynia 38093
juliard 38093
jacob+hannah 38093
zolyni 38093
johanas 38093
zacharias 38093
zwierzyniec 38093 38289
judyta 38093
judesa 38093
jczyn 38093
jochim 38110 38137
zilina 38110
zollman 38110
jarblum 38110
journalistic 38111
judgments 38111
jjchew 38114
japanes 38114
judgment 38127 38472 38660
zilz 38137
jochene 38137
juggle 38139
√ 38143
jen 38158
junky 38160
junkies 38160
jalles 38184
zellerkraut 38184
zwi 38184
zabornia 38184
zmodem 38213
jpegs 38213
jachetty 38233
zissel 38233 38670
zacharysz 38233
zysman 38233
jacaranda 38262
jewelry 38268
jenkins 38268
zome 38268
zometool 38268
zonohedron 38268
jawaherul 38272
jumpstation 38278
z2 38282
jayant 38284 38633
zlab 38284
jonstel 38289
jochet 38289
zwierzyniechie 38289
zbik 38289
zawal 38289
janczek 38289 38314
juban 38293 38697
jms 38296
zloczowa 38314
jungle 38384 38454
jacheta 38398
jaffa 38398
jelesnia 38398
jakob+malka 38404
jaszbereny 38404
jmiller 38410
joke 38413
jokes 38413
janos 38414
zylbersztajn 38417
zeinwel 38417
joschkowicz 38417
zeltner 38417
joachimowicz 38417
josefa 38452
jacks 38452
justifiable 38465
zooming 38472
zysa 38483
zwaenepoel 38488
zimmermann 38488
jonassen 38488
jecl 38488
jackendoff 38488
jakobsson 38488
jarvis 38488
jaynes 38488
jayaraman 38488
zog 38488
jekyll 38488
zur 38488
zorkoczy 38488
ziarko 38488
zaniolo 38488
zeleny 38488
zisman 38488
zissos 38488
je7 38490
ziemowit 38493
zena 38496
zou 38498
jsn 38500
zipwith 38533
judiciously 38533
zips 38533
zipping 38533
zero=no 38535
jenson 38535
zamfirescu 38544
jpy 38547
zloty 38547
zar 38547
zorn 38564
jarrett 38564
jsm 38603
zysel 38612
zyskind 38620
jangrot 38620
jagadish 38633
jin 38633
jarke 38633
zawiercie 38670
zimnowodka 38670
jutrzenko 38670
jutrzenka 38670
zipe 38670
johan 38670
johansson 38670
jukkaskjarvi 38670
joahnna 38670
jonny 38670
zale 38670
jeff's 38708 38817
joseph+bertha 38714
jedidjah 38714
zastow 38714
jinhui 38726
zyssla 38732
zerni 38732
zawoja 38732
jehan 38758
zatloukal 38781
jmacgreg 38788
jricksod 38788
zoubin 38796
junkyu 38811
zisla 38820
zahava 38820
jacobius 38820
zacharje 38820
joachym+rywki 38820
januar 38820
jsac 38831
janurary 38835
