listed 44388 44392 44408 44449 44476 44508 44516 44539 44549 44573 44578 44588 44628 44723 44757 44808 44912 45073 45108 45118 45219 45295 45350 45392 45560 45593 45720 45774 45839 45998 46097 46121 46220 46242 46308 46322 46336 46397 46469 46695 46712 46744 46761 46767 46805 46840 46888 46907 46919 46997 47009 47066 47085 47115 47150
ls15 44389 44418 44504 44571 44576 44629 44673 44755 44786 45845 45939 46161 46286 46684 46833
ls10 44390 44875
little 44391 44392 44410 44445 44459 44476 44508 44557 44558 44573 44628 44644 44670 44684 44700 44720 44725 44746 44966 44991 45023 45025 45031 45076 45118 45142 45163 45212 45267 45287 45295 45309 45334 45350 45431 45481 45533 45551 45581 45584 45613 45720 45736 45778 45785 45865 45918 45964 46013 46056 46060 46117 46220 46242 46282 46320 46321 46335 46344 46399 46414 46481 46660 46695 46712 46721 46749 46837 46842 46888 46899 46997 47061 47083 47088
like 44391 44407 44408 44410 44414 44435 44449 44471 44476 44488 44508 44509 44511 44516 44542 44557 44573 44579 44588 44612 44624 44626 44628 44635 44644 44655 44670 44684 44700 44710 44720 44723 44725 44730 44757 44766 44846 44852 44869 44872 44922 45018 45024 45025 45031 45055 45063 45072 45073 45098 45101 45118 45123 45142 45173 45219 45262 45267 45282 45284 45297 45309 45321 45334 45339 45344 45350 45375 45388 45391 45410 45411 45424 45431 45443 45446 45451 45454 45470 45477 45481 45493 45526 45527 45532 45533 45547 45551 45581 45599 45613 45621 45642 45668 45676 45678 45720 45725 45736 45743 45744 45768 45822 45840 45844 45865 45872 45889 45891 45901 45942 45964 45977 46013 46015 46019 46022 46033 46050 46056 46060 46079 46085 46108 46111 46167 46220 46242 46249 46306 46308 46320 46321 46322 46336 46338 46339 46360 46389 46397 46441 46442 46444 46446 46469 46476 46481 46490 46494 46513 46531 46536 46547 46575 46599 46649 46659 46667 46695 46740 46744 46749 46761 46791 46805 46824 46840 46841 46907 46919 46947 46991 46997 47018 47054 47063 47066 47075 47077 47083 47106 47112
level 44391 44392 44410 44476 44488 44490 44511 44519 44579 44588 44610 44626 44632 44670 44725 44728 44729 44790 44810 44832 44845 44846 44869 44922 44932 45004 45031 45040 45058 45098 45101 45104 45133 45157 45230 45267 45297 45312 45334 45350 45417 45422 45443 45447 45481 45493 45527 45570 45593 45599 45615 45636 45659 45678 45743 45754 45872 45901 45915 45941 45964 46000 46008 46015 46022 46033 46041 46049 46060 46079 46108 46147 46191 46217 46220 46222 46230 46273 46308 46339 46419 46424 46425 46436 46490 46535 46536 46625 46626 46649 46666 46675 46678 46695 46702 46704 46754 46756 46761 46767 46805 46809 46821 46918 46919 46943 46997 47018 47040 47086 47105
less 44391 44392 44414 44445 44449 44459 44509 44511 44573 44612 44670 44746 44846 44872 44873 44903 44912 45031 45048 45076 45101 45130 45142 45212 45219 45267 45287 45334 45344 45350 45424 45451 45454 45481 45526 45527 45546 45547 45593 45599 45638 45642 45720 45743 45844 45901 45964 45966 46005 46126 46137 46220 46230 46242 46308 46321 46335 46339 46344 46397 46439 46442 46463 46490 46494 46601 46695 46761 46768 46791 46825 46840 46886 46907 46919 47018 47045 47063 47088
lot 44391 44410 44449 44471 44508 44605 44612 44628 44774 44810 44846 44869 44890 44906 44912 44953 45031 45072 45073 45267 45334 45339 45350 45454 45477 45481 45505 45533 45551 45581 45652 45659 45720 45844 45942 45964 46006 46013 46022 46060 46085 46111 46120 46242 46308 46344 46442 46547 46626 46695 46744 46761 46888 46997 47018 47029 47036 47045
literally 44391 45350 45872 45998 46626 46695 46752
lookup 44391 44711
lee 44392 44476 44495 44534 44791 44808 44866 45133 45144 45178 45378 45381 45481 45560 45570 45732 45783 45805 45808 45844 45864 45877 45900 45901 45908 45918 45933 45984 46024 46112 46115 46167 46496 46716 46741 46763 46883 46888 46890 46967 46997 47029 47061
last 44392 44439 44440 44445 44449 44453 44488 44508 44509 44516 44531 44539 44542 44549 44556 44561 44568 44573 44584 44588 44601 44605 44608 44612 44634 44656 44657 44670 44676 44698 44711 44716 44717 44725 44726 44746 44757 44769 44790 44808 44813 44815 44838 44839 44868 44869 44888 44904 44916 44917 44952 44953 44988 45023 45030 45031 45072 45076 45098 45101 45111 45118 45130 45133 45157 45168 45222 45230 45239 45254 45257 45267 45293 45295 45299 45306 45327 45334 45344 45350 45362 45365 45378 45392 45409 45424 45427 45431 45434 45443 45469 45481 45485 45491 45493 45502 45508 45526 45527 45547 45551 45564 45578 45584 45599 45607 45642 45643 45649 45662 45676 45678 45695 45698 45699 45713 45743 45760 45770 45777 45785 45798 45810 45812 45819 45822 45842 45857 45864 45872 45898 45903 45915 45924 45932 45934 45945 45984 45985 46005 46013 46015 46022 46028 46079 46086 46096 46100 46108 46112 46127 46134 46175 46212 46220 46221 46223 46242 46249 46273 46306 46308 46312 46321 46322 46337 46339 46343 46344 46352 46353 46381 46383 46397 46404 46420 46431 46450 46457 46494 46506 46529 46531 46534 46575 46599 46626 46669 46671 46695 46712 46716 46749 46756 46761 46763 46768 46778 46780 46791 46805 46837 46845 46855 46864 46876 46880 46885 46886 46907 46916 46919 46926 46937 46945 46978 46997 47018 47028 47052 47061 47063 47068 47079 47080 47088 47100 47103 47106 47128 47141 47151
least 44392 44408 44414 44436 44440 44445 44449 44508 44516 44557 44573 44644 44651 44670 44700 44723 44730 44746 44790 44815 44858 44904 44953 45048 45073 45118 45130 45142 45193 45205 45208 45219 45250 45267 45284 45287 45295 45309 45344 45350 45410 45453 45481 45492 45529 45547 45560 45564 45584 45613 45642 45676 45743 45810 45865 45872 45901 45964 45994 46028 46048 46058 46060 46111 46121 46147 46220 46242 46271 46308 46320 46321 46322 46323 46344 46409 46481 46494 46513 46626 46659 46660 46694 46695 46712 46737 46756 46761 46794 46825 46840 46904 46907 46918 46943 46997 47018 47040 47051 47063 47092 47151
“ 44392 44410 44516 44528 44575 44584 44640 44657 44684 44720 44734 44790 44791 44810 44868 44890 44906 44955 44974 44978 44991 45126 45242 45254 45339 45346 45407 45424 45446 45477 45505 45533 45570 45581 45623 45652 45659 45668 45676 45687 45835 45844 45872 45901 46013 46050 46056 46074 46085 46111 46120 46249 46282 46306 46335 46360 46389 46442 46459 46492 46496 46518 46534 46547 46561 46626 46653 46693 46740 46757 46778 46847 46916 46943 46981 46983 47029 47053 47064
lcv 44392
lose 44392 44516 44720 45267 45481 45599 45844 45964 46056 46225 46249 46695 46909 47103
later 44392 44426 44440 44445 44449 44479 44508 44509 44516 44556 44557 44561 44575 44588 44612 44628 44635 44670 44723 44725 44791 44800 44815 44846 44869 44992 45004 45018 45023 45024 45025 45031 45052 45072 45079 45101 45118 45165 45219 45267 45316 45321 45334 45344 45350 45417 45443 45481 45526 45527 45557 45599 45670 45678 45720 45736 45739 45743 45744 45803 45810 45839 45865 45872 45915 45964 45966 45994 46022 46024 46060 46076 46079 46085 46165 46175 46220 46226 46230 46242 46459 46469 46494 46649 46695 46712 46740 46749 46761 46805 46809 46837 46886 46907 46918 46919 46928 46975 47040 47063 47075 47090
likely 44392 44410 44508 44509 44528 44557 44578 44644 44723 44746 44790 44834 44903 44912 44951 44974 44991 45031 45046 45118 45267 45334 45350 45481 45526 45527 45670 45676 45720 45821 45872 45998 46056 46111 46120 46220 46242 46251 46336 46344 46397 46494 46533 46649 46660 46695 46740 46761 46809 46825 46886 46904 46918 46919 46945 46997 47040 47063 47112
links 44392 44398 44436 44444 44445 44471 44475 44479 44490 44549 44557 44568 44574 44578 44588 44605 44624 44628 44632 44644 44647 44657 44685 44725 44777 44829 44852 44869 44877 44886 44912 44955 45000 45004 45039 45058 45076 45153 45208 45250 45262 45334 45391 45392 45427 45431 45454 45480 45481 45533 45560 45621 45636 45659 45676 45678 45714 45720 45727 45744 45748 45844 45872 45889 45900 45901 45910 45934 45942 45966 45977 45984 45998 46022 46050 46111 46121 46240 46291 46313 46381 46397 46399 46442 46463 46505 46531 46535 46608 46649 46694 46756 46765 46767 46771 46775 46832 46840 46841 46847 46853 46878 46885 46886 46916 46940 46993 46997 47066 47117 47119 47155
login 44392 44516 44912 45058 45309 45915 46590 46738
| 44392 44408 44411 44431 44437 44438 44449 44466 44471 44475 44509 44516 44528 44531 44549 44550 44557 44560 44573 44598 44610 44611 44616 44628 44632 44647 44670 44685 44710 44753 44777 44820 44822 44825 44829 44839 44850 44885 44886 44914 45031 45039 45058 45066 45072 45086 45094 45101 45110 45118 45142 45149 45157 45195 45201 45250 45253 45267 45269 45284 45309 45331 45350 45362 45364 45377 45404 45430 45469 45481 45502 45526 45529 45533 45542 45547 45554 45578 45593 45613 45621 45636 45642 45659 45676 45714 45717 45720 45748 45779 45783 45814 45821 45844 45851 45857 45865 45889 45900 45901 45909 45910 45925 45926 45957 45964 46045 46050 46066 46079 46097 46111 46129 46134 46169 46174 46223 46234 46240 46242 46251 46313 46321 46328 46331 46336 46339 46343 46357 46359 46362 46366 46442 46444 46463 46476 46525 46557 46599 46606 46667 46678 46701 46712 46713 46744 46749 46761 46767 46793 46794 46811 46847 46853 46855 46858 46861 46874 46907 46916 46925 46940 46947 46961 46983 46993 47077 47104 47117 47129 47132 47142 47154 47155
look 44392 44408 44410 44445 44449 44471 44479 44509 44516 44557 44568 44670 44684 44778 44828 44838 44869 44872 45055 45072 45101 45118 45130 45142 45219 45230 45250 45267 45295 45334 45345 45350 45362 45408 45410 45411 45431 45454 45470 45481 45493 45527 45540 45547 45581 45599 45613 45621 45636 45699 45720 45725 45743 45842 45872 45915 45926 45941 45964 46000 46022 46058 46060 46079 46117 46242 46308 46313 46322 46339 46397 46414 46427 46442 46459 46533 46606 46659 46666 46695 46737 46740 46744 46749 46754 46761 46805 46811 46812 46907 46943 46962 46997 47018 47080
lecture 44392 44414 44436 44445 44476 44490 44516 44528 44529 44542 44544 44549 44578 44612 44624 44628 44691 44746 44759 44777 44778 44790 44820 44869 44872 44877 44975 45006 45033 45039 45063 45072 45079 45086 45098 45101 45165 45230 45250 45262 45284 45287 45334 45364 45377 45391 45425 45481 45527 45547 45581 45599 45636 45643 45676 45743 45783 45797 45814 45865 45898 45934 45966 45994 46000 46022 46079 46107 46126 46128 46147 46174 46175 46184 46242 46313 46336 46339 46344 46356 46389 46409 46439 46442 46666 46677 46695 46712 46749 46761 46796 46840 46847 46882 46886 46894 46899 46953 46993 46997 47016 47040 47051 47072 47151
late 44392 44445 44557 44790 45112 45230 45334 45430 45481 45615 45619 45642 45676 45720 45865 45901 45915 45959 46000 46140 46147 46175 46227 46234 46242 46321 46463 46469 46471 46529 46659 46666 46695 46712 46840 47018 47045 47063 47089
laurels 44392
live 44392 44479 44490 44508 44556 44557 44628 45031 45334 45411 45431 45439 45454 45478 45481 45570 45642 45659 45781 45797 45919 45998 46031 46050 46225 46442 46459 46463 46649 46653 46695 46919 47009
limitations 44392 44490 44556 44790 45350 45392 45481 45642 45691 45720 45840 45964 46033 46117 46677 46768 46945
lost 44392 44408 44490 44508 44516 44568 44588 44624 44725 44846 44869 44903 45063 45262 45334 45392 45424 45481 45493 45527 45678 45720 45810 45842 45872 45964 45966 46022 46157 46220 46626 46695 46840 46886 46907 46991 46997 47018
letters 44392 44476 44542 44575 44588 44611 44644 44723 44975 45101 45133 45334 45350 45430 45481 45593 45872 46097 46308 46659 46667 46695 46756 46919 46953 46983 46997 47151
lathrop 44392 44627 44790 45294 45339 45554 45565 45776 46117 46308 46659 46878 46897
line 44392 44416 44438 44444 44449 44476 44491 44516 44539 44542 44544 44555 44556 44573 44578 44616 44624 44635 44645 44649 44651 44662 44663 44670 44677 44691 44700 44730 44746 44749 44756 44783 44790 44797 44800 44826 44840 44846 44869 44872 44873 44912 44922 44936 44941 44972 44996 45004 45018 45025 45048 45065 45079 45098 45118 45126 45142 45153 45157 45218 45232 45262 45284 45285 45287 45307 45319 45334 45350 45379 45392 45436 45441 45443 45454 45455 45481 45518 45526 45527 45532 45599 45642 45646 45649 45688 45714 45720 45728 45749 45750 45817 45839 45846 45872 45934 45941 45942 45964 45966 45983 45994 46022 46041 46050 46077 46079 46089 46108 46139 46152 46167 46170 46172 46220 46230 46242 46257 46273 46320 46336 46338 46356 46365 46374 46388 46397 46401 46405 46409 46439 46446 46494 46505 46512 46531 46550 46586 46588 46641 46649 46667 46689 46695 46761 46771 46832 46837 46886 46888 46907 46925 46932 46952 46953 46971 46997 47018 47040 47042 47051 47063 47067 47075 47078 47095 47110
learn 44392 44410 44436 44449 44466 44490 44516 44557 44568 44574 44575 44624 44644 44651 44684 44700 44704 44720 44725 44746 44784 44790 44829 44868 44872 44877 44912 44955 45072 45118 45126 45142 45163 45213 45262 45321 45334 45350 45391 45422 45454 45481 45505 45527 45533 45547 45551 45554 45584 45593 45599 45615 45652 45659 45676 45678 45743 45754 45842 45889 45901 45910 45934 46013 46056 46060 46117 46160 46225 46230 46242 46271 46320 46369 46442 46446 46459 46463 46494 46547 46658 46659 46677 46695 46712 46758 46761 46767 46778 46809 46840 46847 46853 46877 46878 46916 46919 47018 47063 47117 47119
logic 44392 44490 44574 44691 44761 44790 44791 45039 45131 45334 45481 45615 45668 45676 45843 45910 45938 46107 46359 46450 46507 46677 46740 46888 46933 46982 46997 47119
learning 44392 44445 44479 44490 44492 44528 44575 44584 44605 44624 44635 44644 44651 44660 44684 44691 44777 44790 44791 44810 44813 44825 44829 44866 44868 44869 44906 44922 44952 44974 44991 45006 45012 45018 45071 45076 45079 45098 45121 45126 45133 45163 45213 45234 45242 45250 45262 45321 45334 45346 45350 45417 45430 45446 45481 45502 45505 45512 45533 45551 45554 45570 45578 45584 45599 45612 45623 45639 45652 45659 45676 45699 45744 45822 45872 45901 45908 45910 45934 45942 45964 45998 46022 46060 46074 46085 46117 46120 46137 46172 46174 46220 46230 46242 46249 46298 46306 46308 46359 46360 46389 46459 46465 46496 46518 46536 46547 46626 46636 46677 46695 46775 46778 46853 46919 46993 46997 47009 47018 47029 47040 47045 47053 47075 47151
lectures 44392 44746 44790 44791 44844 44877 44952 44975 45230 45334 45391 45482 45527 45533 45615 45934 46000 46031 46175 46339 46533 46666 46677 46712 46837 46840 46899 46919 46943 46997 47009
longer 44392 44396 44490 44516 44556 44588 44624 44644 44670 44716 44725 44777 44790 44846 44852 44869 44872 45031 45072 45165 45245 45262 45267 45334 45350 45427 45481 45527 45529 45547 45642 45678 45736 45840 45966 45984 46022 46121 46220 46249 46271 46344 46359 46496 46649 46667 46695 46744 46761 46805 46840 46886 46907 46918 46993 47018
let 44392 44445 44449 44479 44557 44568 44573 44579 44605 44612 44624 44626 44628 44651 44670 44684 44797 44803 44815 44852 44869 44872 44949 44953 45072 45079 45101 45118 45130 45262 45334 45350 45367 45417 45441 45446 45481 45493 45526 45527 45529 45547 45584 45594 45599 45613 45676 45699 45743 45830 45842 45934 45942 45966 46015 46022 46028 46060 46079 46096 46108 46111 46167 46296 46308 46311 46321 46344 46365 46397 46399 46414 46469 46476 46490 46494 46531 46608 46653 46659 46660 46670 46695 46737 46740 46744 46749 46761 46825 46840 46886 46907 46943 46991 47018 47040 47063
library 44392 44449 44490 44508 44539 44556 44578 44651 44670 44689 44710 44711 44723 44783 44790 44866 44903 45004 45031 45076 45118 45142 45157 45185 45302 45334 45392 45441 45454 45462 45481 45527 45593 45599 45714 45720 45797 45817 45840 45872 45901 45903 45915 45960 45964 45998 46015 46019 46079 46108 46147 46172 46339 46365 46397 46399 46446 46494 46536 46550 46659 46680 46695 46761 46775 46837 46885 46888 46907 46919 46939 46943 46953 46997
limit 44392 44508 44556 44588 44670 44684 44790 45063 45193 45287 45328 45344 45350 45367 45481 45526 45642 45676 46060 46079 46126 46220 46298 46321 46490 46649 46691 46695 46756 46918
link 44392 44423 44509 44516 44573 44579 44588 44624 44628 44640 44644 44657 44670 44725 44746 44869 44912 44969 44991 45031 45073 45118 45142 45250 45262 45267 45388 45410 45411 45439 45453 45481 45547 45670 45678 45714 45720 45840 45865 45889 45964 45977 45984 45998 46022 46060 46108 46121 46240 46242 46249 46322 46339 46365 46366 46389 46397 46463 46476 46490 46559 46589 46649 46712 46726 46744 46756 46812 46878 46888 46907 46961 46997 47039 47053 47063 47077 47088
looking 44392 44449 44471 44508 44556 44588 44628 44635 44651 44670 44790 44810 44868 44912 44996 45004 45018 45031 45072 45101 45157 45267 45284 45334 45350 45411 45454 45481 45527 45533 45547 45599 45613 45621 45629 45659 45676 45720 45743 45824 45872 46031 46048 46060 46245 46322 46474 46519 46547 46562 46594 46653 46667 46695 46740 46749 46761 46767 46778 46791 46877 46901 46907 46943 46962 46983 46997 47026 47038 47063 47075 47088 47142
lowest 44392 44557 44670 44790 45472 45481 45924 46677 46695 46756 46997 47142
letterhead 44392
larger 44392 44410 44441 44449 44518 44521 44538 44543 44558 44578 44670 44697 44723 44762 44773 44793 44795 44800 44906 44907 44948 45031 45039 45049 45062 45142 45150 45210 45267 45284 45287 45288 45344 45350 45380 45387 45460 45481 45484 45514 45547 45584 45599 45640 45642 45676 45708 45743 45831 45864 45879 45931 45941 45948 45993 46079 46130 46220 46242 46275 46308 46309 46321 46335 46344 46349 46352 46356 46439 46440 46446 46498 46526 46531 46620 46622 46695 46727 46744 46793 46810 46886 46888 46907 46909 46924 46997 47070 47088
large 44392 44408 44449 44476 44508 44509 44516 44539 44542 44559 44569 44573 44578 44614 44644 44645 44651 44657 44670 44691 44725 44755 44790 44791 44839 44866 44872 44886 44908 44912 44916 44919 44975 45004 45031 45046 45076 45079 45101 45157 45193 45253 45267 45284 45287 45334 45339 45350 45427 45462 45481 45526 45527 45547 45599 45621 45638 45642 45652 45676 45678 45743 45840 45864 45865 45872 45900 45908 45964 46042 46079 46111 46117 46126 46138 46172 46191 46220 46242 46249 46282 46308 46321 46322 46335 46336 46344 46369 46409 46439 46467 46490 46496 46533 46536 46547 46596 46653 46695 46754 46756 46761 46825 46833 46841 46904 46907 46912 46919 46953 46997 47018 47040 47045 47130 47151
< 44392 44407 44410 44459 44508 44555 44559 44573 44574 44575 44584 44588 44605 44612 44644 44659 44662 44663 44670 44684 44710 44711 44734 44746 44771 44774 44784 44810 44815 44868 44872 44890 44906 44922 44936 44953 44955 44972 44978 44991 44993 44996 45024 45031 45063 45065 45071 45072 45073 45101 45123 45126 45130 45157 45173 45195 45202 45242 45254 45287 45295 45297 45299 45334 45339 45344 45345 45346 45350 45367 45407 45408 45411 45424 45427 45443 45446 45451 45477 45481 45493 45505 45508 45526 45527 45547 45562 45570 45574 45615 45623 45642 45652 45678 45687 45694 45713 45714 45720 45736 45763 45768 45782 45803 45810 45822 45835 45858 45871 45872 45968 45985 46005 46007 46013 46015 46041 46079 46085 46100 46109 46120 46131 46137 46139 46212 46249 46272 46296 46306 46314 46321 46335 46336 46338 46344 46360 46389 46392 46405 46446 46459 46488 46492 46520 46534 46544 46547 46550 46561 46574 46588 46626 46649 46653 46665 46689 46693 46695 46716 46737 46757 46761 46778 46907 46928 46997 47029 47063 47068 47080 47090 47124 47133
locomotion 44392 45477
local 44392 44437 44438 44444 44485 44508 44516 44555 44588 44591 44616 44644 44645 44649 44651 44657 44662 44670 44691 44710 44725 44749 44790 44791 44829 44866 44872 44909 45031 45048 45052 45079 45126 45153 45157 45185 45193 45208 45232 45241 45245 45307 45316 45319 45334 45392 45441 45453 45481 45502 45527 45578 45599 45613 45659 45676 45678 45714 45736 45743 45749 45803 45817 45830 45844 45872 45910 45933 45941 45983 45994 46013 46033 46041 46079 46107 46117 46139 46152 46172 46220 46273 46298 46322 46359 46365 46405 46442 46459 46462 46490 46505 46512 46518 46550 46588 46649 46667 46695 46752 46761 46771 46832 46853 46907 46919 46928 46939 46943 46983 46997 47016 47029 47040 47042 47053 47090 47129 47130
led 44392 44508 44578 44684 44790 44868 44885 45076 45126 45193 45350 45427 45505 45621 45659 46220 46306 46308 46399 46518 46695 46740 46919 46960 46997
long 44392 44408 44436 44449 44508 44509 44534 44543 44556 44557 44573 44575 44588 44624 44628 44634 44644 44670 44716 44723 44725 44746 44757 44771 44778 44790 44846 44852 44912 45004 45072 45142 45165 45219 45262 45267 45287 45331 45334 45346 45350 45378 45392 45417 45453 45481 45492 45493 45526 45527 45529 45547 45551 45560 45584 45599 45607 45642 45659 45676 45678 45720 45743 45754 45844 45908 45918 46050 46079 46085 46220 46230 46253 46318 46321 46322 46336 46344 46392 46442 46494 46496 46521 46544 46626 46667 46689 46695 46716 46744 46761 46794 46840 46907 46909 46943 46950 46997 47018 47092 47112
lower 44392 44411 44449 44459 44516 44539 44542 44670 44691 44700 44723 44866 44916 45025 45079 45212 45267 45287 45334 45350 45481 45493 45526 45547 45584 45609 45638 45641 45663 45749 45872 45949 45966 45994 46079 46126 46220 46230 46320 46321 46344 46409 46439 46531 46695 46768 46888 46904 46912 46978 46997 47040 47051 47088 47103 47151 47154
learns 44392 44644 44790 45070 45334 45942 46060 46225 47115
lenat 44392
la 44392 44414 44542 44556 45205 45299 45334 45481 45676 45803 45821 45919 46485 46562 46649 46834 46901 46928 46997 47151
linear 44392 44485 44532 44539 44557 44578 44612 44651 44660 44691 44696 44725 44730 44766 44866 45079 45101 45133 45165 45234 45287 45481 45512 45636 45643 45678 45720 45883 45908 45994 46107 46126 46160 46213 46220 46226 46259 46282 46308 46409 46439 46446 46507 46619 46749 46904 46912 46938 46953 46975 46997 47016 47040 47051 47151
largely 44392 44508 44588 44670 44869 45350 45717 46022 46649 46667 46695 47045
lisp 44392 45004 45130 45344 45481 46761
letter 44392 44508 44542 44575 44591 44624 44659 44727 44746 44790 44869 45035 45098 45101 45262 45265 45334 45350 45377 45481 45584 45699 45915 46022 46096 46230 46308 46667 46695 46779 46809 46823 46886 46894 46907 46919 46943 46997 47018 47063 47103
lake 44395 44442 44644 44986 45210 45460 45716 45747 45778 45823 45879 46151 46439 46496 46872
louise 44395 44698 44986 45365 45378 45747 46151 46312 46763 46926
longest 44396 44408 44582 44612 45481 46761 46907 46953 46997 47151
latencies 44396
list 44397 44407 44438 44444 44449 44466 44479 44490 44491 44508 44509 44511 44516 44534 44556 44557 44573 44588 44612 44614 44624 44628 44632 44644 44654 44657 44670 44691 44725 44746 44750 44777 44790 44794 44797 44810 44815 44822 44829 44858 44869 44903 44912 44922 44952 45048 45072 45073 45076 45079 45098 45101 45104 45118 45130 45142 45149 45153 45157 45201 45208 45230 45245 45250 45262 45267 45297 45309 45334 45349 45351 45377 45404 45411 45417 45419 45431 45439 45443 45451 45454 45481 45492 45526 45547 45554 45560 45567 45584 45599 45613 45619 45636 45659 45670 45676 45678 45720 45743 45744 45763 45783 45810 45830 45872 45889 45895 45898 45901 45910 45919 45942 45964 45966 45968 45984 45998 46000 46022 46033 46037 46079 46097 46100 46107 46110 46121 46129 46167 46220 46230 46308 46321 46322 46323 46336 46338 46339 46344 46357 46359 46397 46405 46409 46490 46531 46533 46584 46588 46599 46649 46659 46666 46667 46677 46678 46695 46712 46738 46749 46750 46761 46771 46775 46802 46805 46832 46840 46841 46853 46886 46899 46904 46907 46919 46943 46991 46993 46997 47040 47063 47103 47112 47115 47150
larry 44398 44534 44557 44698 44725 44846 44903 45073 45410 45481 45492 45676 45678 46608 46716 46997
loser 44402 44513 44623 44638 44686 44693 44709 44756 44776 44930 45042 45045 45077 45180 45204 45273 45280 45286 45322 45328 45332 45412 45452 45494 45555 45559 45602 45605 45611 45647 45686 45689 45711 45712 45756 45757 45834 45850 45950 45955 45974 45976 46017 46061 46118 46143 46146 46283 46293 46295 46386 46388 46451 46484 46509 46552 46628 46641 46650 46691 46695 46709 46788 46790 46807 46827 46849 46857 46884 46915 46971 46987 46994 47001 47010 47056 47076 47078 47084 47120
lunch 44405 44414 45381 45593 45672 45805 46268 46649 46731 46743 46996
laptop 44407 44410 44466 44471 44516 44575 44584 44684 44685 44734 44784 44810 44822 44868 44890 44906 44955 44974 44978 44991 44996 45006 45016 45058 45071 45081 45104 45118 45121 45123 45126 45149 45152 45163 45211 45213 45242 45248 45254 45271 45316 45324 45339 45345 45346 45351 45353 45404 45407 45424 45446 45477 45505 45533 45554 45567 45570 45621 45623 45636 45652 45659 45676 45687 45748 45762 45768 45782 45822 45835 45844 45847 45871 45872 45889 45891 45901 45926 46007 46013 46031 46050 46074 46084 46085 46087 46100 46109 46111 46120 46129 46137 46145 46240 46249 46271 46306 46314 46334 46335 46357 46360 46389 46399 46442 46459 46488 46492 46518 46520 46534 46547 46561 46574 46606 46619 46626 46653 46693 46738 46757 46767 46768 46778 46791 46803 46811 46847 46877 46916 46940 46943 47009 47029 47045 47066 47080 47088 47133 47150 47155
life 44407 44410 44445 44466 44471 44490 44508 44542 44556 44557 44569 44573 44575 44584 44624 44659 44684 44685 44734 44784 44810 44822 44868 44890 44906 44919 44955 44974 44978 44991 44996 45004 45006 45016 45058 45071 45081 45104 45121 45123 45126 45149 45152 45163 45193 45211 45213 45237 45242 45248 45254 45262 45271 45316 45324 45334 45339 45345 45346 45351 45353 45404 45407 45411 45424 45431 45434 45446 45454 45477 45481 45505 45532 45533 45554 45567 45570 45621 45623 45636 45652 45659 45676 45687 45748 45762 45768 45779 45782 45822 45835 45844 45847 45864 45865 45871 45872 45889 45891 45901 45926 45964 45998 46007 46013 46031 46050 46074 46084 46085 46087 46100 46109 46111 46120 46129 46137 46145 46220 46240 46242 46249 46271 46306 46314 46322 46334 46335 46357 46360 46389 46399 46409 46442 46459 46488 46492 46496 46518 46520 46534 46547 46561 46574 46606 46619 46626 46653 46693 46695 46738 46756 46757 46767 46768 46778 46791 46803 46811 46847 46877 46916 46918 46940 47009 47029 47045 47066 47080 47088 47133 47150 47155
leadership 44407 44410 44466 44471 44508 44511 44575 44584 44684 44685 44734 44784 44810 44822 44868 44890 44906 44955 44974 44978 44991 44996 45004 45006 45016 45058 45071 45081 45104 45121 45123 45126 45149 45152 45163 45211 45213 45242 45248 45254 45271 45316 45324 45339 45345 45346 45351 45353 45404 45407 45424 45446 45477 45505 45533 45554 45567 45570 45593 45621 45623 45636 45652 45659 45676 45687 45748 45762 45768 45782 45822 45835 45844 45847 45871 45889 45891 45901 45926 46007 46013 46050 46074 46084 46085 46087 46100 46109 46111 46120 46129 46137 46145 46240 46249 46271 46306 46314 46334 46335 46357 46360 46389 46399 46419 46442 46459 46488 46492 46518 46520 46534 46547 46561 46574 46606 46619 46626 46653 46693 46712 46738 46757 46767 46768 46778 46791 46803 46811 46847 46877 46916 46940 47009 47029 47045 47066 47080 47088 47133 47150 47155
lab 44407 44408 44410 44445 44449 44466 44471 44479 44516 44524 44545 44549 44557 44575 44578 44584 44624 44651 44684 44685 44700 44720 44734 44753 44784 44810 44822 44838 44868 44890 44906 44928 44945 44955 44974 44978 44991 44996 45006 45016 45025 45058 45071 45079 45081 45104 45118 45121 45123 45126 45130 45149 45152 45157 45163 45211 45213 45242 45248 45254 45262 45271 45284 45304 45309 45316 45324 45326 45334 45337 45339 45345 45346 45351 45353 45391 45394 45404 45407 45413 45421 45424 45439 45441 45446 45465 45472 45477 45481 45493 45499 45505 45533 45554 45567 45570 45581 45615 45621 45623 45636 45639 45652 45659 45676 45687 45699 45701 45748 45762 45768 45782 45803 45817 45822 45824 45835 45844 45847 45865 45871 45872 45889 45891 45901 45915 45916 45924 45926 45934 45964 45966 45994 46007 46013 46015 46050 46056 46060 46074 46084 46085 46087 46100 46108 46109 46111 46120 46128 46129 46137 46145 46180 46198 46240 46242 46249 46271 46306 46314 46320 46334 46335 46336 46357 46360 46366 46389 46397 46399 46414 46442 46446 46459 46461 46488 46492 46494 46518 46520 46534 46547 46550 46561 46574 46600 46606 46619 46626 46653 46659 46667 46693 46712 46738 46757 46767 46768 46778 46791 46803 46811 46837 46840 46847 46877 46888 46899 46907 46916 46919 46928 46940 46950 46997 47009 47018 47029 47045 47066 47080 47088 47103 47133 47150 47151 47155
leading 44407 44471 44508 44549 44557 44691 44723 44790 44810 44955 44974 45079 45201 45254 45481 45505 45527 45547 45613 45623 45659 45676 45872 46111 46172 46562 46626 46693 46695 46754 46767 46786 46791 46983 46997
literary 44407 44490 45481 46918
leigh 44407 46763
ludwik 44407 44601 44634 44698 45785 45812 46112 46353 47028
leads 44407 44410 44476 44859 45101 45334 45346 45481 45527 45529 45570 45613 45915 46084 46179 46220 46308 46490 46653 46670 46695 46744 46761 46997 47030 47088
language 44408 44445 44449 44490 44508 44569 44575 44588 44659 44660 44670 44689 44691 44725 44791 44820 44869 44872 44919 45004 45031 45071 45101 45142 45195 45219 45230 45297 45299 45321 45334 45344 45350 45431 45446 45454 45481 45493 45502 45527 45564 45570 45578 45587 45599 45615 45668 45678 45743 45797 45821 45872 45898 45942 45946 45985 46000 46013 46022 46079 46111 46167 46175 46220 46230 46338 46359 46419 46465 46494 46505 46547 46550 46584 46599 46666 46680 46695 46712 46761 46775 46805 46809 46888 46907 46991 46997
ll 44408 44410 44516 44720 44746 44906 45072 45126 45208 45391 45505 45676 46013 46056 46085 46389 46459 46943 47097
left 44408 44449 44508 44509 44516 44557 44573 44612 44661 44691 44720 44723 44725 44771 44814 44872 44884 44890 45073 45079 45101 45126 45193 45267 45346 45350 45411 45443 45470 45481 45526 45527 45547 45560 45566 45570 45613 45621 45642 45676 45678 45720 45810 45839 45872 45964 46056 46060 46079 46120 46147 46230 46296 46306 46335 46336 46442 46459 46476 46505 46601 46626 46665 46695 46737 46749 46756 46761 46779 46980 46983 47065
looked 44408 44635 44929 45018 45267 45287 45295 45454 45481 45872 45901 46111 46126 46198 46695 46749 47051 47075 47130
lookahead 44408
lr 44408 44557
levels 44409 44410 44413 44442 44466 44490 44503 44519 44522 44523 44563 44583 44588 44590 44610 44633 44725 44797 44822 44834 44847 44971 45021 45047 45056 45066 45149 45170 45174 45181 45267 45281 45301 45311 45404 45407 45417 45421 45481 45493 45554 45588 45659 45676 45678 45733 45736 45771 45805 45836 45864 45874 45877 45936 45941 45943 45998 46008 46015 46021 46054 46060 46079 46122 46124 46129 46132 46157 46220 46308 46322 46330 46357 46427 46430 46438 46466 46468 46490 46518 46542 46551 46555 46637 46649 46674 46690 46695 46729 46734 46756 46761 46762 46773 46800 46890 46892 47018 47065 47110 47145 47146
lawyer 44410 44488 44808 45295 45560 46225 46695
lack 44410 44657 45076 45131 45454 45481 45581 45599 45613 45676 45903 45964 46220 46490 46518 46653 46695 46894
london 44410 44484 44566 44601 44698 44717 44723 44895 44919 45015 45079 45239 45293 45339 45365 45378 45481 45485 45521 45785 46112 46127 46695 46763 46937 46997 47028 47079 47128
legal 44410 44573 44575 44624 44810 44872 45031 45076 45098 45101 45193 45262 45334 45350 45560 45668 45919 45966 46496 46533 46695 46740 46761 46886 46907 46918 46919 47045
law 44410 44414 44440 44445 44488 44657 45072 45076 45193 45334 45481 45560 45641 45659 45676 45763 45995 46220 46518 46695 46756 46761 46918 46919 47063 47064 47115
lighter 44410 45481 46695 47018
lawyers 44410 44508 44575 45560 45676 46695
launched 44410 44991 45242 45350 45481 45676 46314 46399 46520 46626 47088
leisink 44411
low 44413 44423 44446 44503 44556 44557 44562 44624 44670 44691 44695 44725 44744 44866 44869 45047 45056 45079 45098 45106 45177 45262 45287 45301 45334 45419 45434 45453 45462 45481 45523 45527 45584 45603 45676 45678 45699 45771 45827 45877 45941 45943 45966 45994 46021 46022 46107 46122 46125 46132 46160 46214 46220 46245 46308 46321 46403 46409 46427 46438 46450 46467 46542 46551 46569 46615 46690 46695 46729 46749 46756 46757 46840 46870 46872 46886 46911 47008 47018 47040 47091 47119 47124 47130 47151
launches 44414 45659 45872
legislation 44414 45481 46918
lisa 44414 44602 44698 45327 45378 45481 45564 45849 46649 47093
launch 44414 44509 45118 45350 45481 45493 45676 46336 46397 46399 46442 46916
logistics 44414 45377 45843 46531 46907 46991
light 44414 44476 44508 44527 44557 44872 45043 45118 45157 45434 45445 45481 45570 45720 45782 45923 46060 46108 46288 46324 46397 46426 46463 46618 46695 46773 46802 46997 47063
lec 44414
l1 44416 44677 44797 44826 44840 44866 44941 45218 45285 45379 45436 45455 45518 45646 45688 45728 45750 45846 46170 46257 46273 46401 46409 46586 46952 47040 47067
l2 44416 44677 44797 44826 44840 44941 45218 45285 45379 45436 45455 45518 45646 45688 45728 45750 45846 46170 46257 46273 46401 46586 46952 47067
l 44416 44460 44466 44490 44537 44556 44557 44563 44591 44610 44612 44633 44634 44677 44685 44727 44791 44815 44822 44826 44839 44840 44866 44884 44941 45021 45035 45072 45098 45133 45149 45153 45218 45249 45285 45327 45365 45378 45379 45394 45404 45436 45447 45453 45455 45481 45518 45554 45607 45646 45662 45688 45728 45750 45846 45908 46112 46117 46129 46167 46170 46244 46257 46275 46308 46321 46339 46344 46357 46383 46401 46447 46496 46555 46586 46695 46721 46749 46761 46763 46779 46823 46937 46952 47067 47079 47151
ls100 44421 44533 44541 44646 46541 46741
liu 44423 44657 44828 44866 45390 45500 45659 45797 45901 45908 45953 46220 46223 46496 46791 47029 47053 47085
louisiana 44423 44866 45287 46439
layer 44423 44616 44691 44975 45167 45287 45481 45870 46021 46079 46175 46308 46496 46695 46796 47016
locations 44423 44491 44542 44657 44734 44790 44839 45157 45593 45872 45941 45964 45994 46442 46712 46726 46838 46881 46919 47040 47051
lists 44423 44449 44490 44508 44531 44539 44557 44573 44578 44588 44626 44628 44635 44640 44670 44757 44797 44815 44846 44858 44922 45018 45072 45076 45098 45101 45126 45219 45267 45297 45377 45481 45529 45547 45613 45676 45720 45797 45895 45915 46024 46060 46079 46159 46167 46323 46338 46344 46505 46574 46599 46649 46726 46761 46840 46856 46899 46907 46919 46953 46997 47075 47100 47151
lueker 44426 45447 45554 46409 46765 46953 47085
listings 44427 44508 45165 45481 45636 45994 47051
ls25 44429 44495 44620 44631 44798 44942 45337 45384 45598 45665 45675 45704 45787 46537 46553 46687 46707 46799 46986 47004 47024 47093
lights 44434 44798 45481 45573 45991 45993 46487 46695 46707
listing 44435 44453 44508 44556 44561 44581 44588 44601 44608 44614 44624 44634 44656 44676 44689 44698 44717 44725 44757 44869 44917 44988 45030 45073 45076 45111 45222 45239 45262 45293 45306 45327 45334 45365 45378 45409 45481 45485 45491 45547 45584 45607 45613 45636 45662 45678 45698 45760 45785 45798 45812 45889 45937 45966 45998 46022 46024 46030 46033 46086 46094 46107 46112 46127 46221 46292 46312 46337 46351 46353 46383 46404 46431 46457 46669 46756 46763 46780 46840 46864 46886 46899 46926 46937 46997 47028 47040 47061 47079 47128 47141
leveraging 44435 44628 44716 45131 45505 45570 46314 46335 46352 46459
legislature 44436
los 44436 44561 44609 44691 44725 44791 45081 45327 45481 45607 45662 45708 45779 45785 45812 46107 46137 46220 46383 46404 46442 46744 46926 47040 47061
lobbyist 44436
localsearch 44437 44591
license 44438 44444 44508 44509 44555 44616 44645 44649 44651 44662 44749 44839 45048 45118 45153 45157 45232 45269 45307 45319 45344 45346 45350 45441 45670 45714 45749 45817 45872 45941 45983 46041 46110 46139 46152 46172 46273 46365 46397 46405 46512 46550 46588 46695 46771 46802 46832 46855 47042
liop 44438 44444 44555 44616 44645 44649 44651 44662 44749 45048 45153 45157 45232 45307 45319 45441 45749 45817 45941 45983 46041 46139 46152 46172 46273 46365 46405 46512 46550 46588 46771 46832 47042
langsam 44439 44488 44711 44723 44726 44757 44808 44904 45023 45168 45295 45695 45842 46479 47106
layed 44439 45168 46172
lived 44440 44508 44557 44711 44723 44757 44764 44808 45023 45295 45695 45842 46695 47106
labiva 44440
labowa 44440 46885
leiber 44440
leah 44440 44676 44723 44808 44917 45023 45239 45295 45327 45365 45378 45670 45785 46090 46112 46383 46937 47063 47079 47141
lipschutz 44440 44561 45306 45760 46086 46221 46312 46431 46937
leib 44440 44561 44601 44608 44634 44698 44717 44723 44904 44917 45023 45111 45239 45306 45378 45419 45670 45698 45785 45798 46090 46112 46127 46221 46312 46404 46431 46763 46780 46864 46926 46937 47028 47128 47141
lancut 44440 46864 47028
loose 44440 45481 45519 46695
luzer 44440 44723 46090 46221
leiser 44440 44717 45670 46312 47061 47079 47141
lytchu 44440
lives 44440 44479 44488 44704 45006 45031 45058 45297 45334 45422 45505 45566 45621 45676 45844 45872 45915 46050 46066 46085 46369 46442 46534 46649 46695 46841 46907
leibel 44440 44453 44561 44608 44634 44698 45030 45111 45293 45306 45365 45485 45491 45670 45698 45785 45812 46112 46127 46221 46383 46404 46431 46780 46926 46937 47061
learned 44445 44516 44644 44651 44684 44720 44868 44872 44951 44952 45012 45101 45142 45163 45334 45350 45411 45454 45481 45527 45529 45533 45599 45613 45659 45743 45964 46013 46056 46079 46220 46308 46389 46459 46494 46695 46943
lipton 44445
living 44445 44488 44508 44723 44757 44808 44904 45168 45295 45431 45453 45481 45520 45621 45659 45825 45842 45844 46031 46399 46587 46695 46756 46794 46995 47045 47063 47087 47090
leave 44445 44449 44516 44670 44922 45101 45267 45271 45334 45350 45527 45564 45567 45599 45659 45676 45678 45720 45743 45964 45998 46031 46050 46079 46494 46649 46695 46721 46848 46907 46991
laws 44445 44640 44906 45334 45350 45446 45481 45995 46220 46653 46695 46761 46919
list—one 44449
€100 44449
len 44449 45098 45350 46079 46104 46167 46761
length 44449 44476 44582 44612 44628 44644 44663 44670 44691 44815 45063 45072 45079 45098 45165 45221 45250 45284 45350 45443 45453 45481 45547 45642 45720 46046 46107 46165 46226 46282 46308 46344 46409 46463 46695 46737 46744 46756 46761 46825 46907 46975 46997 47040 47130
load 44449 44502 44588 44591 44670 44778 44791 44846 44912 44922 44975 45133 45195 45196 45326 45334 45417 45481 45562 46079 46271 46322 46336 46356 46490 46670 46695 46793 46919
lines 44449 44476 44539 44542 44556 44588 44624 44691 44746 44869 44916 44922 45079 45118 45230 45245 45262 45284 45334 45350 45392 45408 45481 45526 45527 45642 45649 45694 45720 45743 45754 45839 45864 45872 45915 45942 45966 45994 45998 46000 46022 46079 46220 46336 46397 46399 46414 46446 46494 46529 46575 46599 46649 46666 46667 46695 46737 46761 46840 46841 46886 46907 46997 47018 47040 47063 47083 47088 47095 47151
latest 44449 44490 44508 44588 44839 44885 44991 45118 45230 45321 45392 45481 45493 45593 45659 45676 45720 45901 46000 46031 46050 46321 46336 46365 46397 46505 46568 46649 46666 46695 46855 46877 46918 46958 46980
lepe 44449
leichter 44453 45419
leuchter 44453 45785
lieba 44453 44561 44717 44988 45168 45365 45670 45698 45760 45812 46112 46221 46864 46926
lobel 44453 44698 44988 45327 45607 46112 46780 46937 47028
lazar 44453 44561 44601 44608 44634 44723 45222 45239 45306 45378 45670 45698 45760 45785 45798 46086 46090 46112 46127 46221 46312 46353 46669 46937 47028 47061 47079 47128
laja 44453 44561 44608 44634 44717 45378 45698 45760 45785 45798 45812 46112 46127 46312 46353 46780 46926 47028 47061 47079 47128
lewek 44453 44698 44988 45365 45670 45812 46127 46312 46431 46926 47141
laia 44453 44988 45306 45491 45662 46112 46926 46937 47141
libraries 44457 44490 44556 44632 44710 44746 44912 44922 45004 45072 45076 45142 45230 45392 45481 45872 45901 45915 45964 45985 46000 46019 46147 46191 46336 46399 46423 46612 46666 46768 46775 47018
linial 44459
log 44459 44490 44516 44582 44612 44616 44618 44624 44632 44664 44815 44834 44869 45079 45101 45165 45195 45262 45267 45287 45309 45375 45443 45481 45526 45584 45599 45694 45720 45743 45769 45810 45966 46022 46034 46107 46126 46336 46344 46409 46436 46601 46649 46695 46712 46761 46786 46825 46840 46886 46907 46997 47040 47051 47053 47095
leonardi 44459 45212 45663
leaders 44466 44810 44822 45071 45149 45404 45505 45554 45593 45676 45844 46129 46306 46357 46547 46767 46791 47150
logan 44467 44874 45373 45918 46496 46671
li 44471 44723 44784 44791 44797 44868 44912 44955 45079 45345 45392 45481 45554 45797 45908 46223 46496 46521 46596 46953 47040 47085
location 44471 44509 44544 44556 44573 44588 44644 44657 44670 44723 44725 44809 44820 44866 45012 45024 45031 45052 45350 45377 45472 45481 45564 45599 45678 45700 45736 45743 45797 45803 45830 45872 45901 45941 45964 46079 46107 46126 46162 46242 46308 46322 46490 46531 46574 46649 46712 46740 46756 46805 46919 46928 46953 46991 46997 47090
languages 44471 44490 44588 44624 44659 44725 44746 44791 44822 44931 45004 45031 45072 45133 45142 45165 45262 45334 45350 45481 45493 45502 45527 45554 45578 45599 45743 45797 45865 46005 46055 46079 46084 46108 46220 46230 46359 46397 46439 46505 46649 46658 46695 46761 46840 46999 47040 47045 47098
largest 44476 44684 45163 45287 45316 45424 45443 45526 45642 45659 45676 46028 46220 46234 46308 46695 46791 46847 46997 47009 47040 47080 47092
loops 44476 44670 45350 46079 46344 46599 46626 46899 46991 46997
linked 44476 44490 44491 44509 44539 44578 44581 44588 44670 44746 44829 44890 44916 45072 45101 45118 45142 45185 45267 45321 45454 45481 45529 45668 45670 45720 45810 45821 45908 45915 45937 46030 46094 46292 46336 46344 46351 46399 46599 46853 46918 46961 46997
leaving 44476 44509 44578 45118 45334 45481 45676 45891 45964 46079 46271 46296 46397 46649 46667 46695 46907 46919 46997
leys 44476 46997
laboratory 44479 44508 44704 44725 44866 44908 44955 45004 45351 45430 45431 45481 45676 45821 45900 45998 46084 46220 46225 46321 47018 47045
lots 44479 44557 44670 44846 44872 44912 45072 45098 45101 45142 45334 45350 45454 45481 45527 45547 45599 45613 45743 46008 46321 46338 46442 46649 46695 46750 46761 46840 46943 46983 46997
labs 44479 44516 44549 44720 44838 44955 45004 45006 45071 45123 45334 45430 45481 45566 45615 45676 45699 45844 45915 45924 45926 45934 45938 45964 46056 46242 46336 46360 46366 46557 46606 46712 46738 46811 46840 46907 46997 47009 47018
ls50 44482 44527 44842 44878 44926 45266 45511 45932 45951 46294 46593 46989 47052
likewise 44485 44700 45025 45101 45334 45527 45547 45699 46220 46308 46320 46490 46695 46761 47018
likelihood 44485 44528 44866 45031 45908 46242 46308 46335 47053
linkage 44485 44828 46439 46997 47053 47063
logical 44485 44550 44588 44725 44872 44975 45334 45350 45481 45574 45589 45659 45678 45843 45938 46079 46220 46225 46419 46695 46761 46888 46997 47018 47151
lmcs 44485
liquor 44488 46695
landscape 44488 44588 44762 45265 45891 46150 46285 46695 46983 46997
locate 44490 44644 44872 44945 45334 45481 45493 45599 45676 45743 46626 46653 46841
literature 44490 44657 44746 45094 45344 45454 45481 45919 45985 46117 46225 46308 46529 46649 46659 46775 46907 46997
located 44490 44508 44644 44723 44725 44839 44904 45031 45193 45334 45453 45621 45678 45779 45796 45847 45926 46308 46365 46463 46490 46505 46518 46794 46824 46918 46919 46983
lesson 44490 44578 45334 45481 45865 45934 46242 46695 46997
limited 44490 44516 44556 44573 44644 44670 44725 45031 45052 45131 45161 45284 45334 45344 45350 45392 45481 45527 45583 45599 45638 45642 45678 45720 45736 45803 45840 45985 45998 46031 46120 46220 46225 46308 46419 46505 46605 46619 46649 46695 46768 46856 46918 46919 46928 47063 47090
lement 44490
limitless 44490 45411 45998 46626
lets 44490 44556 45031 45072 45101 45350 45424 45481 45599 45743 45964 46060 46649 46991
lum 44498 45053 45922 46931
lighthouse 44499 44518 44519 46102 46424 47086
lens 44499 44631 44864 44871 44887 45069 45289 45445 45487 45509 45524 45560 45676 45739 45800 45837 45872 46093 46142 46299 46317 46445 46471 46582 46598 46821 46953 46954 46997 47037 47043 47048
linux 44506 44539 44839 45004 45118 45230 45334 45714 45720 46000 46336 46397 46576 46666 46768 46997 47009
leather 44508 46695
legends 44508 45676
latter 44508 44532 44670 45031 45157 45334 45350 45481 45564 45599 45642 45720 45736 45743 45941 46111 46397 46409 46649 46695 46701 46761 46991 47090
loss 44508 44651 44866 45163 45205 45481 45908 46172 46440 46695 46726 46918 46919
lore 44508
lettering 44508 46267
legend 44508 45334 45481 45694 45832 46695
land 44508 44557 44784 45023 45249 45316 45481 45676 46389 46695 46997
lands 44508 46825 46997
lasting 44508 44903 46695
landowners 44508
lutheran 44508
lasted 44508
leader 44508 44975 45481 45505 45570 45659 45901 46134 46321 46520 46695 47088
lively 44508 45481 45968 46695
lingua 44508
luxenberg 44508
looks 44508 44539 44578 44588 44624 44628 44670 44685 45072 45142 45173 45262 45334 45339 45350 45481 45526 45527 45613 45720 45872 45891 45941 46015 46079 46167 46220 46335 46389 46397 46490 46649 46695 46749 46756 46761 46829 46907 46997 47045
lea 44508 44561 44601 44608 44634 44656 44676 44698 44988 45023 45030 45111 45293 45306 45327 45365 45378 45409 45419 45485 45662 45670 45698 45760 45785 45798 45812 46086 46112 46127 46221 46312 46337 46431 46763 46780 46864 46937 47028 47061 47141
lithurgical 44508
labor 44508 44772 44817 46048 46085 46182 46324 47070
lithuania 44508
luksemburg 44508
leaflets 44508
liberated 44508 44723
lacunae 44508
literackie 44508
levine 44508 45230 45918 46000 46112 46666 46763
\python37 44509
\windows 44509
\windows\system32\wbem 44509
\program 44509 45118 46397
\python37\scripts 44509
\python36 44509
likeliest 44509
lastly 44509 44557 45390 46308
lynch 44510 44975 45443 45918
listens 44511 45584 46336 46695
logged 44516 45481 45720 45964
lan 44516 45481 46108 46160 46490
logging 44516 44975 45230 45493 46336 46626
logo 44516 45118 45133 45369 45481 45593 45889 46121 46397 46481 46888 46997
label 44516 44542 44574 44651 44846 45245 45481 45547 45599 45743 45908 46649 46933 47055
logs 44516 45195 45309 45872 46695 46712 46761
leaves 44516 44544 44670 44691 44759 44797 44880 45031 45079 45101 45209 45321 45481 45609 45720 46013 46336 46344 46462 46558 46695 46938 46980 46997 47063
\21workspace 44516
loaded 44516 44588 44890 45185 45481 46019 46079 46220 46423 46939
lab0 44516
layout 44516 44544 44573 44588 44670 44691 45157 45163 45481 45584 45642 45720 45872 45964 46060 46374 46450 46505 47040
lit 44516 44862 46695 46997
\delta 44532
\delta\ge 44532
\delta\le 44532
lozzo 44532 45079 46107 46981 47085
lotus 44534 44725 45560 45678 46394 46649 46854
longdave 44534
lauren 44534 45365 45405 46383
lincoln 44536 45842 46112 47115
legion 44536
lattice 44539 44578 44691 44696 44866 44916 45079 45173 45481 45949 46184 46261 46308 46409 46695 46997 47040
lagarias 44539 46997
lisonek 44539 44578 46997
leibniz 44542 45079 46107
lipics 44542 45079 46107
lengths 44544 44612 44691 44730 45079 45163 45205 45350 45526 46344 46409 46447 46756 46761 46997 47040
lubiw 44544 44578 44691 45079 45773 46997 47072 47085
lang 44544 44644 45176 45327 45797 45918 46997 47040 47085
logicalvariable 44550
logicalvariableextends 44550
lie 44556 44759 45367 45481 46414 46575 46695 46997
luckily 44556 45659 46695
luovre 44556
lacks 44556 44573 45004 45798 46907 47018
laptops 44556 44948 46399 46768
louvre 44556
ltd 44556 44746 45481
lycos 44556 44644 45302 46841
le 44556 44774 45431 45481 45908 45918 46242 46997
\ 44557 44612 44651 44670 44866 44912 45101 45157 45350 45441 45481 45547 45697 45714 45925 46110 46220 46530 46665 46761
lies 44557 44684 45334 45350 45481 45499 45526 45998 46308 46695 46841 46947
lucky 44557 45334 45359 45526 46111 46350 46375 46695
leontief 44557
linking 44557 44783 44852 45230 45282 45481 45840 46000 46649 46666 46953 46997
lw 44557
limits 44560 44614 44763 44886 45142 45334 45427 45492 45699 45998 46271 46572 46695 46756 46765 46766 46768 46778 46918 47018
laks 44561 44808 46221
lei 44561 44880 45078 45409 45500 45670 46183 46223 46431 46496 46596 46720 46816
leja 44561 45030 46086 46937
lauer 44561 44711 46112
lipnik 44561 44698 44988 46221
ludwig 44561 44698 46997
lustgarten 44561 45293 45698
leyb 44561 46112
leya 44561
landau 44561 44656 45306 45365 45419 45670 45785 45798 46086 46112 47028
lednitzer 44561
luftig 44561
langrock 44561
londner 44561
lasar 44561
lewi 44561 44608 44988 45419
lezer 44561 44634
lejzer 44561
leizer 44561 44608 45239 45306 45327 45607 46112 46937 47028
leonora 44561 44717 45111 45365 45798 45812 46763
lorraine 44561 45365
lawrence 44561 44698 44866 45111 45327 45785 45918 46112 46220 46389 46404
liebe 44561 44717 44988 45030 45327 45365 45419 45662 45670 45698 45798 45812 46112 46431 46864 46926 46937
lednicer 44561 45607 45670 45785
lia 44561
lucja 44561 45798
lamensdorf 44561 44717
lustbader 44561 45419
lajb 44561
lobel+barbara 44561
lipner 44561
lebel 44561 44717 45239 45365 45491 45670 45698 45760 46383 46780 46937
lebl 44561 45030 45670
laibel 44561
lacka 44561
langlebner 44561
langmass 44561
ls75 44566 47043
lectureindex 44567 46465
lyrics 44568 45481
lifewe 44568
liable 44568 44605 44769 44813 45392 46695 46918
lifetime 44573 44670 44723 44734 44903 45031 45334 45350 45659 46031 46230 46459 46465 46695 46761 46950
laid 44573 44670 45481 45570 46322 46695 46918 47063
lvalue 44573
loosely 44573 45481 46505 46695 46793
lead 44573 44602 44955 45004 45031 45063 45073 45126 45215 45321 45350 45481 45547 45551 45584 45599 45623 45659 45676 45743 45994 45998 46016 46109 46110 46121 46220 46225 46242 46249 46271 46308 46349 46490 46494 46533 46653 46695 46761 46968 46997 47051 47088 47091
lrm 44574 47119
latches 44574 44778
logitech 44575
laser 44575 45004 45481 46768 46997
lain 44575 46695
loday 44578 46997
links2go 44578 46997
louis 44578 44711 45165 45327 45365 45378 45607 45785 45984 46112 46117 46226 46383 46404 46669 46937 46975 46997 47061 47079
les 44578 45783 45840 46997
lunatic's 44578 46997
lama 44578 46997
labeling 44578 45079 45133 45481 45641 46649 46997
locke 44578 46997
layers 44578 45287 45500 45864 46033 46308 46953 46997 47016
laplace 44584 45941 46031
lindley 44584
licenses 44584 45346
lassila 44588 44725 45678 45734
locking 44588 44670 44725 44791 44852 45130 45230 45678 45734 46253 46531 46649 46695 46919 46991 46997
loads 44588 44670 44746 46079
lexicological 44588
lock 44588 44654 44670 44725 45041 45073 45317 45481 45564 45678 45684 45723 45832 45930 45968 46513 46531 46649 46679 46695 46768 46991
letting 44588 45142 45417 45481 45584 45942 46695
lengthier 44588
loading 44588 44670 44689 44725 45230 45267 45282 45472 45678 46000 46079 46230 46336 46666 46695 47088
lbpopup 44591
lhsrelattr 44591
localityscroll 44591
leaderboard 44605
limanowa 44608 44717
leopold 44608 45293 45306 45378
lederberger 44608 45670
lewkowicz 44608 45485 45812
lossless 44610 46096 46925 47151
lt 44610 46695
loop 44612 44628 44670 44872 45031 45063 45072 45079 45101 45267 45350 45481 45547 45599 45655 45743 45933 46037 46079 46191 46308 46321 46323 46344 46352 46439 46446 46667 46761 46997 47053 47119
logarithmic 44612 44691 44873 45079 45165 45267 45448 45925 46107 46409 46447 46575 46825 46888 46997
loffler 44614 45785 46431 46953
|x 44616
legitimate 44624 44869 45262 45267 45966 46022 46058 46335 46695 46886 46918 46919 47018
liberty 44624 45262 47141
ledeen 44624 45262
lewis 44624 44634 44698 44746 45262 45481 45918 46937 47128
liberties 44628 45076 45720
lak 44634 45670 46112
lowenfeld 44634
lajwa 44634
leipzig 44634 45607 45698 47028
liebgold 44634 46926
liebler 44634
laiser 44634 46312
lillie 44634
lncs 44640 44866 46856 46953
leavitt 44644 46841
lukewarm 44644
locally 44644 44691 44791 44846 45079 45441 45481 45527 45678 45994 46107 46322 46409 46671 46752 46950 47022 47040
lo 44644 45676 46117
learner 44644 44660 45012 45676 46636
learners 44644 44660 44974 45481 45998 46997
lashkari 44644
liked 44644 44912 45007 45339 45481 45621 46013 46695
lightweight 44645 44791 45392 45821 46074 46249
limiting 44645 45339 45642 46490 46918 47040
\bx 44651 45157
\in 44651 45157
\real^d 44651
\bx\ 44651 45157 45441
\langle 44651
\bw 44651
\rangle\ 44651
\real^d\ 44651
\bw\ 44651
\dots 44651 45157 45441
labels 44651 44725 44769 44866 45481 46476 46588 46649 47119 47130
\bx\rangle 44651
\max\ 44651
\bx\rangle\ 44651
\|\bw\|^2\ 44651
\lambda\ 44651
\begin 44651 45441 46110 46530
\boxed 44651
\displaystyle 44651
\frac 44651 45157
\lambda 44651
\left\| 44651
\right\|^2 44651
\label 44651
\end 44651 45441 46110 46530
\bw^ 44651
\rangle 44651
\bar 44651
\\ 44651 45350 45441 45714
\quad 44651
\bar\bx 44651
\bar\bw 44651
\|\bw\|^2 44651
\gg 44651
\phi 44651 45157
\bx\in\mathcal 44651
\quad\longrightarrow\quad 44651
\mathcal 44651
\psi 44651
ljubljana 44653 45904 46187 46341 46409 47040
ldap 44654 46008 46649
lipman 44656 45030 45419 45670 46864 46926 46937
lazar+doby 44656
lemel 44656 44717 45670 45812 46431
lieblich 44656
levirate 44656
layzer 44656
lans 44657 45481 45500
levente 44657
lioy 44657
lou 44657 44866 45161 45908 46404
lichun 44657
logarithm 44657 46308 46665
logistic 44660
lam=rep 44663
lam 44663 44866 45570 45920 46439 46601 47085
loader 44670 45230
legacy 44670 44725 44791 45462 45621 45678 46108 46172 46467 46919
locks 44670 44725 45246 45678 46513 46531 46649 46695 46991
lampson 44670
latitude 44670 46695 46756
layered 44670 44691 44765 44928 45238 45287 45344 45678 45908 46490 46796 46953 46997 47016
|d|a| 44670
|u|w|p| 44670
leibisch 44676 44723 46090 46457 47028
lochner 44676
loch 44676 45670
likelihoods 44684
laureate 44684 45316
localized 44689 44716 46322
linesman 44690
liotta 44691 45079 45773 46598 46953 47072 47085 47151
layouts 44691 45079 45238 46184 46374 46409 46953 46997
limerick 44691 44746 44918 45079 46796 46997
leaf 44691 44797 45101 45458 45547 46126 46273 46439 46695
linearly 44691 45165 45481 46126 46226 46409 46446 46975
löffler 44691 45079 46356 47040 47085
lombardi 44691 45079 45238 46953 47040
leveled 44691
landsberg 44698
ludwika 44698 45607 47028 47061
lwow 44698 45111 45239 45365 45662 45698 45760 45785 45812 46112 46926 47028 47141
lyons 44698 45918
leonard 44698 44723 44904 45698 45918 46090 46112 46383
lancashire 44698 45365 46763
leeds 44698 45481 46763
leser 44698 45306
lob 44698
lemberg 44698 44723 45698
lviv 44698
lederer 44698
lilli 44698
lane 44698 44723 45481 45918 46055 46695 46856 47085
larky 44698
linzenberg 44698
lincolnshire 44698
lenzie 44698
livingston 44698 45918 46117
lucas 44698 44791 44885 45481 45918 45939 46677
lilian 44698 46926
las 44698 44866 45133 45287 45293 45419 45662 45785 46117 46695 46744 47040
luise 44698
lesbos 44698
laura 44698 44723 45030 45327 45481 45785 45812 46375 46756 46859 46902 46926 46937 46983 46997
laure 44698
langston 44698
lucy 44698 45213 45365 45570 45785 46112 46337
leicester 44698
leicestershire 44698
liddell 44698
lucie 44698 46937
lainz 44698
laxou 44698
leon 44698 44717 44723 45111 45306 45327 45365 45607 45698 45785 45798 45812 45918 46090 46112 46212 46312 46337 46404 46431 47028 47061 47063
liselotte 44698
leeway 44700 45025 46320
logistical 44700 44868 46320 46907
luci 44704
lindsay 44707 44791 45174 45223 45481 45486 45601 45785 45918 46281 46284 46350 46859 46902
levi 44711 45419 46695 46763 46926
louser 44711
langsams 44711 45295
lds 44711 45770 45777 46876
lookups 44711 46660
ladislau 44711 46885
l15 44712
limps 44713 45557
leverage 44716 44810 45334 45864 45872 46050 46079
lodz 44717 45785 46926 47028
lusina 44717
lieberman 44717 45419 45570 45908
liebermann 44717 45306
lichtenzon 44717
lubelskie 44717
lieberfreund 44717
loewinger 44717
literal 44720 45012 45350 46056 46667 47018
losing 44720 44885 45481 45584 45699 45720 46056 46225 46695 47018
lvov 44723 45698
layah 44723 46090
lescha 44723 46090
lische 44723 46090
leiba 44723 45695 45785 46090
leibish 44723
luzer6 44723
lassar 44723
leah6 44723
locked 44725 45481 45678 45865 46089 46242 46399 46531 46649 46679 46695 46738 46991
laurie 44725 45378 45560 46669 46671
locators 44725 45678 46505
lesko 44726 44904 45812
lagoon 44728 46049
lavernia 44734 46109 46314
livestreaming 44734
lunar 44746 45208
lander 44746 45208 45908 47053
lopes 44746 44890 45346 45424 45477 45554 45676 45835 45871 46013 46496 46619
linstead 44746
luotonen 44746
leblang 44746
liquid 44746 44791 45458 45481 45547 46695 46997
lamping 44746
loingtier 44746
lowered 44746 45219 45865 46242 46695 47103
levorato 44753 45554 46120 46249 46366
lte 44753
leo 44764 45327 45481 46312 47061
left6735071 44776
left6803514 44776
left7052990 44776
left6993204 44776
left6935651 44776
left8110959 44776
left7920427 44776
left7461976 44776
left7530140 44776
left7310272 44776
left7466716 44776
left7907565 44776
left7182591 44776
loopybp 44777
latch 44778 46695
labeled 44778 44912 45334 45481 46058 46308 46775 47040
linker 44783 44922 45714
literacy 44784 45071 45346 46399 46488 46756
losses 44784 45481 46695
livny 44791 46496
lu 44791 45078 45346 45908 46117 46997
lehman 44791
lapis 44791
luniewski 44791
lausanne 44791 45133
linden 44791
lychagin 44791
lefevre 44791
lg 44791 45481 45900
lohman 44791
lowell 44791 46356 47085
luo 44791 44975 46117 46953
lochovsky 44791
ladin 44791
ling 44791 45797 45908 46306
lsm 44791
μdroid 44792
l3 44797
levy 44808 45250 45481 45918 46112 46383 46763 46997
linda 44808 45378 46404 46763
lena 44808 45785 46112
lifted 44809 44866 44969 46695
learningbiomedical 44822 45554
laboratoryresearch 44822 45554
lauritzen 44829 44914 45910 46853
lise 44829 44866 46853
lumiere 44829 45910 46853
logfilename 44832
logger 44832
lawsuit 44846 45193
lorca 44864
leiden 44864 46299
leen 44866
ller 44866
lkopf 44866
l\ 44866
loopy 44866 46323 47053
latent 44866 45908 46695
lin09 44866
lin 44866 45131 45901 45908 46117 46213 46626
lafferty 44866 45250
liu10 44866
liu10b 44866
liu11c 44866
lauderdale 44866 45327 46926 47151
liu11d 44866
liu11e 44866
lars 44866 44998 46496 46793 47085
liu12a 44866
langford 44866 46961
liu12b 44866
lazebnik 44866
liu13b 44866
lakatos 44866 45908
liu15a 44866
liu15b 44866
luxburg 44866
lopez 44866 45918 46862
lessons 44868 45334 45427 45481 45676 45934 45964 46220 46653 46878 46983 46997 47029
liberal 44872 46321 46756
literals 44872 45012 45098 45110 45334 45350 45599
|| 44872 45101 45195 45481
larsen 44885 44890 45783 45918 46117 46997
liebchen 44885
ladyfest 44887 45445
lest 44903 45427 46695
liska 44904
linz 44904
lesley 44907
liang 44908
über 44916 45659
ls 44922 45481 45642
\cygwin\home\yourname\ics46projects\trivialtest 44922
lengthened 44922 46695
\cygwin\home\yourname\ics46projects 44922
\cygwin64\bin 44922
lf 44922 45481 46695
lip 44923 45156 46695
lion 44935 45118 45378 45419 45893 45970 46397 46683 46695 46830
link32 44936 44972
lloyd 44953 45481 45901 45918 46383
lamport 44975
limitation 44975 45031 45253 45334 45350 45392 45642 46336 46695 47063
linkedin 44975 46366
laden 44975 46695
lenkz 44975
lewit 44988
lowy 44988 45698
langer 44988 45419
lowi 44988 45419
leybel 44988 45030 45378 45607 46112 46127 46337 46431 46864 47028
lgbtq 44991
livestream 44991
league 44991 45219 45560 45676 46534 46653
lately 45004 45481 46695
lynxos 45004
laps 45007
lexical 45012 46899
loan 45012 45250 46695
lokshtanov 45022 47085
lippe 45023
leiblich 45023
ld 45024 45481
lau 45025
laua3 45025
leagues 45029
leia 45030 46337 46383
lipmann 45030 45698
lefler 45030 46926
lifetimes 45031 45481
logics 45039
littman 45039
lambda 45065 45098 45130 45424 45493 45613 46761 46840
linguistic 45071 45334
ln 45072 46321 46665 46997
lectuer 45072
ll==none 45072
leftover 45072 45079
lexus 45076
lett 45079 46601 47040 47051
lattices 45079 45173 45668 45949 46184 46409 46740 46997
labelings 45079 47040
lazard 45079 47040 47085
latin 45079 45454 45481 46997 47072 47151
lübbenau 45079
laminar 45079
lime 45087 46067 46168 46179 46432 47013
lindsey 45091 45215 45627 45918 46044 46348 46538
lap 45096 46695
log4 45101
lowercase 45101 45201 45350 46550 46667
|a 45101
|n 45101
|t 45101
\h 45101 45481
|e 45101
|m 45101
|r 45101
linkedset 45101
laje 45111 45378 45662 45670 46221 46926
lipel 45111
lora 45111
liliana 45111 46337
lipe 45111 46431 46937
\eclipse 45118 46397
latte 45118 46397
louie 45130
lai 45133 45365 45378 45409 45607 45798 45812 46431 46864
levialdi 45133
leung 45133 46412 46739
lund 45133
laguna 45147 45316 45779 45785 45802
\sigma\ 45157
\sigma 45157 46282
\leq 45157
lexycogrpahical 45157
lexycographical 45157
|i 45157
\theta 45157
\cdot 45157
\theta\ 45157
\wedge\ 45157
\mathbf 45157
\|\mathbf 45157
\operatorname 45157
\left 45157
\times 45157
\phi\right 45157
legoland 45160 46614
ladies 45163 46695 46756
landed 45163 45481 46085 46695
lajon 45168
lodge 45168 46867
lillian 45168 45785 46404 46669 46926
lib 45185 45481 46019 46397
lxiii 45193
lawful 45193 45560 46695 46919
liability 45193
lawfulness 45193 46695
lord 45193 46695
log= 45195
logfile 45195
\n 45195 45350 46907
|tr 45195
lunarlanderassignment2 45208
launcher 45208 46321
lunarlander 45208
legitimacy 45219 46919
logically 45219 45481 45903
langbein 45222
leash 45225
linkers 45230 46000 46666
loaders 45230 46000 46666
lemberger 45239 46926
lieber 45239 45306 45365 45670 45785 46926
lambeth 45239 45365 47079
lydia 45244 46695
listen 45245 45481 46225 46296 46336 46399 46695
listener 45245 45872 46695
listeners 45245 46695
linecolor= 45245
linecolor 45245
\users\sandyirani\desktop\ics 45252 45671 45729 46069
lax 45261 45413 46763
lustig 45262 45378 45419 45481 45670 45798
log2n 45267 46126 46409
lady 45268 45481 46695 46756
linkbrowser 45269
location0 45280
location1 45280
location4 45280
location2 45280
location3 45280
looming 45284 46695
lasermen 45295
leah3 45295
l963 45295
laks9 45295
lori 45299 46534
lutter 45306
lazarus 45306
landerer 45306
laub 45306 46404
langerman 45306 46613
lina 45306
lizard 45311 45338 46863
lennon 45313 46377
laird 45321
luu 45321
lakes 45327
lester 45327 45918 46926
leinkram 45327 45378 45670 45785 46383 46926
luisa 45327
lazlo 45327
linnea 45327 45791 46227
lehmann 45327
lederman 45327
lynn 45327 45378 45551 45662 45676 45785 45918 46404 47061
lajbis 45327
lupton 45330 45870
langauge 45334 46096
labsand 45334
lill 45334
lesser 45334 45481 46695
landscapes 45334 46695 46997
laughed 45334 46695 46791
lenin 45334
levers 45334 46695
lavoisier 45334
lengthy 45334 45865 46242 46695
logjam 45334
lotus1 45334
lazy 45334 45481 45810
litter 45334
legaslature 45334
laundry 45334 45487 45509 45524 46582
loathing 45334
love 45334 45481 45872 45918 46013 46085 46459 46695 46756 46792 46943 46997 47085
lounge 45337 45891
landing 45339 46695 46862
layering 45344 47016
lucid 45344 47018
lafayette 45344
liters 45346
launching 45350 45659
lexicographical 45350
laying 45350 46695 46997
looping 45350 46695 46761
leprechauns 45359 46350 46375
lipin 45365
lewes 45365
libe 45365 45419 46112
lajzer 45365
louisa 45365 46383
lionel 45365 46763
lois 45365 45695 46404
liebthal 45365
lublin 45365 45570 45785 47028
lim 45367 45900
luis 45368 45576 45984 46532 46997 47057
lemler 45378 45670 45812
leontyna 45378
luzerne 45378
lackawanna 45378
leroy 45378 46997
lesselbaum 45378
lazar+maryi 45378
lauber 45378
lundenburg 45378
lacma 45380
littlemightyai 45383 46277
leveraged 45390 45895 46058 46078 46467 46778
lightning 45390 45481 46098 46631 46695
lb 45392
lbnode 45392
lty=2 45408 45694
latner 45409
livelink 45410
legible 45419 46695
lipse 45419
lampel 45419
lampfel 45419
landa 45419
landsmann 45419
lefkovic 45419
lefkowic 45419
lefkowitz 45419
leiblefkovic 45419
leibowic 45419
leiling 45419
leling 45419
lenz 45419
leufbahn 45419
licht 45419
lichtig 45419 45670 47028
lichtner 45419
liebman 45419
liebmann 45419
luchs 45419 45670
lukas 45419
luks 45419
libis 45419
lecturer 45424 45554 45676 46362 46695
liveness 45427
lifestyle 45430
lynx 45431
legs 45431 46695
lsp 45439
\geq 45441
\hat\phi 45441
\vdots 45441
\sign 45441
\sqrt 45441
|z| 45441
l^2\ 45441
\|\hat\phi 45441
lineup 45446 47088
luke 45446 45481
localidpart 45453
logp 45453
lok 45477
latino 45477
loral 45481
lying 45481 46308 46414 46695 46904
laughing 45481 46695
localhost 45481
lasts 45481
likes 45481 45599 45676 45678 45743 46649 46695 46991 46997
lilybank 45481
lso 45481
libretti 45481
lovely 45481 46695 46997
lurking 45481 45903 46997
lfcs 45481
liking 45481
laboratories 45481 45676 46220 46716
listening 45481 46695 46740
leffler 45481
lambert 45481 45526 45918 46220 46888 46997
l'esplanade 45481
laboratoire 45481
lonely 45481 46442 46695
\stergaard 45481
lindgren 45481
lobster 45481 45751
luth 45481
lulea 45481
leffe 45481
lp 45481 45933 46213
\c 45481
lupoff 45481
lobby 45481
ls9 45481
ladder 45481 46342 46695
lindahl 45481
lineto 45481
longword 45481
liberr 45481
laserprinters 45481
leuven 45481
laserprinter 45481
laserjet 45481
\times\times\qquad\top\gamma\alpha\omega\exists\qquad 45481
\odot\odot\atop\smile 45481
lampposts 45481
locus 45481 45994 46079 46220 46322 46997 47040 47051
locals 45481
litmaath 45481
|maarten 45481
|maart 45481
luck 45481 45720 46321 46494 46695 46943
libs 45481
lflags 45481
\tmp 45481
laing 45481
lisper 45481
lastest 45481
landon 45481
lancaster 45481 45918
la1 45481
larson 45481 45918
luc 45481
liuida 45481
linkoping 45481
\yster 45481
lampe 45481
lwv 45481
lhe 45481
laforgue 45481
lz 45481
lousy 45481
legit 45481
largly 45481
leisurely 45481
lift 45481 46695 46753
lucifer 45481 46695
lievaart 45481
laudes 45481
lessing 45481
|1 45481
|2 45481
|3 45481 45925
|4 45481
|5 45481 45925
locatemagnifiedview 45481
labeldisplaybox 45481
listmenu 45481
loadicon 45481
labellist 45481
loadicons 45481
label\under\move\expand\close 45481
laarbeeklaan 45481
looooong 45481
logotron 45481
lcsi 45481
lung 45481 45659 46111 46695
l' 45481
logitec 45481
longwords 45481
|= 45481
lilly 45481 45659 45676
larn 45481
lvl 45481
lakewood 45485 47063
lunchtime 45497 46996
looseness 45502 45578 46359
lichen 45520 46695 46966
lieven 45526
localize 45527
lightly 45529 46695 46761
labelled 45547 46079 46695
leftmost 45547
leaft 45547
lecturerresearch 45554
lbic 45554
lubomir 45554 46496
learningnetworks 45554
learningdatabases 45554
learningstatistics 45554
learningcomputer 45554
leg 45557 46695
laurenson 45560
litigation 45560
lippert 45564 46221
lecturers 45566
loa 45567
licklider 45570
ly 45570
lanjun 45570
lansen 45570
libaries 45581
locates 45599 45743 46626
legally 45599 45743 46918
litwin 45607
lapanow 45607
lezajsk 45607
leibusch 45607 46112
lilienbaum 45607
lobzower 45607
lavender 45609
lawn 45609
lacked 45613 46220 46308 46695
lamb 45621 45659 45918 46695
lifestyles 45621
lseek 45642
lance 45662 46695
leie 45662 46404 46780
lerner 45670 45698 46937
leblis 45670
lazarin 45670
liebeh 45670
leb 45670
leimel 45670
liepman 45670
lazer 45670 45785
luzar 45670
likier 45670
lowenstein 45670 45760 47061
lis 45670
loebel 45670
lieby 45670
landzucht 45670
lebzeltner 45670
lipski 45670
loksche 45670
lebron 45670
lewka 45670
liebeskind 45670
lensler 45670
lebwohl 45670
lieberl 45670
lobzow 45670
langwal 45670
lebler 45670
lindwank 45670
localization 45676 45941 46162 46249 46953
linguistics 45676 45942 46808
lettner 45676
luigi 45676
latoza 45676
lucrative 45676
laureates 45676 46518
luca 45676
longstanding 45676
lssn 45676
lovell 45676
lwd=2 45694
lty=c 45694
labels=c 45694
lpml 45694
lpml1 45694
lpml2 45694
lpml3 45694
lorie 45698
lutcza 45698
lipcia 45698
lososina 45698
luftglas 45698
ldflags= 45714
ldflags 45714
ld= 45714
ldflags='\ 45714
leaks 45720 46230 46953
lieu 45720
latex 45727 45736 46110 46802 47090
leslie 45732 46404 46997 47029 47089
lihue 45736
legitmate 45744 45942 46840
lobsters 45751
lustyg 45760
laskow 45760
lubinger 45760
luminescent 45762
ledge 45768
levitate 45782 46074
liou 45783
lenora 45785
lewn 45785
lobl 45785
luser+feigeriwke 45785
liebling 45785 46127
lamel 45785
lorrie 45785
loren 45785
layman 45785
lara 45785 45918 47066
leibowitz 45785 46112 46926
leserkiewicz 45798 47028
lemma 45810 45994 47040 47051
leona 45812 46112 46937
leiserson 45819 46339 46978
laude 45821
lifecycle 45829 46550 46679
longitudinally 45840 47089
liyan 45857
latency 45864 45998 46490 46496
lover 45872 46695
limewire 45872
lcd 45872
louder 45872
loudness 45872 46809
lenticular 45872
lenses 45872 46695 46997
liberate 45883
lui 45891
listserver 45895
lncp 45900
logomasini 45901
lineage 45908 47063
loveless 45908
lobe 45908
lstm 45908
lackford 45908
lipid 45908
lasso 45908
liver 45908
lm 45908
lohmueller 45908
ligands 45908
lj 45908
lateral 45908
lite 45910
lawson 45918
lowe 45918 45941
luna 45918
lowery 45918
leblanc 45918
leach 45918 46008 46649 46958
landry 45918 46997
lott 45918
langley 45918
|9 45925
lotteries 45934
laplacian 45941
linguists 45942
localities 45964
\45workspace 45964
lexington 45984 46744
liverpool 45984 46695 46763
lanka 45984
lief 46005 46695
lumps 46008 46649 46695
lifting 46013 46695 46904 46997
lakers 46050
lightbot 46060
|7 46079
\n'+69 46079
legb 46079
laboratorydegree 46084
loved 46085 46695 47150
librarian 46085
lola 46086 47061
lossy 46096
lamp 46108 46695 46698 46997 47004
lighting 46108 46695
leap 46108 46695
libdgx 46108
liaison 46109
licensed 46110 46802 46855
\needstexformat 46110 46802
latex2e 46110 46802
\providespackage 46110 46802
\requirepackage 46110 46802
\pgfkeys 46110 46802
\let\metropolis 46110
\setbeamerfont 46110
\packagewarning 46110
\newcommand 46110 46802
\metropolis 46110 46802
\useinnertheme 46110
\useoutertheme 46110
\usecolortheme 46110
\usefonttheme 46110
\atendpreamble 46110
\metroset 46110
\def\metropolis 46110
\plain 46110
\mreducelistspacing 46110
\vspace 46110
\processpgfoptions 46110
\endinput 46110 46802
lipeman 46112
louis+pauline 46112
leichtag 46112
libbie 46112
lewin 46112
laib 46112
lucette 46112
lagnado 46112
lossky 46112
luecke 46117
lv 46117
lyon 46117
learnability 46117
littlejohn 46117
üngör 46126 47085
lendel 46127
lipusz 46127
lmc 46160
lagrangian 46160
logit 46160
lightness 46192 46618 46695
lss 46220
loc 46220
lakhanpal 46220
loci 46220 46695 46997
lags 46220
longitudinal 46220 47089
loffelholz 46221
leski 46221
lempart 46221
leitner 46221
lippel 46221
legitimately 46253
lining 46267 46695
leeuwen 46275 46904
luxus 46280
\pi 46282
|\sigma| 46282
ligand 46308
louisville 46312
laurent 46321
lebesgue 46321
largish 46321
lhf 46321
|p 46321
ln2 46321
lettermen 46322
laughs 46322 46695
longed 46322 46695
locator 46322
lookout 46330
larrosa 46331
\g 46336
\q 46336
lila 46337 46926 46937
lily 46337 46383 46669 46695
loglog 46344
laugh 46350 46695
labarbara 46383
loris 46383
lima 46383
lembeck 46383
lexi 46383
lombadina 46389
\bin 46397
lovers 46399 46695
laboriously 46399
lyn 46404
lorain 46404
laurence 46404 46763
luxembourg 46409
lonchamps 46414
\gamma 46414
longchamps 46414
leibl 46431
lightest 46439 47051
linkages 46439 46997
landmark 46439
leaning 46442 46695
lab2 46446
logarithmtic 46446
lump 46490 46695
lessen 46494
lalit 46496
levis 46496
locales 46496
longo 46496
lothar 46496
longvarchar 46521
longvarbinary 46521
\pyg 46530
\pygzus 46530
leila 46534 46763
letterbomb 46535
leidel 46541
lined 46547
leakage 46596 46653
lum25 46598
lambdas 46599 46761 46899
locating 46599
log2 46599 46761 47051
logarithms 46599
libor 46601
loans 46619 46768
lapel 46637
lisadu 46649
leak 46649
leaking 46653
lightheartedly 46653
\lfoor 46655
\rfloor 46655
\ln 46655
\le 46655
\lceil 46655
\rceil 46655
lister 46657
labourel 46663
leibo 46669
lscharen 46677
laodicean 46695
lay 46695 46918 46997 47063
leggings 46695
lid 46695
lips 46695
lighted 46695
lustre 46695
leafless 46695
lent 46695
lineament 46695
leeward 46695
lowering 46695
lambing 46695
latterly 46695
lease 46695
lantern 46695
loosened 46695
labour 46695
loneliness 46695
logician 46695
lucina 46695
labours 46695
lingering 46695
loophole 46695
lank 46695
loud 46695 46721 46953
lineaments 46695
loosening 46695
lacing 46695
luminous 46695
learnt 46695
learn+ 46695
luxury 46695 46907
lambs 46695
licked 46695
listlessly 46695
labourers 46695
lessin 46695
loungers 46695
lodging 46695 46918
larynx 46695
leaping 46695
lustrous 46695
leapt 46695
lodged 46695
leastwise 46695
loving 46695
longpuddle 46695
leathern 46695
lids 46695
liddy 46695
liny 46695
laughter 46695 46791
long+ 46695
laban 46695
lamely 46695
lords 46695
lad 46695
landlord 46695
listened 46695
licking 46695
lodgings 46695
livery 46695
lumbering 46695
lithe 46695
lightens 46695
lady+ 46695
lidd 46695
leaden 46695
lanterns 46695
laterally 46695
loaf 46695
lames 46695
lifeless 46695
limbs 46695
lamenta+ 46695
lawyer's 46695
leer 46695
lashes 46695
ledger 46695
loveliness 46695
linger 46695
laurel 46695
lone 46695
larks 46695
looped 46695
lowness 46695
lessness 46695
loves 46695 46997
lances 46695
lover's 46695
loquacity 46695
levity 46695
lectured 46695
lapse 46695
livid 46695
locality 46695
lacking 46695
loitering 46695
leanest 46695
lofty 46695
lancet 46695
lanccolate 46695
lecturing 46695 46712 46878
luncheon 46695 46791
lopped 46695
lcaps 46695
lings 46695
leicesters 46695
likings 46695
linsey 46695
lame 46695
lustrously 46695
lateness 46695 47018
lyric 46695
loitered 46695
liliputian 46695
lied 46695
locomotive 46695
lured 46695
lousness 46695
lordly 46695
ladders 46695
lending 46695
luxuriant 46695
lapsed 46695
lymph 46695
laughable 46695
lessened 46695
lingered 46695
labyrinth 46695 46997
lairs 46695
labouring 46695
leafy 46695
lamps 46695
lamed 46695
lameness 46695
lammas 46695
l've 46695
liber+ 46695
lace 46695 46997
luxuriate 46695
limp 46695
lady's 46695
leaned 46695
leisure 46695 46740 46918
lurid 46695
lolling 46695
leathery 46695
likened 46695
lends 46695
languor 46695
lash 46695
luminosity 46695
leant 46695
lessens 46695
lucendo 46695
loudly 46695
leopard 46695
limber 46695
laurustinus 46695
likeness 46695
longingly 46695
loomed 46695
leveller 46695
landlady 46695
luxery 46695
lapsing 46695
lighten 46695
lone+ 46695
lier 46695
listless 46695
look+ 46695
lengthen 46695
longing 46695
lulled 46695
luminousness 46695
l'here 46695
liddy's 46695
lads 46695
leagued 46695
lilies 46695
leadwork 46695
laboured 46695
lampiights 46695
lulwind 46695
lothly 46695
likelier 46695
languidly 46695
lous 46695
lopping 46695
leopards 46695
lightening 46695
lurch 46695
leaps 46695
luxurious 46695
lowlands 46695
lammocken 46695
let's 46695
loosen 46695
ladies' 46695
lockets 46695
leased 46695
lahours 46695
licence 46695 46918
labe 46695
lfarrell 46716
latexmkrc 46725
lenght 46737
luxor 46744
lottery 46756
legalized 46756
lftspan 46756
leftarm 46756
leftfoot 46756
lefthand 46756
lofl 46761
lofl+ 46761
\d+ 46761
lewy 46763
lachs 46763
lottie 46763 47061
levenstein 46763
livestock 46778
laxitydist 46794
laxity 46794
\definecolor 46802
\setbeamercolor 46802
\usebeamercolor 46802
\processpgfpackageoptions 46802
\mode 46802
linearity 46825
longlegs 46841
lycosidae 46841
lycos' 46841
ley 46864
loewy 46864
lightsource 46888 46997
laan 46888 46997
laroche 46888 46997
listproject 46899
litra 46918
licensing 46918 46919
licences 46918
lawfully 46918
loopholes 46919
leib+jitta 46926
lifcze 46926
lebenbaum 46926
lipno 46926
layb 46926
loja 46926
landrum 46926
lemon 46933
lejbus 46937
lipa 46937
lubaczow 46937
lenkowicz 46937
lichtman 46937
lebenheim 46937
lotti 46937
locher 46937
laac 46953
lexicographic 46978 47040
landscaping 46983
lays 46991
luecking 46997
lifelike 46997
l'hexagone 46997
livio 46997
llc 46997 47088
lics 46997
labyrinths 46997
leaper 46997
lechner 46997
lego 46997
legos 46997
livecube 46997
loy's 46997
lipson 46997
l4n+2 46997
lisbeth 46997
lorente 46997
lashings 46997
longtin 46997
litchfield 46997
lubachevsky 46997
liam 46997
lunes 46997
lunules 46997
latticework 46997
lopatenko 46997
labelle 46997
leftwich 46997
leonardo 46997
lll 46997
lukow 47028
liora 47028
lopatiner 47028
lebisch 47028
lutters 47029
livingall 47045
lon 47053
lippman 47061
longly 47061
leni 47061
laveman 47063
\mathsf 47064
lumen 47066
lgi 47077
l'imag 47077
leonidas 47085
linksys 47088
literate 47112
landfall 47114
lowf1 47124
leider 47128
lipschytz 47141
lvo 47142
ligers 47143
lelewer 47151
levenshtein 47151
larmore 47151
lcs 47151
latin'16 47151
